2026-06-27 00:46:09.956 procs -----------memory---------- ---swap-- -----io---- -system-- ------cpu-----
2026-06-27 00:46:09.957 r  b   swpd   free   buff  cache   si   so    bi    bo   in   cs us sy id wa st
2026-06-27 00:46:09.958 7  0      0 3643548 179384 2159560    0    0     3     3   21   15  1  1 98  0  0
2026-06-27 00:46:10.959 0  0      0 3641544 179384 2159592    0    0     0     0 4927 8463  5  7 88  0  0
2026-06-27 00:46:11.960 0  0      0 3641304 179384 2159592    0    0     0     0 3255 5125  2  3 96  0  0
2026-06-27 00:46:12.961 0  0      0 3641304 179384 2159592    0    0     0     0 3216 4914  1  3 96  0  0
2026-06-27 00:46:13.961 0  0      0 3641304 179384 2159600    0    0     0     0 3293 4941  1  3 96  0  0
2026-06-27 00:46:14.962 0  0      0 3640816 179384 2159600    0    0     0    84 3810 6004  1  3 96  0  0
2026-06-27 00:46:15.963 0  0      0 3640816 179384 2159596    0    0     0     0 3076 4680  1  2 97  0  0
2026-06-27 00:46:16.964 0  0      0 3640816 179384 2159600    0    0     0     0 3136 4778  1  2 97  0  0
2026-06-27 00:46:17.965 0  0      0 3640816 179384 2159604    0    0     0     0 3513 5334  1  3 96  0  0
2026-06-27 00:46:18.965 0  0      0 3640816 179384 2159608    0    0     0     0 3769 5657  2  4 94  0  0
2026-06-27 00:46:19.964 1  0      0 3640592 179384 2159608    0    0     0    96 3817 5623  2  3 94  0  0
2026-06-27 00:46:20.967 0  0      0 3640592 179384 2159616    0    0     0     0 2799 4135  1  2 97  0  0
2026-06-27 00:46:21.968 0  0      0 3640592 179384 2159616    0    0     0     0 3749 5849  2  2 96  0  0
2026-06-27 00:46:22.969 0  0      0 3640340 179384 2159620    0    0     0     0 3146 4763  1  3 96  0  0
2026-06-27 00:46:23.971 0  0      0 3640340 179384 2159620    0    0     0     0 3199 4835  3  4 94  0  0
2026-06-27 00:46:24.971 0  0      0 3640340 179384 2159620    0    0     0    64 3829 6325  1  4 95  0  0
2026-06-27 00:46:25.971 0  0      0 3640340 179384 2159624    0    0     0    16 3069 4781  1  3 96  0  0
2026-06-27 00:46:26.974 0  0      0 3640340 179384 2159624    0    0     0     0 1867 2996  1  2 97  0  0
2026-06-27 00:46:27.974 4  0      0 3640100 179384 2159648    0    0     0   184 5310 8432  4  6 90  0  0
2026-06-27 00:46:28.974 0  0      0 3629948 179384 2159924    0    0     0  1052 11718 19988 13 14 71  2  0
2026-06-27 00:46:29.976 1  0      0 3612060 179400 2161744    0    0     0  1516 9537 15629 12 14 73  1  0
2026-06-27 00:46:30.976 procs -----------memory---------- ---swap-- -----io---- -system-- ------cpu-----
2026-06-27 00:46:30.978 r  b   swpd   free   buff  cache   si   so    bi    bo   in   cs us sy id wa st
2026-06-27 00:46:30.981 1  0      0 3477576 179424 2166732    0    0  4568  1064 10497 17400 23 15 58  4  0
2026-06-27 00:46:31.977 2  0      0 3403860 179424 2168740    0    0     0   712 6955 11072 26 11 62  1  0
2026-06-27 00:46:32.977 2  0      0 3266352 179424 2169060    0    0     0    12 3598 5125 31  6 63  0  0
2026-06-27 00:46:33.978 2  0      0 3196132 179424 2169380    0    0     0     4 3731 5307 32  5 63  0  0
2026-06-27 00:46:34.977 2  0      0 3182032 179424 2169740    0    0     0     4 4178 6385 33  5 63  0  0
2026-06-27 00:46:35.980 2  0      0 3147268 179424 2170060    0    0     0     0 3368 4855 33  4 64  0  0
2026-06-27 00:46:36.980 4  0      0 3122344 179424 2170300    0    0     0   264 3271 4636 32  4 64  0  0
2026-06-27 00:46:37.981 3  0      0 3090616 179436 2170584    0    0     0   592 6933 11233 38 11 50  1  0
2026-06-27 00:46:38.981 3  0      0 3047388 179444 2172492    0    0     0   564 10011 17740 42 16 42  1  0
2026-06-27 00:46:39.982 3  0      0 3020740 179444 2173628    0    0     0  1760 5049 7252 46  8 45  1  0
2026-06-27 00:46:40.983 3  0      0 2852296 179444 2173920    0    0     0     0 2973 3659 48  5 47  0  0
2026-06-27 00:46:41.982 3  0      0 2823820 179444 2174240    0    0     0     0 3408 4530 49  5 47  0  0
2026-06-27 00:46:42.984 4  0      0 2792532 179444 2174612    0    0     0    24 3227 4267 48  6 46  0  0
2026-06-27 00:46:43.985 3  0      0 2774160 179444 2175044    0    0     0     0 3250 4243 49  4 47  0  0
2026-06-27 00:46:44.985 4  0      0 2741412 179444 2175316    0    0     0   136 4044 5955 48  6 46  0  0
2026-06-27 00:46:45.987 3  0      0 2517760 179444 2189704    0    0   536     0 8968 10693 44  9 45  2  0
2026-06-27 00:46:46.987 3  0      0 2205776 179444 2191812    0    0    48   396 4326 5341 42  9 49  0  0
2026-06-27 00:46:47.987 2  0      0 2149944 179444 2196380    0    0     0     4 4834 6210 42  7 51  1  0
2026-06-27 00:46:48.988 3  0      0 1817692 179444 2212060    0    0     0     8 9515 11331 36 13 50  2  0
2026-06-27 00:46:49.988 2  0      0 1783764 179444 2216412    0    0     0   296 4771 5747 43  5 51  1  0
2026-06-27 00:46:50.989 3  0      0 1713044 179444 2225340    0    0     0   120 6041 7329 42  5 52  1  0
2026-06-27 00:46:51.990 procs -----------memory---------- ---swap-- -----io---- -system-- ------cpu-----
2026-06-27 00:46:51.992 r  b   swpd   free   buff  cache   si   so    bi    bo   in   cs us sy id wa st
2026-06-27 00:46:51.995 3  0      0 1688688 179444 2232540    0    0     0  8316 6170 7693 39  6 53  1  0
2026-06-27 00:46:52.989 1  0      0 1652096 179444 2240112    0    0     0     0 6838 8570 38  7 54  1  0
2026-06-27 00:46:53.991 2  0      0 1586428 179444 2247760    0    0     0  7156 6293 7971 41  8 51  1  0
2026-06-27 00:46:54.991 2  0      0 1561652 179444 2254684    0    0     0  1448 7791 10309 40  6 53  1  0
2026-06-27 00:46:55.992 3  0      0 1180608 179444 2256972    0    0     0    44 4478 5763 43  9 49  0  0
2026-06-27 00:46:56.992 3  0      0 1080636 179444 2258524    0    0     0     0 4004 4742 43  5 52  0  0
2026-06-27 00:46:57.993 0  0      0 2666428 179444 2260548    0    0     0     0 4327 5576 28  9 63  0  0
2026-06-27 00:46:58.994 1  0      0 2654152 179444 2262436    0    0     0     0 5021 7176 12  4 84  0  0
2026-06-27 00:46:59.994 1  0      0 2645344 179444 2263732    0    0     0  6940 4504 6230 12  4 84  0  0
2026-06-27 00:47:00.995 1  0      0 2635524 179444 2265292    0    0     0    16 4078 5578 13  4 83  0  0
2026-06-27 00:47:01.996 1  0      0 2623600 179444 2266912    0    0     0     0 4441 6054 11  4 85  0  0
2026-06-27 00:47:02.996 1  0      0 2615368 179444 2267708    0    0     0     0 4474 6387 14  4 82  0  0
2026-06-27 00:47:03.997 1  0      0 2604544 179444 2269544    0    0     0     0 4483 6347 11  5 85  0  0
2026-06-27 00:47:04.997 2  0      0 2599264 179444 2270768    0    0     0   316 4848 7175 14  4 82  0  0
2026-06-27 00:47:05.998 1  0      0 2599292 179444 2270772    0    0     0    20 3276 4679 18  3 80  0  0
2026-06-27 00:47:06.998 1  0      0 2695828 179444 2270772    0    0     0     0 2639 3649 17  2 81  0  0
2026-06-27 00:47:08.000 1  0      0 3497296 179444 2270776    0    0     0     0 3461 4897  3  7 90  0  0
2026-06-27 00:47:09.000 3  0      0 3497056 179444 2270776    0    0     0     0 4082 6337  2  4 94  0  0
2026-06-27 00:47:10.001 0  0      0 3497056 179444 2270780    0    0     0   476 3208 4511  2  2 96  0  0
2026-06-27 00:47:11.002 0  0      0 3497056 179444 2270788    0    0     0     8 2789 4236  1  2 97  0  0
2026-06-27 00:47:12.003 0  0      0 3497056 179444 2270788    0    0     0     0 3413 5320  2  3 96  0  0
2026-06-27 00:47:13.003 procs -----------memory---------- ---swap-- -----io---- -system-- ------cpu-----
2026-06-27 00:47:13.004 r  b   swpd   free   buff  cache   si   so    bi    bo   in   cs us sy id wa st
2026-06-27 00:47:13.006 0  0      0 3497056 179444 2270788    0    0     0     0 3391 5122  2  3 94  0  0
2026-06-27 00:47:14.005 2  0      0 3497056 179444 2270788    0    0     0     0 5188 7843  2  4 94  0  0
2026-06-27 00:47:15.005 0  0      0 3497056 179444 2270792    0    0     0    48 4219 6852  1  4 95  0  0
2026-06-27 00:47:16.006 2  0      0 3497056 179444 2270796    0    0     0     8 2785 4229  1  2 97  0  0
2026-06-27 00:47:17.007 0  0      0 3496816 179444 2270796    0    0     0     0 2576 3878  1  3 96  0  0
2026-06-27 00:47:18.008 0  0      0 3496576 179444 2270800    0    0     0     0 3384 5351  1  3 96  0  0
2026-06-27 00:47:19.009 0  0      0 3496576 179444 2270800    0    0     0     0 3822 6290  2  4 94  0  0
2026-06-27 00:47:20.010 0  0      0 3496576 179444 2270800    0    0     0  2920 3345 5028  2  3 95  0  0
2026-06-27 00:47:21.010 1  0      0 3496576 179444 2270800    0    0     0     4 3129 4900  1  3 96  0  0
2026-06-27 00:47:22.011 0  0      0 3496576 179444 2270804    0    0     0     0 2854 4585  1  3 96  0  0
2026-06-27 00:47:23.012 0  0      0 3496324 179444 2270804    0    0     0   936 2296 3328  1  2 97  0  0
2026-06-27 00:47:24.013 0  0      0 3496324 179444 2270804    0    0     0     0 2909 4489  1  3 96  0  0
2026-06-27 00:47:25.015 1  0      0 3496324 179444 2270804    0    0     0    92 3002 4785  2  2 95  0  0
2026-06-27 00:47:26.015 0  0      0 3496324 179444 2270808    0    0     0     0 4034 6551  2  4 95  0  0
2026-06-27 00:47:27.016 0  0      0 3496324 179444 2270812    0    0     0    12 3975 6071  1  3 96  0  0
