procs -----------memory---------- ---swap-- -----io---- -system-- ------cpu-----
 r  b   swpd   free   buff  cache   si   so    bi    bo   in   cs us sy id wa st
 2  0      0 4295532 161164 1666908    0    0     2    10   17   10  1  1 98  0  0
 0  0      0 4293452 161164 1666868    0    0     0     0 7308 12090 14  9 78  0  0
 1  0      0 4293200 161168 1666864    0    0     0    96 1738 2077  1  1 98  0  0
 0  0      0 4293200 161168 1666876    0    0     0     0 1179 1339  0  1 99  0  0
 0  0      0 4293200 161168 1666876    0    0     0     0 1570 1972  1  2 98  0  0
 0  0      0 4293200 161168 1666884    0    0     0    20 1541 1915  1  2 97  0  0
 0  0      0 4293200 161168 1666884    0    0     0    28 1504 1812  1  1 98  0  0
 0  0      0 4293200 161172 1666888    0    0     0   128 1536 1792  0  1 98  0  0
 0  0      0 4293200 161172 1666896    0    0     0     0 1926 2690  1  1 98  0  0
 0  0      0 4293200 161172 1666900    0    0     0     0 2747 4010  2  2 96  0  0
 0  0      0 4293200 161172 1666904    0    0     0     8 1295 1511  0  1 99  0  0
 0  0      0 4293200 161172 1666912    0    0     0     8 1598 2039  1  1 98  0  0
 0  0      0 4293200 161172 1666912    0    0     0    72 1414 1562  1  1 98  0  0
 0  0      0 4293200 161172 1666920    0    0     0     0 1120 1216  0  1 99  0  0
 0  0      0 4293200 161172 1666920    0    0     0     0 1487 1762  1  1 98  0  0
 0  0      0 4293200 161172 1666924    0    0     0     0 1390 1582  2  1 97  0  0
 0  0      0 4292952 161172 1666928    0    0     0     4 2624 3948  2  1 97  0  0
 0  0      0 4292952 161172 1666940    0    0     0    68 1321 1507  0  1 98  0  0
 0  0      0 4292728 161172 1666940    0    0     0    28 2073 2784  1  1 98  0  0
 0  0      0 4292728 161172 1666944    0    0     0     0 2362 3333  1  2 97  0  0
 3  0      0 4287312 161172 1666948    0    0     0     0 2348 3085  4  2 94  0  0
procs -----------memory---------- ---swap-- -----io---- -system-- ------cpu-----
 r  b   swpd   free   buff  cache   si   so    bi    bo   in   cs us sy id wa st
 0  0      0 4286720 161172 1666964    0    0     0     4 6195 9953 10  8 82  0  0
 0  0      0 4287668 161176 1666968    0    0     0    48 5464 8545 10  8 82  0  0
 0  0      0 4289808 161176 1666980    0    0     0     8 2912 4449  4  4 92  0  0
 0  0      0 4289808 161176 1666980    0    0     0    40 1567 1968  1  1 98  0  0
 0  0      0 4289808 161176 1666996    0    0     0     0 1359 1528  2  2 97  0  0
 0  0      0 4291924 161176 1666996    0    0     0    16 1725 2161  0  1 99  0  0
 0  0      0 4291924 161176 1667000    0    0     0   124 1486 1766  1  1 98  0  0
 0  0      0 4291924 161176 1667004    0    0     0     0 1959 2686  1  1 98  0  0
 1  0      0 4291684 161176 1667008    0    0     0     8 2434 3673  1  2 97  0  0
 0  0      0 4291684 161176 1667016    0    0     0    28 1525 1805  1  1 98  0  0
 0  0      0 4291684 161176 1667020    0    0     0     0 2178 3211  1  2 98  0  0
 0  0      0 4291192 161176 1667024    0    0     0    64 1306 1597  0  1 98  0  0
 0  0      0 4291192 161176 1667024    0    0     0     0 1187 1436  1  1 98  0  0
 0  0      0 4291192 161176 1667032    0    0     0     0 1164 1301  0  1 99  0  0
 0  0      0 4291192 161176 1667040    0    0     0    32 1695 2154  1  2 97  0  0
 0  0      0 4291192 161176 1667044    0    0     0     8 1616 1986  1  1 98  0  0
 0  0      0 4291192 161180 1667044    0    0     0   100 1491 1772  0  1 98  0  0
 0  0      0 4288240 161180 1667044    0    0     0     8 6984 11691 14  9 77  0  0
 1  0      0 4286492 161180 1667044    0    0     0     0 5670 9248 11  6 83  0  0
 4  0      0 4288448 161180 1667080    0    0     0    28 2945 4592  3  3 94  0  0
 0  0      0 4288448 161180 1667084    0    0     0     8 2939 4345  4  4 92  0  0
procs -----------memory---------- ---swap-- -----io---- -system-- ------cpu-----
 r  b   swpd   free   buff  cache   si   so    bi    bo   in   cs us sy id wa st
 0  0      0 4287984 161180 1667092    0    0     0    88 1522 1819  1  1 98  0  0
 0  0      0 4287984 161180 1667096    0    0     0    20 1215 1483  0  1 99  0  0
 0  0      0 4287984 161180 1667104    0    0     0     0 1384 1706  1  1 99  0  0
 0  0      0 4287984 161180 1667108    0    0     0    24 1466 1768  1  2 97  0  0
 0  0      0 4287984 161180 1667112    0    0     0     0 2711 3998  1  2 97  0  0
 0  0      0 4287984 161180 1667116    0    0     0   164 1448 1718  0  1 98  1  0
 2  0      0 4287984 161180 1667120    0    0     0     8 1649 2177  1  1 98  0  0
 0  0      0 4287736 161180 1667128    0    0     0     4 2371 3384  1  1 98  0  0
 0  0      0 4287736 161180 1667132    0    0     0     0 1599 2016  1  2 98  0  0
 0  0      0 4287736 161180 1667140    0    0     0    28 1393 1702  1  1 98  0  0
 0  0      0 4287736 161180 1667140    0    0     0    56 1350 1564  1  1 98  0  0
 0  0      0 4287736 161180 1667144    0    0     0     8 1028 1092  0  1 99  0  0
 0  0      0 4287736 161180 1667148    0    0     0    12 1312 1478  0  1 99  0  0
 0  0      0 4287736 161180 1667156    0    0     0     0 1715 2022  2  2 96  0  0
 2  0      0 4282788 161180 1667156    0    0     0    16 6445 10390 12  9 78  0  0
 4  0      0 4283624 161180 1667180    0    0     0   120 5224 8284 11  6 84  0  0
 2  0      0 4284340 161180 1667188    0    0     0     0 2614 3816  3  2 94  0  0
 0  0      0 4284424 161180 1667184    0    0     0     8 4146 6637  5  3 92  0  0
 0  0      0 4286324 161180 1667184    0    0     0    12 1599 2016  1  2 98  0  0
 0  0      0 4286076 161180 1667196    0    0     0    40 2343 3430  1  2 98  0  0
 0  0      0 4286076 161184 1667192    0    0     0    76 1324 1542  0  1 98  0  0
procs -----------memory---------- ---swap-- -----io---- -system-- ------cpu-----
 r  b   swpd   free   buff  cache   si   so    bi    bo   in   cs us sy id wa st
 0  0      0 4286076 161184 1667204    0    0     0     0 1102 1225  0  1 99  0  0
 0  0      0 4286076 161184 1667204    0    0     0     0 1191 1426  1  1 99  0  0
 0  0      0 4286076 161184 1667212    0    0     0    20 1539 1868  1  2 97  0  0
 0  0      0 4286076 161184 1667220    0    0     0    36 1576 1883  1  1 98  0  0
 0  0      0 4286076 161184 1667224    0    0     0   124 1384 1645  0  1 98  0  0
 0  0      0 4286076 161184 1667224    0    0     0     0 1544 1999  1  1 98  0  0
 0  0      0 4286076 161184 1667232    0    0     0     0 2835 4318  2  2 97  0  0
 0  0      0 4285852 161184 1667232    0    0     0     0 1677 2005  0  2 98  0  0
 0  0      0 4285852 161184 1667244    0    0     0    32 1477 1809  1  1 98  0  0
 0  0      0 4285852 161184 1667244    0    0     0    60 1368 1518  0  1 98  0  0
 2  0      0 4290160 161184 1667256    0    0     0     0 6185 9913 13  9 77  0  0
 0  0      0 4286700 161184 1667264    0    0     0     0 4898 8148 10  6 84  0  0
 1  0      0 4288432 161184 1667268    0    0     0     0 2032 2869  3  3 94  0  0
 0  0      0 4288468 161184 1667280    0    0     0    36 3741 6113  4  3 93  0  0
 0  0      0 4288228 161184 1667280    0    0     0   136 1313 1527  0  1 98  0  0
 0  0      0 4290224 161184 1667288    0    0     0    16 1844 2517  1  2 98  0  0
 0  0      0 4290224 161184 1667288    0    0     0     0 2737 4257  2  2 97  0  0
 0  0      0 4290224 161184 1667296    0    0     0     0 1530 1869  1  2 98  0  0
 0  0      0 4290224 161184 1667304    0    0     0    32 1497 1830  1  1 98  0  0
 0  0      0 4289984 161184 1667308    0    0     0    76 1351 1562  1  1 98  0  0
 0  0      0 4289984 161184 1667308    0    0     0     8 1141 1310  1  1 98  0  0
procs -----------memory---------- ---swap-- -----io---- -system-- ------cpu-----
 r  b   swpd   free   buff  cache   si   so    bi    bo   in   cs us sy id wa st
 0  0      0 4289984 161184 1667316    0    0     0     4 1529 1990  1  1 98  0  0
 1  0      0 4289984 161184 1667316    0    0     0     0 1625 1971  1  2 97  0  0
 0  0      0 4290236 161184 1667320    0    0     0    20 1561 1939  1  1 98  0  0
 0  0      0 4290236 161184 1667328    0    0     0   112 1403 1619  0  2 98  0  0
 0  0      0 4290236 161184 1667328    0    0     0     0 1628 2143  1  1 98  0  0
 0  0      0 4289996 161184 1667340    0    0     0     8 2399 3623  1  2 97  0  0
 0  0      0 4282296 161184 1667348    0    0     0     8 6822 11056 14 10 77  0  0
 0  0      0 4284112 161184 1667364    0    0     0     0 6202 10369 10  8 82  0  0
 3  0      0 4286244 161184 1667376    0    0     0   104 2184 3211  3  3 94  0  0
 0  0      0 4286244 161184 1667372    0    0     0     0 2136 3160  2  2 95  0  0
 0  0      0 4286244 161184 1667372    0    0     0     0 1223 1383  0  1 99  0  0
 0  0      0 4286244 161184 1667380    0    0     0    20 1591 1991  1  2 97  0  0
 0  0      0 4286020 161184 1667384    0    0     0     8 1734 2216  2  1 97  0  0
 0  0      0 4286020 161184 1667388    0    0     0   160 1513 1874  0  1 98  0  0
 0  0      0 4286020 161184 1667388    0    0     0     0 1792 2308  1  2 98  0  0
 2  0      0 4285772 161184 1667400    0    0     0     0 2563 3845  2  1 97  0  0
 0  0      0 4285772 161184 1667400    0    0     0     0 1583 2040  1  1 98  0  0
 0  0      0 4285772 161184 1667412    0    0     0     8 1339 1567  0  1 98  0  0
 0  0      0 4285548 161188 1667408    0    0     0    72 1420 1649  1  1 99  0  0
 0  0      0 4285548 161188 1667416    0    0     0     8 1150 1263  0  1 99  0  0
 3  0      0 4287024 161188 1667416    0    0     0     0 3266 4695  6  4 90  0  0
procs -----------memory---------- ---swap-- -----io---- -system-- ------cpu-----
 r  b   swpd   free   buff  cache   si   so    bi    bo   in   cs us sy id wa st
 4  0      0 4287632 161188 1667432    0    0     0     0 5714 9952 11  8 81  0  0
 0  0      0 4286652 161188 1667456    0    0     0     0 6626 10826 14  8 79  0  0
 0  0      0 4286412 161192 1667452    0    0     0   144 3829 5930  6  5 88  0  0
 0  0      0 4286188 161192 1667460    0    0     0     4 1560 2076  1  1 98  0  0
 0  0      0 4285700 161192 1667464    0    0     0    20 2809 4391  2  2 97  0  0
 0  0      0 4285700 161192 1667468    0    0     0     0 1738 2267  1  1 98  0  0
 0  0      0 4285700 161192 1667476    0    0     0     8 1410 1707  1  1 98  0  0
 0  0      0 4285700 161192 1667476    0    0     0   112 1345 1706  0  1 98  0  0
 0  0      0 4285700 161192 1667484    0    0     0     8 1096 1248  0  1 99  0  0
 0  0      0 4285700 161192 1667484    0    0     0     8 1161 1277  1  1 98  0  0
 0  0      0 4285700 161192 1667496    0    0     0     0 1575 1957  1  2 96  0  0
 0  0      0 4285700 161192 1667496    0    0     0     0 1297 1597  1  1 99  0  0
 0  0      0 4285700 161196 1667500    0    0     0   100 1300 1507  0  1 98  0  0
 0  0      0 4285700 161196 1667504    0    0     0     0 1754 2287  0  1 98  0  0
 1  0      0 4284616 161196 1667504    0    0     0    16 7493 12496 15 10 75  0  0
 1  0      0 4282552 161196 1667536    0    0     0     4 5303 8400 10  6 84  0  0
 4  0      0 4284820 161196 1667540    0    0     0     0 3134 4798  3  3 94  0  0
 1  0      0 4277580 161200 1667620    0    0     0   600 6986 11224  7  8 83  2  0
 1  0      0 4270088 161208 1669524    0    0     0  1044 6931 10953 11 10 78  2  0
 1  0      0 4125876 161208 1669652    0    0     0     0 2417 2494 15  3 82  0  0
 1  0      0 4071520 161208 1669876    0    0     0    20 2067 1983 16  3 81  0  0
procs -----------memory---------- ---swap-- -----io---- -system-- ------cpu-----
 r  b   swpd   free   buff  cache   si   so    bi    bo   in   cs us sy id wa st
 1  0      0 4059940 161208 1670132    0    0     0     4 1949 1835 17  2 82  0  0
 1  0      0 4042564 161208 1670348    0    0     0   472 2056 2033 16  2 82  0  0
 1  0      0 4024280 161208 1670416    0    0     0     0 2128 2070 16  2 82  0  0
 1  0      0 4019492 161212 1670612    0    0     0   148 3471 4737 17  2 80  0  0
 1  0      0 4006664 161212 1670808    0    0     0     8 2268 2300 16  2 82  0  0
 1  0      0 4000124 161212 1670952    0    0     0     8 2215 2302 17  2 81  0  0
 3  0      0 3983252 161212 1671100    0    0     0    28 1767 1569 16  2 82  0  0
 1  0      0 3979728 161212 1671128    0    0     0     0 6398 10804 32  9 59  0  0
 2  0      0 3964440 161212 1671160    0    0     0   140 4729 8654 25  7 68  0  0
 1  0      0 3959148 161216 1671328    0    0     0    72 3830 5733 21  6 73  0  0
 2  0      0 3927812 161216 1671596    0    0     0   932 8573 14057 23  8 66  2  0
 2  0      0 3926436 161220 1673932    0    0     0   584 5116 7700 28  8 63  1  0
 1  0      0 3726756 161220 1674252    0    0     0    52 2999 3383 31  4 64  0  0
 2  0      0 3352268 161220 1688448    0    0     0     0 9675 11471 26  9 64  2  0
 2  0      0 3318936 161220 1693404    0    0     0     0 4594 5050 27  4 68  0  0
 2  0      0 3288612 161220 1698260    0    0     0    68 4542 4795 27  4 69  0  0
 2  0      0 3253712 161220 1702916    0    0     0   204 4288 4375 27  3 69  1  0
 2  0      0 3228392 161220 1707808    0    0     0    12 4198 4328 27  3 69  0  0
 2  0      0 3200496 161220 1711768    0    0     0    36 3926 3872 27  3 69  1  0
 1  0      0 3175268 161220 1716848    0    0     0     0 4433 4643 28  4 68  1  0
 2  0      0 3157356 161220 1719012    0    0     0     0 3379 3650 32  2 66  0  0
procs -----------memory---------- ---swap-- -----io---- -system-- ------cpu-----
 r  b   swpd   free   buff  cache   si   so    bi    bo   in   cs us sy id wa st
 2  0      0 3150092 161220 1719124    0    0     0   212 4756 10933 45  9 45  0  0
 1  0      0 3909940 161220 1719248    0    0     0    28 5304 8466 29 10 61  0  0
 6  0      0 3906268 161224 1719400    0    0     0    92 4810 7700 21  6 73  0  0
 2  0      0 3881572 161228 1719800    0    0     0  1028 7659 12392 22  9 66  2  0
 2  0      0 3868784 161228 1722264    0    0     0   572 6225 10254 29  9 62  1  0
 2  0      0 3646088 161228 1722368    0    0     0     4 2071 2367 30  5 65  0  0
 2  0      0 3127592 161228 1736452    0    0     0     4 7845 7982 24 10 65  2  0
 2  0      0 3093096 161228 1738212    0    0     0     0 2685 2587 26  3 71  0  0
 1  0      0 3060880 161228 1739908    0    0     0    52 2949 3127 27  4 69  0  0
 1  0      0 3029884 161228 1741796    0    0     0   224 3278 3692 27  4 69  0  0
 1  0      0 3012332 161228 1743516    0    0     0  5604 2501 2874 27  2 70  0  0
 1  0      0 2988180 161228 1745328    0    0     0    16 2825 3225 26  3 70  0  0
 1  0      0 2965792 161228 1747072    0    0     0 15028 4048 5040 28  3 69  1  0
 1  0      0 2943412 161228 1748756    0    0     0     0 3754 4643 27  4 69  0  0
 2  0      0 2900200 161228 1750792    0    0     0   300 6686 10959 38 10 52  0  0
 2  0      0 2912864 161228 1751084    0    0     0     4 4062 9220 41  8 51  0  0
 2  0      0 3212720 161228 1751308    0    0     0   112 3643 5283 36  4 59  1  0
 1  1      0 3835904 161228 1751464    0    0     0   308 3976 5663 19  9 64  7  0
 1  1      0 3829568 161228 1751876    0    0     0   388 5541 8771 20  6 60 14  0
 2  0      0 3806140 161228 1754964    0    0     0   872 6912 11321 28 10 61  1  0
 2  0      0 3142772 161228 1768964    0    0     0    56 8037 8414 24 10 65  2  0
procs -----------memory---------- ---swap-- -----io---- -system-- ------cpu-----
 r  b   swpd   free   buff  cache   si   so    bi    bo   in   cs us sy id wa st
 2  0      0 2946800 161228 1773416    0    0     0    16 3716 3889 29  4 67  0  0
 4  0      0 2918328 161228 1780700    0    0     0     0 3765 4460 29  3 68  0  0
 2  0      0 2851744 161228 1785652    0    0     0  9340 4734 5576 28  3 69  0  0
 2  0      0 2816308 161228 1790460    0    0     0   228 4471 5345 28  4 68  0  0
 2  0      0 2765040 161228 1795328    0    0     0     4 3441 3499 28  3 69  0  0
 2  0      0 2712460 161228 1798324    0    0     0    36 2362 2006 31  2 66  0  0
 4  0      0 2647692 161228 1804948    0    0     0    12 3235 3150 29  3 68  0  0
 2  0      0 2570836 161228 1812040    0    0     0   716 3119 2947 30  4 65  1  0
 2  0      0 2490292 161228 1818072    0    0     0   176 2857 2835 29  2 68  1  0
 2  0      0 2261380 161228 1823424    0    0     0  7280 2563 2755 30  3 67  0  0
 2  0      0 2192976 161228 1832844    0    0     0     0 3145 3656 31  3 65  0  0
 3  0      0 2088608 161228 1842236    0    0     0    48 3458 4132 29  3 67  0  0
 2  0      0 1947280 161228 1849840    0    0     0    24 4129 5479 30  5 65  0  0
 2  0      0 1782984 161228 1858764    0    0     0   156 4564 5272 30  4 66  1  0
 2  0      0 1279276 161228 1882372    0    0     0     0 9027 9080 23 10 66  2  0
 2  0      0 1160112 161228 1891456    0    0     0     8 4262 4460 23  4 73  0  0
 4  0      0 1031796 161228 1902244    0    0     0     4 4214 4183 24  4 71  0  0
 1  1      0 899348 161228 1913848    0    0     0 64856 4829 5209 26  5 67  2  0
 0  6      0 857400 161228 1922500    0    0     0  7380 4583 4991 21  5 64 10  0
 2  0      0 641200 161228 1930248    0    0     0     4 4408 4399 20  3 65 11  0
 2  0      0 587976 161228 1938976    0    0     0     0 4144 4745 25  3 72  0  0
procs -----------memory---------- ---swap-- -----io---- -system-- ------cpu-----
 r  b   swpd   free   buff  cache   si   so    bi    bo   in   cs us sy id wa st
 1  0      0 468132 161228 1946120    0    0     0     0 5358 7139 27  5 68  0  0
 2  0      0 330304 161228 1954972    0    0     0   388 4778 5266 25  4 70  0  0
 4  2      0 318976 160968 1953416    0    0     0 11184 3533 3705 30  4 65  1  0
 1  0      0 1067328 159636 1920616    0    0    80 31852 3695 3553 24  7 66  3  0
 0  0      0 1068900 159636 1928696    0    0   228     0 3342 3323 13  3 84  0  0
 1  0      0 1039448 159636 1932600    0    0     0     0 2613 2451 14  1 85  0  0
 0  0      0 1033512 159636 1937472    0    0   888     0 3439 4018 14  3 83  0  0
 1  0      0 999868 159636 1942412    0    0     0   184 4858 6279 13  3 84  1  0
 1  0      0 915216 159636 1948712    0    0     0    56 2620 2371 14  2 84  0  0
 1  0      0 833156 159636 1959044    0    0     0     0 4209 4896 14  5 81  1  0
 1  0      0 656036 159636 1967912    0    0     0     0 4508 5502 15  4 81  0  0
 1  0      0 2996044 159636 1969772    0    0     0     0 1977 1792 16  3 81  0  0
 1  0      0 3092312 159636 1969780    0    0     0    72 1848 1865 17  2 81  0  0
 0  0      0 4027644 159636 1969748    0    0     0   204 3587 4652  2  6 92  0  0
 0  0      0 4027644 159636 1969752    0    0     0    40 1088 1223  0  1 99  0  0
 4  0      0 4028692 159640 1969752    0    0   256     0 2431 3279  4  3 93  0  0
