procs -----------memory---------- ---swap-- -----io---- -system-- ------cpu-----
 r  b   swpd   free   buff  cache   si   so    bi    bo   in   cs us sy id wa st
 5  0      0 983108 148876 5425352    0    0     7    19   16    1  2  5 93  0  0
 0  0      0 986752 148876 5425444    0    0     0    64 18969 32479 11 16 73  0  0
 1  0      0 986752 148876 5425500    0    0     0    60 15679 26294  1  8 91  0  0
 0  0      0 986752 148876 5425568    0    0     0  1008 15807 26531  1 10 89  0  0
 0  0      0 986752 148876 5425640    0    0     0    52 16380 26744  1  8 91  0  0
 0  0      0 986752 148876 5425708    0    0     0    80 16357 27137  1  9 90  0  0
 0  0      0 986752 148876 5425780    0    0     0   148 17164 28564  2  9 89  0  0
 0  0      0 986752 148876 5425852    0    0     0    52 16372 26998  1  9 90  0  0
 0  0      0 986752 148880 5425924    0    0     0   440 16174 26972  1  9 90  0  0
 0  0      0 986752 148880 5425996    0    0     0    88 16471 26942  1  8 91  0  0
 0  0      0 986752 148880 5426060    0    0     0    80 16626 27143  1  9 90  0  0
 2  0      0 986752 148880 5426120    0    0     0    60 16313 26603  1  7 92  0  0
 0  0      0 986752 148880 5426200    0    0     0   160 16355 26839  1  9 90  0  0
 2  0      0 986752 148884 5426256    0    0     0   768 16438 26834  1  9 89  1  0
 1  0      0 986752 148884 5426336    0    0     0    52 16051 26565  1  9 89  0  0
 1  0      0 986752 148884 5426400    0    0     0    84 16768 28078  2  9 89  0  0
 4  0      0 982284 148884 5426456    0    0     0    60 18056 30758  8 15 77  0  0
 3  0      0 986072 148884 5426556    0    0     0    32 18093 31187 10 16 74  0  0
 0  0      0 984228 148884 5426608    0    0     0   388 17256 30069 10 12 79  0  0
 2  0      0 983980 148884 5426676    0    0     0    80 17404 29151  5 12 84  0  0
 3  0      0 983740 148884 5426768    0    0     0   132 16492 27093  1 10 89  0  0
procs -----------memory---------- ---swap-- -----io---- -system-- ------cpu-----
 r  b   swpd   free   buff  cache   si   so    bi    bo   in   cs us sy id wa st
 1  0      0 983740 148884 5426816    0    0     0    88 16041 26592  1  9 90  0  0
 0  0      0 983740 148884 5426900    0    0     0    64 16007 26632  1 10 89  0  0
 0  0      0 983740 148884 5426956    0    0     0   816 17007 27661  1 10 88  1  0
 1  0      0 983740 148884 5427036    0    0     0   180 16306 26450  1  8 91  0  0
 3  0      0 983740 148884 5427128    0    0     0    48 15918 26634  1 10 89  0  0
 0  0      0 983740 148884 5427192    0    0     0    88 17085 28192  2 10 89  0  0
 0  0      0 983740 148884 5427248    0    0     0    32 16217 27191  2 10 88  0  0
 5  0      0 983740 148884 5427316    0    0     0   352 16598 27276  0  9 90  0  0
 0  0      0 983740 148884 5427384    0    0     0    64 16786 27253  1 10 90  0  0
 2  0      0 983500 148884 5427472    0    0     0   112 17165 28194  2  9 89  0  0
 2  0      0 983500 148884 5427532    0    0     0    76 15576 25942  1  8 90  0  0
 1  0      0 983500 148884 5427612    0    0     0   100 15953 26419  1  7 91  0  0
 5  0      0 980084 148888 5427680    0    0     0   672 16664 27729  6 10 83  0  0
 0  0      0 982688 148888 5427756    0    0     0   112 18033 31870 11 15 73  0  0
 0  0      0 975780 148888 5427812    0    0     0   200 17480 30608 11 14 75  0  0
 0  0      0 980344 148888 5427896    0    0     0    88 17513 29800  5 11 84  0  0
 1  0      0 980344 148888 5427968    0    0     0    80 16577 27372  2  9 89  0  0
 0  0      0 980096 148892 5427996    0    0     0   364 16228 26511  1  8 91  0  0
 0  0      0 980348 148892 5428096    0    0     0   348 16355 27009  1  8 91  0  0
 0  0      0 980348 148892 5428148    0    0     0   112 16233 27165  1  8 91  0  0
 0  0      0 980348 148892 5428252    0    0     0   168 16407 26857  1  9 91  0  0
procs -----------memory---------- ---swap-- -----io---- -system-- ------cpu-----
 r  b   swpd   free   buff  cache   si   so    bi    bo   in   cs us sy id wa st
 0  0      0 980348 148892 5428300    0    0     0    48 16330 26742  1  9 90  0  0
 1  0      0 980348 148892 5428368    0    0     0   656 16832 27347  1  9 90  1  0
 0  0      0 980348 148892 5428428    0    0     0    68 16157 26722  1  9 90  0  0
 1  0      0 979860 148892 5428512    0    0     0   192 17071 28467  2 10 89  0  0
 0  0      0 979860 148892 5428596    0    0     0    40 16896 28252  2 10 89  0  0
 0  0      0 979636 148892 5428656    0    0     0    60 16663 27424  2  9 89  0  0
 0  0      0 979636 148892 5428756    0    0     0   324 15878 26259  1  9 90  0  0
 1  0      0 979636 148892 5428824    0    0     0    68 16086 26669  1  8 91  0  0
 0  0      0 978920 148892 5428884    0    0     0    88 15942 26481  2  9 89  0  0
 0  0      0 984520 148892 5429004    0    0     0    64 19024 33099 13 17 70  0  0
 1  0      0 979484 148892 5429076    0    0     0   152 17390 30361 11 14 76  0  0
 3  0      0 981004 148896 5429108    0    0     0   720 16784 28165  5 12 81  2  0
 1  0      0 981004 148896 5429176    0    0     0   136 16466 26961  2  8 91  0  0
 1  0      0 980516 148896 5429304    0    0     0   140 16472 27409  1 11 88  0  0
 0  0      0 980516 148896 5429380    0    0     0    72 17125 28615  2  9 89  0  0
 0  0      0 980264 148896 5429472    0    0     0   104 16745 27566  2 10 88  0  0
 0  0      0 980264 148896 5429524    0    0     0   372 16305 26948  1 10 89  0  0
 0  0      0 980264 148896 5429584    0    0     0    20 16074 26609  1  9 90  0  0
 0  0      0 979772 148896 5429684    0    0     0   124 17536 28978  1 10 89  0  0
 0  0      0 979772 148896 5429748    0    0     0    88 16280 27041  2  9 89  0  0
 0  0      0 979772 148896 5429812    0    0     0    80 16485 27221  1  9 90  0  0
procs -----------memory---------- ---swap-- -----io---- -system-- ------cpu-----
 r  b   swpd   free   buff  cache   si   so    bi    bo   in   cs us sy id wa st
 0  0      0 979772 148900 5429888    0    0     0   672 16327 26843  1  8 88  2  0
 0  0      0 979772 148900 5429988    0    0     0    56 15867 25875  1  9 90  0  0
 1  0      0 979524 148900 5430044    0    0     0   100 16208 26837  1 10 90  0  0
 5  0      0 979524 148900 5430104    0    0     0    44 16806 28106  1  9 90  0  0
 0  0      0 979524 148900 5430160    0    0     0    92 16250 26929  2 11 87  0  0
 1  0      0 981680 148900 5430268    0    0     0   416 19515 34050 14 17 68  0  0
 0  0      0 978096 148900 5430312    0    0     0   436 17990 31212 10 15 75  0  0
 1  0      0 979572 148900 5430372    0    0     0    28 16710 28527  6 11 83  0  0
 0  0      0 979628 148900 5430440    0    0     0    88 16198 26996  2 10 88  0  0
 2  0      0 979628 148900 5430532    0    0     0   104 16333 26650  1  9 90  0  0
 0  0      0 979628 148900 5430608    0    0     0  1128 16654 27272  1  9 89  1  0
 1  0      0 979628 148900 5430676    0    0     0    84 16673 27299  1  8 91  0  0
 1  0      0 979376 148900 5430728    0    0     0    64 16536 27866  1  9 89  0  0
 0  0      0 979376 148900 5430820    0    0     0   156 17167 28479  2 10 88  0  0
 0  0      0 979376 148900 5430868    0    0     0    44 16830 27781  2  9 89  0  0
 0  0      0 979376 148900 5430920    0    0     0   324 16149 26683  2  7 91  0  0
 0  0      0 979124 148900 5431012    0    0     0    76 16586 27057  1  9 90  0  0
 1  0      0 978872 148900 5431080    0    0     0    68 16407 27034  1  9 89  0  0
 0  0      0 978624 148900 5431172    0    0     0    96 16391 26934  1  9 90  0  0
 0  0      0 978624 148900 5431244    0    0     0    84 15534 26059  1  8 91  0  0
 1  0      0 978624 148904 5431288    0    0     0   684 16666 27302  1  9 89  1  0
procs -----------memory---------- ---swap-- -----io---- -system-- ------cpu-----
 r  b   swpd   free   buff  cache   si   so    bi    bo   in   cs us sy id wa st
 1  0      0 978624 148904 5431352    0    0     0   152 16561 26918  1  8 91  0  0
 3  0      0 975560 148904 5431444    0    0     0   104 18709 31909 11 15 74  0  0
 6  0      0 980540 148904 5431524    0    0     0   164 18398 31837 10 14 76  0  0
 0  0      0 978908 148904 5431584    0    0     0    72 17407 29170  5 12 83  0  0
 1  0      0 981168 148908 5431676    0    0     0   412 16956 28395  5 11 83  0  0
 1  0      0 981168 148908 5431756    0    0     0    60 16705 27092  1  9 90  0  0
 0  0      0 980920 148908 5431820    0    0     0    80 16702 27650  1  9 90  0  0
 0  0      0 980920 148908 5431880    0    0     0   120 16215 26539  1  7 92  0  0
 0  0      0 980920 148908 5431948    0    0     0    96 16476 27118  1  9 90  0  0
 0  0      0 980920 148912 5432008    0    0     0  1044 16493 27057  1  9 89  0  0
 0  0      0 980920 148912 5432092    0    0     0    52 15933 26340  1 10 89  0  0
 0  0      0 980920 148912 5432144    0    0     0   100 16762 27659  1 10 89  0  0
 0  0      0 980920 148912 5432196    0    0     0   104 16931 28563  1  9 90  0  0
 0  0      0 980920 148912 5432304    0    0     0   104 16473 27211  2  9 89  0  0
 0  0      0 980920 148912 5432364    0    0     0   336 15898 26308  1  9 89  0  0
 0  0      0 980920 148912 5432428    0    0     0    52 16212 26706  1 10 89  0  0
 0  0      0 980668 148912 5432496    0    0     0   456 16606 27278  1  9 90  0  0
 1  0      0 980668 148912 5432596    0    0     0    76 16419 26443  1  9 91  0  0
 5  0      0 974108 148912 5432624    0    0     0   100 18005 31259 13 14 72  0  0
 0  0      0 974448 148912 5432676    0    0     0   764 18443 32539 10 15 73  2  0
 0  0      0 973576 148912 5432836    0    0     0     0 16918 28681  5 11 85  0  0
procs -----------memory---------- ---swap-- -----io---- -system-- ------cpu-----
 r  b   swpd   free   buff  cache   si   so    bi    bo   in   cs us sy id wa st
 1  0      0 974256 148912 5432904    0    0     0   112 18272 31183  7 13 80  0  0
 2  0      0 974336 148912 5432972    0    0     0   100 16843 28276  2  9 89  0  0
 0  0      0 974336 148912 5433044    0    0     0   104 15915 26569  2  9 89  0  0
 0  0      0 974336 148912 5433104    0    0     0   360 16079 26596  1  9 90  0  0
 5  0      0 974336 148912 5433188    0    0     0    44 16120 26902  2  8 90  0  0
 1  0      0 974336 148912 5433224    0    0     0    40 15924 26796  1  9 90  0  0
 0  0      0 974336 148912 5433296    0    0     0    64 16007 26674  1  9 90  0  0
 0  0      0 974336 148912 5433376    0    0     0    56 16381 26980  1  9 90  0  0
 1  0      0 974336 148912 5433476    0    0     0   700 16464 26762  1  9 90  1  0
 0  0      0 974336 148912 5433548    0    0     0   124 16390 26938  1  9 91  0  0
 0  0      0 976092 148912 5433596    0    0     0   136 16215 27176  1  9 90  0  0
 1  0      0 976092 148912 5433640    0    0     0    88 16865 28304  2  9 89  0  0
 2  0      0 976092 148912 5433748    0    0     0   128 16066 26704  2 10 89  0  0
 0  0      0 976092 148916 5433768    0    0     0   472 16212 26692  1  9 90  0  0
 0  0      0 976092 148916 5433876    0    0     0    72 16468 27145  2 10 88  0  0
 1  0      0 987756 148916 5425824    0    0     0    68 19181 32594 13 16 71  0  0
 3  0      0 991864 148916 5425840    0    0     0    44 17895 30929  9 15 76  0  0
 0  0      0 991616 148916 5425928    0    0     0    88 16529 28362  3 10 87  0  0
 1  0      0 991616 148916 5425988    0    0     0   792 17765 29974  5 11 83  1  0
 0  0      0 991616 148916 5426020    0    0     0   540 16288 26847  1  9 90  0  0
 2  0      0 991216 148916 5426108    0    0     0    80 16716 27822  2  9 89  0  0
procs -----------memory---------- ---swap-- -----io---- -system-- ------cpu-----
 r  b   swpd   free   buff  cache   si   so    bi    bo   in   cs us sy id wa st
 2  0      0 991216 148916 5426152    0    0     0    80 16993 28520  2  9 89  0  0
 0  0      0 991216 148916 5426200    0    0     0    72 16155 26592  2  9 89  0  0
 0  0      0 991216 148920 5426320    0    0     0   356 16084 26732  1  9 90  0  0
 4  0      0 991216 148920 5426380    0    0     0    76 16329 27022  2 10 89  0  0
 0  0      0 990716 148920 5426468    0    0     0    96 15627 26185  1  9 90  0  0
 0  0      0 990468 148920 5426536    0    0     0   420 15847 26241  1  7 91  0  0
 0  0      0 990468 148920 5426576    0    0     0    36 16376 26651  1  9 90  0  0
 0  0      0 990468 148920 5426684    0    0     0   668 16916 27480  1  9 89  1  0
 0  0      0 990468 148920 5426720    0    0     0    96 16539 27083  1 10 89  0  0
 1  0      0 990216 148920 5426792    0    0     0    56 16674 27968  2 11 88  0  0
 3  0      0 990216 148920 5426888    0    0     0    80 16610 27806  2  8 91  0  0
 3  0      0 986880 148920 5426904    0    0     0   108 17537 29803  8 12 80  0  0
 1  0      0 984688 148920 5427032    0    0     0   408 18572 32045  9 15 75  1  0
 0  0      0 983384 148920 5427088    0    0     0    92 17295 30207 11 15 74  0  0
 3  0      0 987656 148920 5427128    0    0     0    68 16931 28704  5 10 84  0  0
 1  0      0 987656 148920 5427248    0    0     0    36 16033 26363  1  9 90  0  0
 0  0      0 987656 148920 5427284    0    0     0    64 16504 27007  1  9 90  0  0
 0  0      0 987656 148920 5427344    0    0     0   628 16450 27189  2  9 89  0  0
 0  0      0 987656 148920 5427420    0    0     0   136 16245 26857  1  8 90  0  0
 1  0      0 987404 148920 5427508    0    0     0   112 16452 27095  2  9 89  0  0
 3  0      0 987404 148920 5427560    0    0     0   148 16715 27179  1  9 90  0  0
procs -----------memory---------- ---swap-- -----io---- -system-- ------cpu-----
 r  b   swpd   free   buff  cache   si   so    bi    bo   in   cs us sy id wa st
 3  0      0 987404 148920 5427632    0    0     0    60 16518 27640  2  9 89  0  0
 0  0      0 987404 148924 5427676    0    0     0   444 16092 26513  2  9 89  0  0
 0  0      0 987404 148924 5427788    0    0     0    88 16091 26513  1  9 90  0  0
 0  0      0 987404 148924 5427820    0    0     0   108 16317 27231  2  9 89  0  0
 6  0      0 975716 148924 5427892    0    0     0    76 18975 32205 13 15 72  0  0
 3  0      0 968964 148924 5427984    0    0     0    48 18251 30958  9 13 78  0  0
 2  0      0 976512 148924 5428064    0    0     0   712 17291 29364  6 13 81  0  0
 0  0      0 976448 148924 5428140    0    0     0    88 16689 28376  8 12 80  0  0
 3  0      0 976448 148924 5428180    0    0     0   540 16169 27106  1  8 91  0  0
 0  0      0 976704 148924 5428260    0    0     0    96 16298 27541  1 10 89  0  0
 1  0      0 976704 148924 5428316    0    0     0    92 16529 27928  2 10 88  0  0
 1  0      0 976704 148928 5428384    0    0     0   356 15806 26336  1  9 89  0  0
 1  0      0 976704 148928 5428436    0    0     0    16 16294 26807  1  8 91  0  0
 1  0      0 976452 148928 5428520    0    0     0    36 15721 26201  1  8 90  0  0
 0  0      0 976452 148928 5428604    0    0     0   132 15940 26631  1  9 91  0  0
 0  0      0 976204 148928 5428680    0    0     0   428 16188 26809  1  9 90  0  0
 1  0      0 976204 148928 5428744    0    0     0   672 16029 26541  2  8 89  0  0
 1  0      0 976204 148928 5428796    0    0     0    52 15979 26468  1 10 89  0  0
 4  0      0 974876 148928 5428856    0    0     0    40 18529 31699 13 14 73  0  0
 3  0      0 964388 148928 5428956    0    0     0   108 18909 32984 11 17 73  0  0
 0  0      0 972432 148928 5428996    0    0     0   116 17451 29837  6 13 81  0  0
procs -----------memory---------- ---swap-- -----io---- -system-- ------cpu-----
 r  b   swpd   free   buff  cache   si   so    bi    bo   in   cs us sy id wa st
 2  0      0 972432 148932 5429084    0    0     0   400 16506 28196  5 11 84  0  0
 1  0      0 972432 148932 5429136    0    0     0    56 15814 26357  1  9 90  0  0
 0  0      0 972432 148932 5429244    0    0     0    32 16141 26564  1  8 91  0  0
 0  0      0 972432 148932 5429312    0    0     0    60 16175 26936  1  8 91  0  0
 0  0      0 972432 148932 5429348    0    0     0    76 16636 27396  1  9 90  0  0
 0  0      0 972432 148936 5429444    0    0     0   612 16198 26836  2  9 89  0  0
 3  0      0 972432 148936 5429520    0    0     0    52 16261 26739  1 10 89  0  0
 1  0      0 972432 148936 5429552    0    0     0    44 16097 26472  2  7 91  0  0
 0  0      0 972432 148936 5429652    0    0     0   100 16557 27458  3 10 88  0  0
 0  0      0 972432 148936 5429712    0    0     0    76 16912 28204  2 10 88  0  0
 0  0      0 972432 148936 5429796    0    0     0   496 16233 27029  1  9 89  1  0
 1  0      0 972432 148936 5429848    0    0     0   160 16215 26967  1 10 89  0  0
 1  0      0 972432 148936 5429928    0    0     0    56 16355 27173  1  9 90  0  0
 0  0      0 972412 148936 5430000    0    0     0    56 16119 26737  1  9 90  0  0
 3  0      0 972160 148936 5430060    0    0     0    40 15874 26316  1  8 91  0  0
 0  0      0 972160 148936 5430112    0    0     0   720 16286 26919  1  9 90  0  0
 0  0      0 972160 148936 5430164    0    0     0    56 15635 25929  1  9 90  0  0
 0  0      0 972160 148936 5430288    0    0     0   112 16259 26998  2 10 88  0  0
 1  0      0 972160 148940 5430344    0    0     0   496 16594 27481  1 11 88  0  0
 0  0      0 972160 148940 5430412    0    0     0    44 17374 28851  2 10 88  0  0
 0  0      0 972160 148940 5430476    0    0     0   364 16006 26456  1  9 90  1  0
procs -----------memory---------- ---swap-- -----io---- -system-- ------cpu-----
 r  b   swpd   free   buff  cache   si   so    bi    bo   in   cs us sy id wa st
 2  0      0 972160 148940 5430532    0    0     0    84 15676 26355  1  9 91  0  0
 0  0      0 972160 148940 5430632    0    0     0    48 16159 26513  2  8 91  0  0
 0  0      0 972160 148940 5430660    0    0     0    52 16454 26967  2  9 89  0  0
 0  0      0 972160 148940 5430768    0    0     0   376 16108 26557  1  8 91  0  0
 0  0      0 972160 148944 5430828    0    0     0   676 16864 27585  1 10 88  1  0
 1  0      0 972160 148944 5430916    0    0     0   104 16340 26764  2 10 89  0  0
 0  0      0 972160 148944 5430972    0    0     0    60 17345 28694  1  9 90  0  0
 0  0      0 971920 148944 5431068    0    0     0    56 16766 28201  2  8 90  0  0
 0  0      0 971920 148944 5431104    0    0     0    68 17046 28315  2 11 87  0  0
 0  0      0 971920 148944 5431184    0    0     0   336 16658 27217  1  9 90  0  0
 0  0      0 971920 148944 5431252    0    0     0   100 16072 26644  1  8 91  0  0
 0  0      0 971920 148944 5431300    0    0     0   128 16066 26662  1  9 90  0  0
 0  0      0 971920 148944 5431404    0    0     0    60 16261 26849  1  9 90  0  0
 1  0      0 971920 148944 5431480    0    0     0    36 16162 26601  1  8 90  0  0
 0  0      0 971920 148944 5431552    0    0     0   564 16047 26630  1  8 90  1  0
 3  0      0 971920 148944 5431616    0    0     0    92 15388 25910  1  9 90  0  0
 1  0      0 971920 148944 5431668    0    0     0    64 16230 26753  1  9 90  0  0
 0  0      0 971920 148944 5431760    0    0     0    48 16956 27946  1  9 90  0  0
 3  0      0 971920 148944 5431808    0    0     0    92 17196 28333  3 10 88  0  0
 0  0      0 971920 148944 5431860    0    0     0   340 15965 26447  1  8 90  0  0
 0  0      0 971920 148944 5431948    0    0     0   188 16598 27277  1  9 90  0  0
procs -----------memory---------- ---swap-- -----io---- -system-- ------cpu-----
 r  b   swpd   free   buff  cache   si   so    bi    bo   in   cs us sy id wa st
 1  0      0 971920 148944 5432052    0    0     0   144 16651 27451  2  9 89  0  0
 0  0      0 971920 148944 5432112    0    0     0    76 16423 27348  2  9 89  0  0
 0  0      0 971920 148944 5432180    0    0     0    56 16360 27117  1  9 89  0  0
 1  0      0 971920 148944 5432208    0    0     0   668 16205 26936  1  9 89  1  0
