procs -----------memory---------- ---swap-- -----io---- -system-- ------cpu-----
 r  b   swpd   free   buff  cache   si   so    bi    bo   in   cs us sy id wa st
 4  0      0 2918816 100124 2801872    0    0     6    33    3    4  2  9 89  0  0
 1  0      0 2912612 100124 2801968    0    0     0   624 24900 44168 13 19 68  0  0
 0  0      0 2912360 100124 2802076    0    0     0     0 24015 40259  3 14 84  0  0
 0  0      0 2912120 100124 2802140    0    0     0     0 22924 39101  1 13 86  0  0
 1  0      0 2914200 100124 2802232    0    0     0     0 23770 40290  2 15 83  0  0
 1  0      0 2914216 100128 2802364    0    0     0   444 22972 39160  2 15 83  0  0
 0  0      0 2914300 100128 2802456    0    0     0   644 23605 39709  3 16 81  0  0
 4  0      0 2914300 100128 2802572    0    0     0    44 23145 39503  2 15 84  0  0
 2  0      0 2914300 100128 2802684    0    0     0     0 23725 40448  3 14 83  0  0
 0  0      0 2914300 100128 2802784    0    0     0     0 23738 39510  2 16 82  0  0
 1  0      0 2914076 100128 2802920    0    0     0   424 23092 39227  2 15 82  1  0
 0  0      0 2914076 100128 2802984    0    0     0  1140 23880 39821  2 16 82  0  0
 2  0      0 2914076 100128 2803100    0    0     0   500 23701 40093  2 15 83  0  0
 0  0      0 2914076 100128 2803192    0    0     0     0 23055 39074  2 13 85  0  0
 1  0      0 2914076 100128 2803280    0    0     0     0 23373 39922  2 15 83  0  0
 0  0      0 2914076 100136 2803384    0    0     0   420 23456 39730  1 15 83  0  0
 2  0      0 2914076 100136 2804004    0    0   488    12 23954 40201  3 15 82  0  0
 5  0      0 2914076 100136 2804088    0    0     0   620 23894 40062  2 15 83  0  0
 1  0      0 2914076 100136 2804224    0    0     0     4 24023 40579  3 15 82  0  0
 2  0      0 2913824 100136 2804344    0    0     0     0 23223 38857  2 16 82  0  0
 3  0      0 2913572 100140 2804420    0    0     0   384 23527 39719  1 15 84  0  0
procs -----------memory---------- ---swap-- -----io---- -system-- ------cpu-----
 r  b   swpd   free   buff  cache   si   so    bi    bo   in   cs us sy id wa st
 1  0      0 2913332 100140 2804532    0    0   152    16 23295 39357  2 16 82  0  0
 1  0      0 2913332 100140 2804780    0    0     0   180 23569 39839  2 16 83  0  0
 0  0      0 2913332 100140 2804880    0    0     0   456 23533 39647  2 17 82  0  0
 3  0      0 2913332 100140 2804992    0    0     0     4 24184 40469  3 16 82  0  0
 1  0      0 2913080 100144 2805096    0    0     0   412 23305 39393  2 16 82  0  0
 0  0      0 2913080 100144 2805212    0    0     0  1456 24007 40288  2 15 83  1  0
 3  0      0 2912616 100152 2805408    0    0    52   936 23372 39994  4 16 80  0  0
 5  0      0 2902284 100168 2805672    0    0     0  2196 28947 50097 11 26 61  3  0
 2  0      0 2864088 100188 2807284    0    0     0  1916 25035 46325 19 27 51  3  0
 2  0      0 2729340 100200 2809636    0    0     0   808 20090 37708 30 18 51  1  0
 4  0      0 2521560 100200 2809872    0    0     0     8 19024 36081 32 15 52  0  0
 3  0      0 2498692 100200 2810540    0    0     0    28 18548 35381 34 14 52  0  0
 2  0      0 2467456 100200 2811140    0    0     0  1716 19109 35743 32 16 51  0  0
 2  0      0 2432440 100200 2811808    0    0   596   212 18792 35538 34 14 53  0  0
 4  0      0 2280492 100200 2824716    0    0     0   664 25040 41259 27 19 52  1  0
 1  0      0 1570176 100200 2835324    0    0  8988   412 23123 39440 16 28 53  3  0
 0  0      0 1544724 100200 2838340    0    0     0     0 24874 40986 17 19 61  3  0
 4  0      0 1527592 100204 2841224    0    0     0    80 27034 43021 18 20 59  3  0
 4  0      0 1513256 100204 2845084    0    0     0   452 26080 42316 17 19 62  3  0
 4  0      0 1492172 100208 2848612    0    0     0   576 25686 41747 18 20 59  3  0
 2  0      0 1472320 100216 2851668    0    0     0   348 25222 41178 17 19 61  3  0
procs -----------memory---------- ---swap-- -----io---- -system-- ------cpu-----
 r  b   swpd   free   buff  cache   si   so    bi    bo   in   cs us sy id wa st
 3  0      0 1417628 100240 2855648    0    0     0  1292 26962 46319 24 27 45  4  0
 4  0      0 1369344 100248 2862048    0    0     0  2228 25672 46027 34 30 32  4  0
 3  1      0 1203220 100268 2868504    0    0     0  1288 21443 36628 42 24 30  3  0
 3  0      0 1015196 100268 2872636    0    0     0  1348 19000 32514 47 19 32  2  0
 6  0      0 1151196 100268 2874076    0    0     0     0 16395 29443 60 15 24  1  0
 4  0      0 2385592 100268 2874716    0    0     0   168 16399 31236 44 19 37  0  0
 5  0      0 2347604 100268 2875092    0    0     0    48 18468 34719 34 14 52  0  0
 3  0      0 2250592 100276 2888080    0    0     0   724 26789 42909 27 19 53  1  0
 4  0      0 1598856 100276 2926244    0    0 36744   344 21005 38405 20 20 53  6  0
 3  0      0 1279004 100276 2934432    0    0  1044     0 22105 38229 25 15 59  1  0
 2  0      0 1253344 100276 2945064    0    0     0     0 23381 39975 23 16 59  2  0
 2  0      0 1205500 100276 2953464    0    0     0    12 21739 38012 22 15 61  2  0
 3  0      0 1154340 100280 2961636    0    0     0   568 22926 39170 22 16 59  2  0
 4  0      0 1077044 100280 2969600    0    0     0   312 22257 38256 23 18 57  2  0
 7  0      0 982808 100280 2974672    0    0     0   156 20338 35612 28 14 57  1  0
 4  0      0 940872 100280 2981436    0    0     0   956 22494 39033 27 16 56  1  0
 4  0      0 733844 100284 2993376    0    0     4   728 23662 40641 22 22 54  2  0
 4  0      0 608412 100296 3001396    0    0     0  1804 22912 39758 26 17 54  3  0
 2  2      0 418212 100308 3005560    0    0     0  3380 25401 43444 22 26 22 29  0
 2  0      0 461612  98712 2901920    0    0     0   608 17222 29047 24 25 42  9  0
 2  1      0 481264  98252 2880124    0    0     0   100 19854 35070 23 21 54  2  0
procs -----------memory---------- ---swap-- -----io---- -system-- ------cpu-----
 r  b   swpd   free   buff  cache   si   so    bi    bo   in   cs us sy id wa st
 3  0      0 436292  97192 2808704    0    0     0     0 22000 37606 19 24 55  1  0
 3  0      0 374896  96752 2771536    0    0     0     0 21768 37582 22 23 53  2  0
 5  0      0 494948  95128 2592836    0    0     0     0 20322 36825 20 29 51  1  0
 1  0      0 413688  94164 2532376    0    0     0   908 23175 40005 19 26 54  2  0
 2  0      0 331520  91820 2506160    0    0     0    64 22493 38964 22 21 55  2  0
 4  0      0 351740  89068 2417736    0    0     0     0 22641 40087 22 26 51  1  0
 5  0      0 278240  85092 2306984    0    0     0     0 21078 37283 22 25 52  1  0
 2  0      0 157344  84172 2271300    0    0     0     0 23257 39297 19 24 55  2  0
 3  0      0 190740  81560 2160320    0    0  2260   748 22313 38816 15 32 51  2  0
 2  0      0 109192  80804 2103544    0    0   324   432 22004 38968 15 31 52  1  0
 1  0      0 233612  79440 2007312    0    0     0     4 21385 37782 16 28 55  2  0
 3  2      0 2156228  79448 2013824    0    0   944  3788 24583 41361 18 26 36 20  0
 3  0      0 2025024  79476 2025368    0    0  4936  1404 22831 38409 18 19 51 12  0
 2  0      0 1875312  79484 2030916    0    0   216    56 21640 38043 16 16 67  1  0
 1  0      0 1761096  79540 2037672    0    0    56    44 21276 37708 16 15 69  1  0
 4  0      0 1649632  79584 2044300    0    0    44     0 21729 38008 15 21 63  1  0
 1  0      0 1535964  79624 2051460    0    0   428     0 21075 37292 15 24 60  1  0
 2  0      0 1553208  79636 2060216    0    0   736   856 22948 39851 13 16 70  2  0
 2  0      0 1515576  79636 2064332    0    0   804   232 21202 37142 14 14 72  1  0
 1  0      0 1509508  79636 2068324    0    0     0     0 20841 37026 15 13 71  1  0
 1  1      0 1493452  79636 2073408    0    0     0     0 21753 37857 13 13 73  1  0
procs -----------memory---------- ---swap-- -----io---- -system-- ------cpu-----
 r  b   swpd   free   buff  cache   si   so    bi    bo   in   cs us sy id wa st
 1  0      0 1400556  79636 2080640    0    0     0     0 23339 39765 14 17 68  1  0
 2  0      0 1317596  79640 2090900    0    0     0   536 22986 39444 13 15 70  2  0
 2  0      0 1148828  79640 2099692    0    0     0   552 22461 38989 13 19 67  1  0
 3  1      0 3489176  79644 2108448    0    0  7060     4 21128 38215 12 16 70  2  0
 2  1      0 3459008  79644 2143492    0    0 34892     0 25549 43323  9 17 65  9  0
 2  0      0 4202052  79644 2162108    0    0 18756     0 26272 43495  6 20 66  8  0
 0  0      0 4200956  79648 2162444    0    0    76  1268 23923 39816  3 14 82  1  0
