procs -----------memory---------- ---swap-- -----io---- -system-- ------cpu-----
 r  b   swpd   free   buff  cache   si   so    bi    bo   in   cs us sy id wa st
 2  0      0 4368464 110416 1657736    0    0     3    13   13    9  2  1 96  0  0
 0  0      0 4362748 110416 1657672    0    0     0     0 5225 8232 10  7 83  0  0
 0  0      0 4364832 110420 1657688    0    0     0   308 2286 3131  3  2 96  0  0
 0  0      0 4364592 110420 1657692    0    0     0     0 1494 1915  1  1 98  0  0
 1  0      0 4364344 110420 1657704    0    0     0     0 1737 2309  1  1 98  0  0
 0  0      0 4364104 110420 1657708    0    0     0    32 2012 2747  1  2 97  0  0
 0  0      0 4364104 110420 1657716    0    0     0    24 1817 2445  1  2 97  0  0
 1  0      0 4364104 110420 1657716    0    0     0    64 2532 3769  1  2 97  0  0
 0  0      0 4363864 110420 1657724    0    0     0     0 3149 4849  3  3 94  0  0
 0  0      0 4363864 110420 1657728    0    0     0     0 1541 1906  1  1 98  0  0
 0  0      0 4363364 110420 1657744    0    0     0     0 3129 4781  3  3 95  0  0
 0  0      0 4363364 110420 1657744    0    0     0    28 1641 2055  1  1 97  0  0
 0  0      0 4363364 110424 1657748    0    0     0   140 1868 2492  1  1 97  0  0
 0  0      0 4359268 110424 1657752    0    0     0     0 1581 1962  1  1 98  0  0
 0  0      0 4361144 110424 1657760    0    0     0     0 1837 2390  1  2 97  0  0
 0  0      0 4361144 110424 1657768    0    0     0     0 1994 2588  3  2 95  0  0
 0  0      0 4361144 110424 1657772    0    0     0    16 1736 2267  1  2 98  0  0
 0  0      0 4360892 110428 1657780    0    0     0    64 1744 2296  1  2 98  0  0
 0  0      0 4360892 110428 1657784    0    0     0    32 3822 6041  4  5 92  0  0
 2  0      0 4364364 110428 1657788    0    0     0     0 5463 8553 13  9 78  0  0
 2  0      0 4360872 110428 1657796    0    0     0     0 6028 9748 13  9 78  0  0
procs -----------memory---------- ---swap-- -----io---- -system-- ------cpu-----
 r  b   swpd   free   buff  cache   si   so    bi    bo   in   cs us sy id wa st
 0  0      0 4359876 110428 1657816    0    0     0     0 3310 5261  5  4 91  0  0
 0  0      0 4359876 110432 1657816    0    0     0   140 3684 5625  7  5 88  0  0
 0  0      0 4359876 110432 1657824    0    0     0    16 1587 2026  1  2 98  0  0
 0  0      0 4359876 110432 1657836    0    0     0    40 1634 2156  1  2 97  0  0
 2  0      0 4360340 110436 1657864    0    0     0   408 6641 10767  7  8 84  1  0
 1  0      0 4339988 110448 1659272    0    0     0  1360 8785 14507 10 13 75  2  0
 1  0      0 4318940 110456 1659884    0    0     0    60 4406 6154 16  6 78  0  0
 1  0      0 4163344 110456 1660016    0    0     0     0 3551 4878 17  5 78  0  0
 1  0      0 4149244 110456 1660112    0    0     0     8 1969 1940 16  2 82  0  0
 1  0      0 4137160 110456 1660488    0    0     0   560 2751 3122 17  3 80  0  0
 1  0      0 4122052 110456 1660624    0    0     0     4 1978 1947 16  3 82  0  0
 1  0      0 4103404 110456 1660708    0    0     0   252 2058 2153 16  3 81  0  0
 1  0      0 4099624 110456 1660772    0    0     0    36 1999 1998 16  2 82  0  0
 1  0      0 4087288 110456 1660956    0    0     0     0 1995 2066 17  2 82  0  0
 1  0      0 4078152 110456 1661188    0    0     0    32 2347 2610 17  3 81  0  0
 2  0      0 4072456 110456 1661356    0    0     0     4 4754 7154 26  8 66  0  0
 3  0      0 4052008 110460 1661408    0    0     0   308 6285 10069 27 11 62  0  0
 1  0      0 4052304 110460 1661532    0    0     0    24 5156 8194 24  7 69  0  0
 1  0      0 4044764 110460 1661644    0    0     0    28 3457 4962 21  4 75  0  0
 1  0      0 4037960 110460 1661692    0    0     0    36 3270 4482 18  3 78  0  0
 1  0      0 4030080 110460 1661844    0    0     0     8 1926 2358 17  2 81  0  0
procs -----------memory---------- ---swap-- -----io---- -system-- ------cpu-----
 r  b   swpd   free   buff  cache   si   so    bi    bo   in   cs us sy id wa st
17  0      0 4021528 110476 1662048    0    0     0   616 4659 6847 19  7 73  2  0
 1  1      0 3992524 110484 1663544    0    0     0  1280 8241 13742 25 13 60  2  0
 2  0      0 3928684 110484 1664312    0    0     0    52 3824 5328 31  6 63  0  0
 2  0      0 3471812 110484 1677708    0    0     0     0 7720 8297 24 12 62  2  0
 2  0      0 3410276 110484 1684356    0    0     0    36 4175 4423 31  4 65  1  0
 2  0      0 3395132 110484 1688584    0    0     0   488 4213 4552 31  4 65  1  0
 2  0      0 3349916 110484 1694816    0    0     0     8 6512 8873 32  6 62  1  0
 2  0      0 3297656 110484 1698416    0    0     0  8716 3661 3962 30  5 64  1  0
 2  0      0 3311452 110484 1699560    0    0     0     0 3002 3427 32  4 64  0  0
 2  0      0 3299212 110484 1699752    0    0     0    32 2040 1883 33  2 65  0  0
 2  0      0 3298796 110484 1699976    0    0     0     0 2117 2264 33  2 65  0  0
 9  0      0 4007360 110484 1700128    0    0     0     8 4379 7132 36 13 52  0  0
 1  0      0 4001920 110492 1700216    0    0     0   516 5366 8386 25  8 67  0  0
 1  0      0 3997772 110492 1700380    0    0     0     4 5424 8709 22  5 72  0  0
 1  0      0 3989108 110492 1700448    0    0     0    32 3859 5721 21  5 74  0  0
 1  0      0 3980364 110492 1700544    0    0     0     8 1887 2257 16  2 82  0  0
 1  0      0 3973560 110492 1700696    0    0     0     0 4064 6171 19  4 77  0  0
 2  0      0 3967072 110496 1700808    0    0     0   532 4288 6298 20  6 73  1  0
 2  0      0 3938840 110508 1702796    0    0     0  1176 8526 14363 26 14 58  2  0
 2  0      0 3889536 110512 1703260    0    0     0    92 3062 3574 31  5 64  0  0
 2  0      0 3381064 110512 1716132    0    0     0     0 7211 7281 24 11 64  2  0
procs -----------memory---------- ---swap-- -----io---- -system-- ------cpu-----
 r  b   swpd   free   buff  cache   si   so    bi    bo   in   cs us sy id wa st
 2  0      0 3346428 110512 1721096    0    0     0     0 4428 4508 27  5 68  1  0
 3  0      0 3316132 110512 1725004    0    0     0   640 3934 4231 26  4 68  2  0
 2  0      0 3288296 110512 1729392    0    0     0    24 4379 4524 26  6 68  0  0
 1  0      0 3256916 110512 1733752    0    0     0   236 3938 3983 25  6 69  1  0
 1  0      0 3231288 110512 1737956    0    0     0    32 4219 4585 27  4 70  0  0
 1  0      0 3208108 110512 1742856    0    0     0     4 6245 8552 27  6 66  1  0
 2  0      0 3182956 110512 1747316    0    0     0     8 3755 3811 26  5 69  0  0
 4  0      0 3195912 110512 1748124    0    0     0     0 4641 8145 42 10 48  0  0
 5  0      0 3182796 110512 1748220    0    0     0   196 4751 8453 42  8 50  0  0
 2  0      0 3182444 110512 1748376    0    0     0     4 3481 6070 41  6 53  0  0
 1  0      0 3944904 110512 1748424    0    0     0    72 3386 4993 27  9 65  0  0
 1  0      0 3933524 110512 1748532    0    0     0  1584 2029 2304 17  2 81  0  0
 1  0      0 3927488 110512 1748644    0    0     0     0 2198 2727 17  2 81  0  0
 1  1      0 3918640 110516 1748820    0    0     0   528 4477 6634 20  7 72  1  0
 3  0      0 3912988 110540 1750800    0    0     0  1244 8954 15174 24 13 61  2  0
 2  0      0 3864152 110540 1751348    0    0     0    12 5012 7369 33  7 59  0  0
 2  0      0 3443916 110540 1764916    0    0     0    40 7081 7093 24 11 64  2  0
 2  0      0 3148112 110540 1765728    0    0     0     0 3235 3379 25  7 68  0  0
 2  0      0 3113576 110540 1767824    0    0     0     0 2952 2940 26  4 70  0  0
 3  0      0 3087132 110540 1769480    0    0     0    12 3002 3102 27  3 70  0  0
 1  0      0 3063860 110544 1771204    0    0     0  5488 3016 3068 27  3 70  0  0
procs -----------memory---------- ---swap-- -----io---- -system-- ------cpu-----
 r  b   swpd   free   buff  cache   si   so    bi    bo   in   cs us sy id wa st
 2  0      0 3042732 110544 1772924    0    0     0 13996 3536 3903 26  4 70  0  0
 2  0      0 3014280 110544 1774596    0    0     0   636 4909 6514 27  5 67  1  0
 1  0      0 2997912 110544 1776100    0    0     0     0 2908 2948 27  3 70  0  0
 2  0      0 2962380 110544 1778044    0    0     0     8 4492 6423 33  7 61  0  0
 3  0      0 2927720 110552 1779608    0    0     0   708 6752 12379 38 11 51  0  0
 2  0      0 2917472 110552 1779796    0    0     0     8 3636 7316 41  6 53  0  0
 2  0      0 3005492 110552 1779904    0    0     0    36 4852 8213 40  7 53  0  0
 1  0      0 3866456 110552 1780072    0    0     0    40 2224 2009 20 11 69  0  0
 1  0      0 3858412 110552 1780176    0    0     0     0 2162 2179 17  2 81  0  0
 8  0      0 3846072 110572 1780312    0    0     0   524 3824 5040 21  5 74  1  0
 2  0      0 3815540 110580 1782136    0    0     0   740 9456 16108 26 15 57  2  0
 2  0      0 3379468 110596 1796816    0    0     0   656 8703 10092 23 14 61  2  0
 2  0      0 2984764 110596 1801092    0    0     0     4 3584 3830 26  6 68  0  0
 2  0      0 2963064 110596 1807136    0    0     0    40 2919 2990 30  3 67  0  0
 2  0      0 2927136 110596 1810432    0    0     0     0 5309 7406 30  5 65  0  0
 2  0      0 2862480 110596 1816888    0    0     0 11984 3462 3424 27  4 70  0  0
 2  0      0 2813528 110600 1821380    0    0     0  1592 5130 6263 28  3 66  2  0
 2  0      0 2785824 110600 1823036    0    0     0    12 2883 2822 30  3 68  0  0
 2  0      0 2736600 110600 1828004    0    0     0     4 2794 2959 32  3 65  0  0
 1  0      0 2642500 110600 1835612    0    0     0    36 3847 3999 28  4 68  0  0
 1  0      0 2590452 110600 1840944    0    0     0  7672 3219 3442 29  3 68  0  0
procs -----------memory---------- ---swap-- -----io---- -system-- ------cpu-----
 r  b   swpd   free   buff  cache   si   so    bi    bo   in   cs us sy id wa st
 1  0      0 2477324 110604 1845784    0    0     0   476 3510 3676 29  4 67  1  0
 2  0      0 2291364 110604 1851116    0    0     0     0 3166 3180 29  4 66  0  0
 1  0      0 2213100 110604 1860468    0    0     0     8 3354 3405 30  4 66  0  0
 4  0      0 2070388 110604 1869676    0    0     0    12 5488 7270 32  6 62  1  0
 2  0      0 1971616 110604 1876420    0    0     0    32 3247 3361 30  4 65  0  0
 2  0      0 1882672 110608 1883876    0    0     0   116 3430 3600 31  4 65  0  0
 2  0      0 1768448 110608 1892964    0    0    56   424 3739 3616 30  4 66  1  0
 2  0      0 1339016 110608 1915940    0    0     0     0 8142 8086 23 12 63  2  0
 2  0      0 1175444 110608 1924316    0    0     0   952 3561 3865 24  4 72  0  0
 2  1      0 1017948 110608 1933740    0    0     0 62184 4075 4725 24  5 70  2  0
 0 11      0 964800 110608 1938768    0    0     0   408 5344 7057 12  4 18 67  0
 4  0      0 877808 110612 1950640    0    0   260    64 12011 15840  7  2 17 74  0
 1  0      0 755312 110620 1957472    0    0     0  5556 3692 4211 24  5 71  0  0
 2  0      0 650844 110620 1965092    0    0     0     0 3869 4184 26  4 70  0  0
 4  1      0 521976 110620 1974132    0    0     0     0 4182 4614 25  4 71  0  0
 3  0      0 366828 110620 1981112    0    0     0  9472 3939 4443 25  4 70  0  0
 2  2      0 230788 110620 1987844    0    0     0   352 4128 4638 24  5 47 24  0
 1  3      0 225296 110620 1987936    0    0     0     4 2226 2853  4  2 47 48  0
 4  0      0 179008 109904 1962644    0    0     0 36172 5613 5948 18  6 54 22  0
 2  4      0 229416 108872 1941948    0    0   500     0 13648 18145 15  3 40 42  0
 2  7      0 216980 108876 1944380    0    0     0   272 2775 3143 10  2 49 39  0
procs -----------memory---------- ---swap-- -----io---- -system-- ------cpu-----
 r  b   swpd   free   buff  cache   si   so    bi    bo   in   cs us sy id wa st
 7  0      0 210760 108876 1948136    0    0   212    60 8442 9901 10  2 42 45  0
 4  0      0 222328 108456 1936456    0    0   316   124 3642 3933 30  4 65  1  0
 3  2      0 231372 108072 1911812    0    0  4116 25960 5219 5741 16  6 58 19  0
 2  0      0 837504 106968 1875460    0    0     0     0 3069 3401 14  9 72  5  0
 2  0      0 3181484 106968 1877288    0    0     0     0 4635 6852 19  6 76  0  0
 6  0      0 3190112 106968 1877292    0    0     0     0 2425 2998 18  2 80  0  0
 2  8      0 3193972 106968 1877228    0    0     0 12400 2930 3784 18  3 35 44  0
 2  0      0 4223508 106980 1877096    0    0     4   560 8854 11652  3  3 46 48  0
 2  0      0 4225572 106980 1877104    0    0     0     0 4021 6368  4  3 93  0  0
 1  0      0 4225572 106980 1877120    0    0     0     0 1590 1967  2  1 97  0  0
 1  0      0 4225572 106980 1877120    0    0     0     0 1877 2526  1  2 97  0  0
 2  0      0 4225108 106980 1877128    0    0     0     0 4139 6595  5  5 90  0  0
 1  0      0 4224692 106984 1877132    0    0     0   248 2285 3247  1  2 96  1  0
 1  0      0 4224440 106984 1877140    0    0     0     0 1778 2296  1  2 97  0  0
 1  0      0 4224440 106984 1877148    0    0     0     0 1805 2440  1  2 97  0  0
 1  0      0 4224612 106984 1877152    0    0     0     0 1628 2049  1  2 97  0  0
 1  0      0 4224696 106984 1877156    0    0     0     0 1947 2670  1  1 97  0  0
 1  0      0 4224696 106988 1877160    0    0     0   196 1706 1980  1  2 97  0  0
 1  0      0 4224696 106988 1877168    0    0     0    40 2014 2666  2  2 97  0  0
 1  0      0 4224696 106988 1877176    0    0     0     0 1661 2144  1  2 97  0  0
 1  0      0 4224444 106988 1877184    0    0     0     0 1763 2292  2  2 96  0  0
procs -----------memory---------- ---swap-- -----io---- -system-- ------cpu-----
 r  b   swpd   free   buff  cache   si   so    bi    bo   in   cs us sy id wa st
 1  0      0 4224444 106988 1877188    0    0     0     0 5075 8303  5  5 90  0  0
 3  0      0 4224444 106996 1877184    0    0    16   116 2411 3347  2  2 96  0  0
 1  0      0 4224444 106996 1877220    0    0     0     8 2875 4405  1  3 96  0  0
 1  0      0 4224444 106996 1877228    0    0     0    56 1919 2494  1  2 97  0  0
 1  0      0 4224444 106996 1877232    0    0     0     0 1955 2643  1  2 97  0  0
 1  0      0 4224444 106996 1877232    0    0     0     0 1691 2264  1  2 98  0  0
 1  0      0 4224444 107000 1877236    0    0     0    68 1562 1945  1  1 98  0  0
 4  0      0 4224444 107000 1877248    0    0     0     8 1964 2615  1  2 97  0  0
 1  0      0 4224444 107000 1877256    0    0     0    20 1650 2052  3  2 96  0  0
 1  0      0 4224444 107000 1877260    0    0     0     4 1742 2210  1  2 97  0  0
 1  0      0 4223952 107000 1878012    0    0   748     0 8142 13046  7  6 88  0  0
 1  0      0 4223952 107004 1878012    0    0     0    88 2331 3261  1  2 96  1  0
 1  0      0 4223208 107004 1878024    0    0     0     0 1671 2197  1  2 97  0  0
 1  0      0 4223392 107004 1878032    0    0     0    28 2041 2867  2  2 96  0  0
 2  0      0 4223464 107004 1878044    0    0     0   428 3268 4680  2  3 93  3  0
 1  0      0 4212972 107016 1879860    0    0  1856   504 7133 11681  6  8 82  4  0
 2  0      0 4212972 107016 1880016    0    0     0   184 2810 4149  2  2 96  0  0
 1  0      0 4211980 107016 1880020    0    0     0     0 3265 5027  4  3 93  0  0
 1  0      0 4211980 107016 1880032    0    0     0     8 1558 1933  1  2 98  0  0
 1  0      0 4211980 107016 1880040    0    0     0    20 2001 2670  1  1 97  0  0
 1  0      0 4211980 107024 1880036    0    0     0   124 4296 6898  3  5 92  0  0
procs -----------memory---------- ---swap-- -----io---- -system-- ------cpu-----
 r  b   swpd   free   buff  cache   si   so    bi    bo   in   cs us sy id wa st
 2  0      0 4211980 107024 1880048    0    0     0    12 1863 2513  2  2 96  0  0
 1  0      0 4211980 107024 1880064    0    0     0     0 1842 2432  1  2 97  0  0
 1  0      0 4211980 107024 1880068    0    0     0     8 1775 2423  1  2 97  0  0
 1  0      0 4211980 107024 1880076    0    0     0     0 1866 2374  2  2 96  0  0
 1  0      0 4211980 107024 1880080    0    0     0   228 1870 2439  1  2 96  1  0
 1  0      0 4211980 107024 1880084    0    0     0     0 1673 2221  2  2 97  0  0
 1  0      0 4211728 107024 1880092    0    0     0    12 1886 2503  1  2 97  0  0
 2  0      0 4211728 107024 1880092    0    0     0     0 1625 2115  1  1 97  0  0
 1  0      0 4211488 107024 1880100    0    0     0     4 1927 2512  2  2 97  0  0
 1  0      0 4211488 107024 1880104    0    0     0    60 4892 7985  5  5 90  0  0
 2  0      0 4211488 107024 1880116    0    0     0     0 2617 4002  1  2 96  0  0
 1  0      0 4210984 107024 1880120    0    0     0     0 2296 3267  1  2 96  0  0
 1  0      0 4210984 107024 1880132    0    0     0    20 1987 2767  2  2 96  0  0
 1  0      0 4210984 107024 1880136    0    0     0   132 1828 2361  1  2 97  0  0
 2  0      0 4210984 107032 1880140    0    0     0    80 1798 2414  1  2 97  0  0
 1  0      0 4210984 107032 1880148    0    0     0    16 1746 2337  1  2 97  0  0
 1  0      0 4210732 107032 1880152    0    0     0     0 2040 2804  1  3 96  0  0
 1  0      0 4210732 107032 1880160    0    0     0     0 1636 2130  1  2 97  0  0
 1  0      0 4206636 107032 1880168    0    0     0    12 1902 2603  1  2 97  0  0
10  0      0 4205880 107032 1880696    0    0   564    96 5469 9160  6  5 88  1  0
 1  0      0 4208092 107032 1880748    0    0     0    12 2290 3188  2  2 96  0  0
procs -----------memory---------- ---swap-- -----io---- -system-- ------cpu-----
 r  b   swpd   free   buff  cache   si   so    bi    bo   in   cs us sy id wa st
 1  0      0 4208092 107032 1880752    0    0     0     0 1854 2412  1  2 97  0  0
 1  0      0 4207392 107032 1880760    0    0     0     0 2115 2981  2  2 97  0  0
 1  0      0 4205880 107032 1880936    0    0   296     0 1782 2166  2  2 96  0  0
