procs -----------memory---------- ---swap-- -----io---- -system-- ------cpu-----
 r  b   swpd   free   buff  cache   si   so    bi    bo   in   cs us sy id wa st
 3  0      0 4380104 160880 1642048    0    0     2    10   16    8  1  1 98  0  0
 1  0      0 4382768 160880 1642080    0    0     0     0 5928 9710 12  8 80  0  0
 1  0      0 4382556 160880 1642084    0    0     0    92 1678 1811  1  1 98  0  0
 0  0      0 4382068 160880 1642088    0    0     0     0 2449 3456  2  3 95  0  0
 0  0      0 4381828 160880 1642092    0    0     0     0 1812 2350  1  1 98  0  0
 0  0      0 4381588 160880 1642096    0    0     0    28 1317 1487  0  1 99  0  0
 0  0      0 4381588 160880 1642100    0    0     0    24 1921 2670  1  1 98  0  0
 0  0      0 4381096 160880 1642104    0    0     0     0 1621 1965  1  1 98  0  0
 0  0      0 4381268 160880 1642112    0    0     0    60 1527 1856  1  1 98  0  0
 0  0      0 4381108 160880 1642116    0    0     0     0 2376 3495  1  2 97  0  0
 0  0      0 4381108 160880 1642124    0    0     0     0 1204 1334  1  1 99  0  0
 0  0      0 4381108 160880 1642124    0    0     0    16 1245 1469  1  1 99  0  0
 0  0      0 4381108 160880 1642128    0    0     0    28 1521 1855  1  2 98  0  0
 0  0      0 4380856 160880 1642132    0    0     0    52 2410 3482  2  2 96  0  0
 0  0      0 4380856 160880 1642136    0    0     0     0 1744 2304  1  1 98  0  0
 0  0      0 4380804 160880 1642144    0    0     0     0 1304 1560  1  1 99  0  0
 0  0      0 4378944 160880 1642144    0    0     0     4 1451 1850  2  1 97  0  0
 0  0      0 4378692 160880 1642152    0    0     0     8 1441 1765  1  1 98  0  0
 0  0      0 4380812 160880 1642156    0    0     0    60 1631 2018  0  1 98  0  0
 0  0      0 4380812 160880 1642160    0    0     0     0 1288 1560  0  1 99  0  0
 4  0      0 4380328 160880 1642164    0    0     0     0 2578 3484  5  3 92  0  0
procs -----------memory---------- ---swap-- -----io---- -system-- ------cpu-----
 r  b   swpd   free   buff  cache   si   so    bi    bo   in   cs us sy id wa st
 0  0      0 4380464 160880 1642384    0    0   204     0 5529 8603  9  6 85  0  0
 0  0      0 4383624 160880 1642392    0    0     0     8 5525 8946 10  8 82  0  0
 0  0      0 4385596 160880 1642388    0    0     0    60 3976 6382  5  5 90  0  0
 0  0      0 4385596 160880 1642400    0    0     0    40 2796 4175  1  2 97  0  0
 0  0      0 4385596 160880 1642408    0    0     0     0 1261 1432  0  1 99  0  0
 0  0      0 4385104 160880 1642412    0    0     0     8 1961 2602  1  2 97  0  0
 0  0      0 4385104 160880 1642416    0    0     0     8 1517 1947  0  2 98  0  0
 0  0      0 4385104 160880 1642420    0    0     0    44 1473 1765  1  1 98  0  0
 0  0      0 4385104 160880 1642424    0    0     0     8 1572 1972  1  1 98  0  0
 0  0      0 4385104 160880 1642428    0    0     0    24 1237 1389  1  1 98  0  0
 0  0      0 4385104 160880 1642432    0    0     0     0 1117 1212  1  1 98  0  0
 0  0      0 4384612 160880 1642436    0    0     0     0 1661 2116  1  2 98  0  0
 0  0      0 4384536 160884 1642444    0    0     0   152 2760 4054  1  3 96  0  0
 0  0      0 4384624 160884 1642448    0    0     0     0 2024 2878  1  1 98  0  0
 0  0      0 4384624 160884 1642452    0    0     0    12 1338 1638  0  1 99  0  0
 0  0      0 4384624 160884 1642456    0    0     0    28 1787 2431  1  1 98  0  0
 3  0      0 4383432 160884 1642460    0    0     0     0 2048 2552  3  2 95  0  0
 0  0      0 4383428 160888 1642480    0    0     0    72 5970 9994 11  8 81  0  0
 0  0      0 4380096 160888 1642488    0    0     0     0 6282 10544 12  6 82  0  0
 0  0      0 4381860 160888 1642488    0    0     0     0 3903 6068  6  5 89  0  0
 0  0      0 4381860 160888 1642496    0    0     0     8 1255 1485  1  1 99  0  0
procs -----------memory---------- ---swap-- -----io---- -system-- ------cpu-----
 r  b   swpd   free   buff  cache   si   so    bi    bo   in   cs us sy id wa st
 0  0      0 4381860 160888 1642500    0    0     0    40 1552 1915  1  1 98  0  0
 0  0      0 4381860 160892 1642504    0    0     0    96 2561 3703  2  3 95  0  0
 0  0      0 4381396 160892 1642512    0    0     0     0 1851 2522  1  2 97  0  0
 0  0      0 4381568 160892 1642520    0    0     0     0 1227 1414  1  1 98  0  0
 0  0      0 4381416 160892 1642524    0    0     0     0 1820 2472  1  1 98  0  0
 0  0      0 4381416 160892 1642524    0    0     0     8 1493 1779  0  1 98  0  0
 0  0      0 4381416 160892 1642528    0    0     0    96 1511 1879  1  1 98  0  0
 0  0      0 4381416 160892 1642536    0    0     0     8 1238 1509  0  1 99  0  0
 0  0      0 4381416 160892 1642544    0    0     0     0 1135 1250  0  1 99  0  0
 0  0      0 4381416 160892 1642544    0    0     0     0 1063 1148  0  1 99  0  0
 0  0      0 4381416 160892 1642548    0    0     0     0 1594 2032  1  2 98  0  0
 0  0      0 4381668 160892 1642552    0    0     0    52 2385 3410  2  2 96  0  0
 3  0      0 4378228 160892 1642556    0    0     0    32 3652 5588  4  4 93  0  0
 0  0      0 4377136 160892 1642576    0    0     0     0 5638 8993 10  7 83  0  0
 0  0      0 4376704 160892 1642588    0    0     0     0 6132 10275 10  8 82  0  0
 0  0      0 4378756 160892 1642588    0    0     0     0 3380 5178  5  4 91  0  0
 0  0      0 4378516 160892 1642592    0    0     0    56 1490 1795  1  1 98  0  0
 0  0      0 4378516 160892 1642596    0    0     0    16 1626 2066  1  2 98  0  0
 0  0      0 4378516 160892 1642604    0    0     0    52 1329 1645  1  1 98  0  0
 0  0      0 4378516 160892 1642608    0    0     0     0 1018 1169  0  1 99  0  0
 0  0      0 4378276 160892 1642608    0    0     0     0 1388 1701  0  1 98  0  0
procs -----------memory---------- ---swap-- -----io---- -system-- ------cpu-----
 r  b   swpd   free   buff  cache   si   so    bi    bo   in   cs us sy id wa st
 0  0      0 4377776 160892 1642612    0    0     0    64 2448 3484  2  2 96  0  0
 0  0      0 4377776 160892 1642616    0    0     0     0 1804 2447  1  1 98  0  0
 0  0      0 4377776 160892 1642628    0    0     0    20 1409 1591  1  1 98  0  0
 0  0      0 4377552 160892 1642632    0    0     0    28 2154 2951  1  1 98  0  0
 0  0      0 4377300 160892 1642632    0    0     0     0 1584 1986  1  2 98  0  0
 0  0      0 4377300 160892 1642636    0    0     0    48 1436 1694  1  1 98  0  0
 0  0      0 4377300 160892 1642640    0    0     0    76 2447 3609  1  2 97  0  0
 0  0      0 4377060 160892 1642648    0    0     0     0 1216 1400  0  1 99  0  0
 1  0      0 4365680 160892 1642652    0    0     0    12 1507 1693  2  1 96  0  0
 0  0      0 4382672 160892 1642668    0    0     0    32 6238 10278 11  9 80  0  0
 6  0      0 4380940 160892 1642676    0    0     0    68 6099 10029 11  8 81  0  0
 0  0      0 4382228 160892 1642676    0    0     0     0 3699 5844  5  4 91  0  0
 0  0      0 4382228 160892 1642688    0    0     0     0 1132 1308  0  1 99  0  0
 0  0      0 4382228 160892 1642688    0    0     0     8 2010 2851  1  1 98  0  0
 1  0      0 4381976 160892 1642692    0    0     0    44 1726 2178  1  1 98  0  0
 0  0      0 4381976 160892 1642696    0    0     0    64 1581 2042  1  1 98  0  0
 0  0      0 4383972 160892 1642700    0    0     0     0 1250 1476  1  1 99  0  0
 0  0      0 4383972 160892 1642704    0    0     0     0 1209 1432  1  1 98  0  0
 0  0      0 4383972 160892 1642712    0    0     0     8 1242 1397  0  1 99  0  0
 0  0      0 4383972 160892 1642716    0    0     0     8 1572 2032  1  1 98  0  0
 0  0      0 4383724 160892 1642720    0    0     0    72 2446 3515  1  3 96  0  0
procs -----------memory---------- ---swap-- -----io---- -system-- ------cpu-----
 r  b   swpd   free   buff  cache   si   so    bi    bo   in   cs us sy id wa st
 0  0      0 4383724 160892 1642724    0    0     0     8 2853 4320  1  2 97  0  0
 0  0      0 4383724 160892 1642728    0    0     0     0 1038 1110  0  1 99  0  0
 0  0      0 4383724 160892 1642732    0    0     0     0 1798 2244  1  2 97  0  0
 1  0      0 4383724 160892 1642736    0    0     0     4 1530 2030  1  1 98  0  0
 1  0      0 4383504 160892 1642740    0    0     0    36 1810 2156  1  1 98  0  0
 0  0      0 4379280 160892 1642764    0    0     0    24 6847 11826 15  9 76  0  0
 0  0      0 4379052 160892 1642776    0    0     0     8 5880 9628 12  9 80  0  0
 0  0      0 4380944 160892 1642776    0    0     0     0 3665 6044  7  3 89  0  0
 0  0      0 4380944 160892 1642780    0    0     0     8 1550 2052  1  1 98  0  0
 0  0      0 4380944 160892 1642784    0    0     0    56 2757 4013  2  3 95  0  0
 0  0      0 4380944 160892 1642788    0    0     0    20 2084 2871  1  1 98  0  0
 0  0      0 4380944 160892 1642796    0    0     0    36 1146 1283  1  1 99  0  0
 0  0      0 4380944 160892 1642800    0    0     0     4 1718 2241  1  1 98  0  0
 0  0      0 4380720 160892 1642800    0    0     0     0 1643 2249  1  1 99  0  0
 0  0      0 4380720 160892 1642808    0    0     0    56 1867 2368  1  2 98  0  0
 0  0      0 4382652 160892 1642812    0    0     0     0 2349 3486  1  2 97  0  0
 0  0      0 4382652 160892 1642820    0    0     0    12 1184 1369  1  1 98  0  0
 0  0      0 4382652 160892 1642824    0    0     0    24 1198 1367  1  1 98  0  0
 0  0      0 4382652 160892 1642828    0    0     0     4 1329 1577  1  1 98  0  0
 0  0      0 4383236 160892 1642792    0    0     0    68 8348 14275 17 12 71  0  0
 0  0      0 4382980 160892 1642800    0    0     0     0 6665 10898 12  8 81  0  0
procs -----------memory---------- ---swap-- -----io---- -system-- ------cpu-----
 r  b   swpd   free   buff  cache   si   so    bi    bo   in   cs us sy id wa st
 0  0      0 4384904 160892 1642812    0    0     0    48 2855 4335  5  4 92  0  0
 0  0      0 4384904 160892 1642816    0    0     0     8 1876 2542  1  1 98  0  0
 1  0      0 4384904 160892 1642820    0    0     0    36 1478 1898  1  1 98  0  0
 0  0      0 4384904 160892 1642824    0    0     0    76 1763 2319  0  2 98  0  0
 0  0      0 4384904 160892 1642828    0    0     0     8 1224 1443  0  1 99  0  0
 0  0      0 4384904 160892 1642832    0    0     0     0 1055 1237  0  1 99  0  0
 0  0      0 4384904 160892 1642836    0    0     0     0 1042 1226  0  1 99  0  0
 0  0      0 4384904 160892 1642840    0    0     0     8 1272 1672  1  1 98  0  0
 0  0      0 4384904 160892 1642844    0    0     0   128 2716 4035  2  3 95  0  0
 0  0      0 4384904 160892 1642852    0    0     0    12 2589 3890  1  2 97  0  0
 0  0      0 4384904 160892 1642856    0    0     0     0 1120 1367  0  1 99  0  0
 2  0      0 4382712 160892 1642860    0    0     0     0 2722 4012  5  3 92  0  0
 0  0      0 4378184 160892 1642876    0    0     0     0 5648 9196  9  7 85  0  0
 0  0      0 4380352 160892 1642880    0    0     0    56 5687 9505 11  8 80  1  0
 0  0      0 4379900 160896 1642848    0    0     0   104 4256 6306  6  5 88  0  0
 1  0      0 4359444 160904 1643056    0    0     0   936 8366 13637  7  9 82  2  0
 1  0      0 4342284 160904 1653732    0    0  9116   580 4814 6634 11  6 80  2  0
 1  0      0 4171976 160904 1660572    0    0  6700    24 3847 4752 13  4 81  2  0
 1  0      0 4156116 160904 1660752    0    0     0   464 3542 4620 18  3 79  0  0
 1  0      0 4143792 160904 1661032    0    0     0     8 2427 2690 16  2 82  0  0
 1  0      0 4127172 160904 1661260    0    0     0    44 1806 1458 15  2 82  0  0
procs -----------memory---------- ---swap-- -----io---- -system-- ------cpu-----
 r  b   swpd   free   buff  cache   si   so    bi    bo   in   cs us sy id wa st
 1  0      0 4108524 160904 1661312    0    0     0   144 2349 2561 17  1 82  0  0
 1  0      0 4101228 160904 1662276    0    0   760     8 2176 2173 16  2 82  0  0
 1  0      0 4090404 160904 1662424    0    0     0     0 2488 2657 17  3 81  0  0
 1  0      0 4082088 160904 1662556    0    0     0     0 2817 3562 17  2 81  0  0
 1  0      0 4066732 160904 1662724    0    0     0    24 1829 1593 16  2 81  0  0
 1  0      0 4061016 160904 1662820    0    0     0   156 5900 9677 29  8 62  0  0
 1  0      0 4050008 160904 1662960    0    0     0     4 5650 9103 27  8 65  0  0
 1  0      0 4049880 160904 1662964    0    0     0    84 4719 7242 22  6 72  0  0
 2  0      0 4020048 160904 1663356    0    0     0   932 7790 12695 23  9 66  2  0
 2  0      0 3993564 160904 1665644    0    0     0   576 4016 5462 28  8 64  1  0
 2  1      0 3748892 160904 1676500    0    0     0    68 6725 7447 30  6 63  1  0
 2  0      0 3424912 160904 1681016    0    0     0     0 5013 4986 26  6 67  1  0
 2  0      0 3391352 160904 1685936    0    0     0     8 4547 4879 27  4 68  1  0
 1  0      0 3360596 160904 1691260    0    0     0     4 4278 4267 26  4 70  0  0
 2  0      0 3326456 160908 1695828    0    0     0   220 3988 3946 27  3 69  1  0
 2  0      0 3300916 160908 1700544    0    0     0    44 4013 3968 26  4 70  0  0
 1  0      0 3276136 160908 1705552    0    0     0     8 4171 4128 27  3 69  1  0
 2  0      0 3248328 160908 1710596    0    0     0     0 5504 6776 28  5 66  1  0
 2  0      0 3233460 160908 1710836    0    0     0     4 3589 4751 34  2 64  0  0
 3  0      0 4002224 160916 1710928    0    0     0   200 4623 10966 43 12 45  0  0
 1  0      0 3985824 160916 1711028    0    0     0   144 5518 8720 27  8 66  0  0
procs -----------memory---------- ---swap-- -----io---- -system-- ------cpu-----
 r  b   swpd   free   buff  cache   si   so    bi    bo   in   cs us sy id wa st
 3  0      0 3982804 160916 1711188    0    0     0     0 2863 3669 19  3 78  0  0
 4  0      0 3972588 160916 1711392    0    0     0  1084 7580 12469 23  7 67  2  0
 2  0      0 3943344 160916 1713764    0    0     0   588 5957 9465 28  9 63  1  0
 3  1      0 3716196 160916 1719496    0    0     0    24 3994 4689 29  5 65  0  0
 2  0      0 3203444 160916 1728036    0    0     0     4 5508 5502 25  7 67  1  0
 1  0      0 3164940 160916 1730036    0    0     0    44 2803 3236 26  4 70  0  0
 2  0      0 3136412 160916 1731748    0    0     0     0 4441 5898 28  5 67  0  0
 1  0      0 3108576 160916 1733708    0    0     0   252 3314 4168 27  4 70  0  0
 2  0      0 3091716 160916 1735272    0    0     0  5800 2586 2939 26  4 71  0  0
 1  0      0 3061968 160916 1737380    0    0     0 13992 2889 3066 27  3 70  0  0
 2  0      0 3044104 160916 1738868    0    0     0  1084 3037 3121 27  3 61 10  0
 4  0      0 3017572 160916 1740728    0    0     0     8 3277 3865 27  4 69  0  0
 2  0      0 2953108 160920 1742204    0    0     0   228 7027 14731 42 11 47  0  0
 2  0      0 2932868 160920 1742624    0    0     0    36 4138 8515 42  8 50  0  0
 4  0      0 3895188 160920 1742804    0    0     0   104 3161 4253 32  8 59  0  0
 2  0      0 3885752 160920 1743124    0    0     0   996 7466 12355 23 11 64  2  0
 2  0      0 3854920 160920 1746372    0    0     0   628 6474 10319 28 10 61  1  0
 2  0      0 3675156 160920 1746644    0    0     0    20 3346 4236 32  4 64  0  0
 1  0      0 3212556 160920 1760804    0    0     0     8 7669 7864 25  8 65  2  0
 2  0      0 2981128 160920 1765324    0    0     0     8 3520 3638 29  3 67  0  0
 2  0      0 2953748 160920 1772300    0    0     0    36 2780 2488 29  2 69  0  0
procs -----------memory---------- ---swap-- -----io---- -system-- ------cpu-----
 r  b   swpd   free   buff  cache   si   so    bi    bo   in   cs us sy id wa st
 2  0      0 2874508 160920 1777376    0    0     0  9328 5235 6567 28  4 67  1  0
 1  0      0 2849848 160920 1782324    0    0     0    12 3188 3326 28  3 69  0  0
 2  0      0 2794196 160920 1787168    0    0     0     0 3101 2974 28  3 69  0  0
 2  0      0 2751244 160920 1790096    0    0     0     0 2459 2206 32  2 67  0  0
 2  0      0 2676760 160920 1796724    0    0     0    32 3374 3486 29  4 67  0  0
 7  0      0 2605316 160920 1803708    0    0     0   220 4563 5775 31  4 65  1  0
 2  0      0 2527404 160920 1808972    0    0     0    12 4764 6316 29  3 67  0  0
 2  0      0 2326720 160920 1815248    0    0     0     0 3709 3758 30  3 67  1  0
 2  0      0 2223584 160920 1824500    0    0     0     0 3265 3165 30  3 66  0  0
 2  0      0 2125272 160920 1833600    0    0     0    24 3402 3228 28  5 67  0  0
 7  1      0 1934320 160920 1842348    0    0     0   120 4011 4971 29  5 66  0  0
 2  0      0 1482764 160920 1863736    0    0  1176     8 9182 9339 21  9 68  2  0
 2  0      0 1363872 160920 1875028    0    0     0     8 4097 4360 23  4 73  0  0
 1  0      0 1204732 160920 1885528    0    0     0     8 4686 5193 24  4 72  0  0
 2  0      0 1120312 160920 1896644    0    0     0    24 4030 4154 25  4 70  0  0
 2  2      0 995232 160920 1907596    0    0     0 77440 5301 6100 25  7 59  9  0
 0  0      0 941496 160920 1917548    0    0     0    12 6289 8290 25  5 68  2  0
 2  0      0 683672 160920 1924448    0    0     0     4 4210 4307 24  5 71  0  0
 2  0      0 622320 160920 1933432    0    0     0  7096 4319 4694 25  4 71  0  0
 2  0      0 516272 160920 1940332    0    0     0     0 3777 3960 28  3 69  0  0
 7  0      0 422124 160920 1947648    0    0     0  1164 3709 4067 30  4 64  2  0
procs -----------memory---------- ---swap-- -----io---- -system-- ------cpu-----
 r  b   swpd   free   buff  cache   si   so    bi    bo   in   cs us sy id wa st
 0  0      0 1070816 160920 1953872    0    0     0  2984 3853 4326 23  6 71  0  0
 1  0      0 971472 160920 1961052    0    0     0    16 2772 2980 14  3 84  0  0
 0  0      0 971268 160920 1969080    0    0     0     0 2824 2986 14  2 84  0  0
 1  0      0 942584 160920 1972808    0    0     0     4 2302 2496 14  2 84  0  0
 0  0      0 937404 160920 1976964    0    0     0   124 3477 4306 16  3 81  1  0
 1  0      0 894116 160920 1982048    0    0     0     0 4783 6406 13  3 84  0  0
 0  0      0 815176 160920 1988392    0    0     0     0 2522 2620 14  2 84  0  0
 0  0      0 760440 160920 1998880    0    0     0    24 4033 4659 12  3 84  0  0
 1  0      0 587276 160920 2007672    0    0     0     0 2753 2820 12  5 83  0  0
 1  0      0 2921668 160920 2009508    0    0     0    32 2367 2897 17  3 80  0  0
 1  0      0 3021796 160920 2009516    0    0     0    96 3146 3989 18  2 80  0  0
 0  0      0 3960616 160920 2009520    0    0     0     0 1567 1633  4  6 91  0  0
 1  0      0 3960152 160920 2009528    0    0     0     4 1318 1423  1  1 98  0  0
