procs -----------memory---------- ---swap-- -----io---- -system-- ------cpu-----
 r  b   swpd   free   buff  cache   si   so    bi    bo   in   cs us sy id wa st
 5  0      0 975672 199444 4956040    0    0     6    28   30    5  2  6 91  1  0
 2  0      0 974100 199444 4956084    0    0     0    88 16342 28479 12 14 74  0  0
 0  0      0 975920 199444 4956156    0    0     0   260 13378 22620  2  9 89  0  0
 1  0      0 975920 199444 4956216    0    0     0    16 13199 22114  3 10 87  0  0
 0  0      0 975920 199444 4956268    0    0     0   828 13521 22476  3 10 87  0  0
 0  0      0 975920 199444 4956336    0    0     0   140 12386 20670  2  8 90  0  0
 0  0      0 975920 199444 4956388    0    0     0   124 15225 24612  2 12 85  0  0
 1  2      0 975672 199444 4956464    0    0     0   836 11351 19127  2  8 90  0  0
 0  0      0 975672 199444 4956524    0    0     0    56 13910 22560  2 10 87  1  0
 2  0      0 975672 199444 4956596    0    0     0     4 13558 22606  2 11 88  0  0
 0  0      0 977932 199444 4956644    0    0     0    12 12592 21262  3 10 87  0  0
 0  0      0 977708 199444 4956704    0    0     0   152 14160 23885  2 11 88  0  0
 0  0      0 977708 199444 4956784    0    0     0   228 13854 22746  3 12 85  0  0
 1  0      0 977708 199444 4956836    0    0     0    64 13068 21835  2 11 87  0  0
 1  0      0 977708 199444 4956892    0    0     0     4 13035 22103  3  9 88  0  0
 0  0      0 977456 199444 4956952    0    0     0    36 13077 21987  1 10 88  0  0
 0  0      0 977456 199444 4957008    0    0     0    44 12406 21284  2  9 89  0  0
 4  0      0 974576 199444 4957060    0    0     0   452 13637 22808  5 12 82  0  0
 0  0      0 970936 199444 4957164    0    0     0    88 16249 28278 13 18 69  0  0
 0  0      0 970044 199444 4957204    0    0     0    24 17301 29996 12 17 72  0  0
 3  0      0 972304 199444 4957268    0    0     0     4 12223 20973  6 11 83  0  0
procs -----------memory---------- ---swap-- -----io---- -system-- ------cpu-----
 r  b   swpd   free   buff  cache   si   so    bi    bo   in   cs us sy id wa st
 0  0      0 972304 199444 4957332    0    0     0    20 14886 25171  5 13 82  0  0
 2  0      0 972304 199444 4957380    0    0     0   248 13307 22667  2 10 88  0  0
 0  0      0 972304 199444 4957440    0    0     0   164 12232 20689  1 10 89  0  0
 0  0      0 972304 199444 4957500    0    0     0    44 12599 21797  2 10 88  0  0
 0  0      0 972304 199444 4957576    0    0     0    12 14551 24582  2 13 85  0  0
 3  0      0 972304 199444 4957612    0    0     0   200 13111 22020  2 11 87  0  0
 0  1      0 972960 199444 4957756    0    0     0   816 17986 30852  7 21 70  2  0
 2  3      0 959948 199444 4959408    0    0     0  1348 18437 32447 11 20 68  1  0
 1  0      0 920016 199448 4960128    0    0     0   428 12795 22411 15 12 73  0  0
 1  0      0 756576 199452 4960216    0    0     0   324 12786 22777 16 11 73  0  0
 1  0      0 749784 199452 4960456    0    0     0     8 12128 21653 17  9 75  0  0
 1  0      0 739716 199452 4960784    0    0     0    24 12565 22587 18  9 74  0  0
 2  0      0 724608 199452 4961036    0    0     0   716 13038 22839 17  9 73  0  0
 1  0      0 712740 199452 4961152    0    0     0    44 12202 22001 16  8 75  0  0
 2  1      0 699036 199452 4961260    0    0     0  1428 15570 28484 32 21 47  0  0
 4  0      0 694692 199452 4961500    0    0     0   144 15187 28172 28 16 56  0  0
 6  0      0 689776 199452 4961640    0    0     0    16 15574 26249 19 10 71  0  0
 4  0      0 681220 199452 4961776    0    0     0   104 16180 27302 22 10 68  0  0
 1  0      0 588532 199452 4973740    0    0     0    52 19634 29925 12 17 71  1  0
 1  0      0 571152 199452 4973888    0    0     0    80 16480 27408 18 11 71  0  0
 1  0      0 565608 199456 4974028    0    0     0   956 15725 26070 18  9 73  0  0
procs -----------memory---------- ---swap-- -----io---- -system-- ------cpu-----
 r  b   swpd   free   buff  cache   si   so    bi    bo   in   cs us sy id wa st
 1  0      0 555540 199456 4974176    0    0     0    20 16402 27098 18  9 72  0  0
 1  0      0 553068 199456 4974396    0    0     0    52 15299 25130 18 10 72  0  0
 1  0      0 544008 199456 4974564    0    0     0    84 15346 25279 17 10 73  0  0
 2  0      0 542496 199456 4974708    0    0     0    88 15052 24815 18 11 71  0  0
 1  0      0 533676 199456 4974860    0    0     0   364 15510 25708 18 10 72  0  0
 3  0      0 300232 199456 4976440    0    0   772    32 16201 26769 16 12 72  0  0
 3  0      0 251684 199456 4983096    0    0     0    40 17783 27919 16 11 72  1  0
 2  0      0 246756 199456 4987168    0    0     0    88 17467 28099 16 11 73  1  0
 2  0      0 222052 199456 4992776    0    0     0    96 17377 28036 15 12 72  1  0
 1  0      0 182304 199460 4997212    0    0     0   720 17049 27433 16 10 73  1  0
 2  0      0 171036 199460 4998652    0    0     0  9516 17652 31304 31 21 48  0  0
 2  0      0 206160 199460 4998704    0    0     0    56 15229 26895 27 13 60  0  0
 2  0      0 208308 199460 4998788    0    0     0    60 15684 26477 21  9 70  0  0
 1  0      0 915116 199460 4998856    0    0     0    48 15967 26940 16 15 69  0  0
 0  0      0 915292 199460 4998904    0    0     0   696 13632 23078  2 11 87  1  0
 0  0      0 915300 199460 4998972    0    0     0    48 12929 21866  2  9 89  0  0
 0  0      0 915300 199460 4999020    0    0     0    20 14584 24876  2 10 88  0  0
 0  0      0 915300 199460 4999076    0    0     0    48 11264 19361  2  9 89  0  0
 2  0      0 914824 199460 4999160    0    0     0    60 12884 21835  2 10 88  0  0
 0  0      0 914824 199460 4999208    0    0     0   832 13531 22401  2 10 88  0  0
 2  0      0 923372 199460 4991060    0    0     0    40 14075 23713  2 12 87  0  0
procs -----------memory---------- ---swap-- -----io---- -system-- ------cpu-----
 r  b   swpd   free   buff  cache   si   so    bi    bo   in   cs us sy id wa st
 5  0      0 923372 199460 4991124    0    0     0    28 11498 19442  3  9 88  0  0
 0  0      0 923372 199460 4991180    0    0     0    20 13601 22843  2 12 86  0  0
 0  0      0 923120 199460 4991244    0    0     0   108 13834 22866  2 12 86  0  0
 0  0      0 923120 199464 4991300    0    0     0  1024 12599 21460  1 10 89  1  0
 1  0      0 922872 199464 4991360    0    0     0   312 14428 23769  2 11 87  0  0
 1  0      0 922872 199464 4991408    0    0     0    20 12692 21419  2 10 88  0  0
 5  0      0 923612 199464 4991484    0    0     0    28 14524 25334 12 16 72  0  0
 5  0      0 923164 199464 4991552    0    0     0    60 16791 29495  8 17 75  0  0
 2  0      0 920872 199464 4991628    0    0     0   880 16076 27606 11 16 73  1  0
 0  0      0 920628 199464 4991676    0    0     0    36 14484 25293  9 13 78  0  0
 0  0      0 920628 199464 4991732    0    0     0    28 14211 24070  2 12 86  0  0
 0  0      0 920628 199464 4991804    0    0     0    20 13506 22422  2 10 88  0  0
 2  0      0 920628 199464 4991856    0    0     0    48 13758 23443  1 12 86  0  0
 0  0      0 920628 199464 4991920    0    0     0   288 11230 18894  2  7 91  0  0
 0  0      0 920628 199464 4991992    0    0     0    64 13696 22504  1 11 88  0  0
 1  0      0 920628 199464 4992048    0    0     0    24 13643 23121  3 11 87  0  0
 3  0      0 920628 199464 4992092    0    0     0    32 11277 18943  3  9 88  0  0
 0  0      0 920376 199464 4992176    0    0     0    96 13936 23145  3 11 86  0  0
 0  0      0 920376 199464 4992216    0    0     0   500 12655 20889  2  9 89  1  0
 0  0      0 920124 199464 4992280    0    0     0   332 13485 22480  3 10 87  0  0
 0  0      0 920124 199464 4992340    0    0     0    24 14012 23148  2 12 87  0  0
procs -----------memory---------- ---swap-- -----io---- -system-- ------cpu-----
 r  b   swpd   free   buff  cache   si   so    bi    bo   in   cs us sy id wa st
 2  0      0 919380 199464 4992400    0    0     0    32 12621 21279  4 10 86  0  0
 0  0      0 919380 199464 4992468    0    0     0    24 15076 24651  2 12 86  0  0
 4  0      0 923908 199464 4992520    0    0     0   216 15488 26661 15 19 67  0  0
 1  0      0 924260 199464 4992620    0    0     0   108 14819 25969  8 14 78  0  0
 0  0      0 921372 199464 4992676    0    0     0    44 16204 27926  9 16 76  0  0
 0  0      0 923440 199464 4992728    0    0     0    28 14502 25022  6 14 80  0  0
 0  0      0 923440 199464 4992800    0    0     0    60 12953 22193  3 10 88  0  0
 0  0      0 923440 199464 4992848    0    0     0   440 14001 23316  1 10 88  0  0
 1  0      0 923440 199464 4992912    0    0     0   116 12173 20575  2  9 89  0  0
 0  0      0 923440 199464 4992972    0    0     0    16 13415 22521  2 11 87  0  0
 1  0      0 923188 199464 4993036    0    0     0    32 13685 23293  2 10 87  0  0
 1  0      0 923188 199464 4993096    0    0     0    48 12745 21272  2 10 88  0  0
 0  0      0 923188 199464 4993168    0    0     0   220 14006 23250  1  9 89  1  0
 2  0      0 923188 199464 4993220    0    0     0  1320 12950 21876  2 10 88  0  0
 0  0      0 922940 199464 4993284    0    0     0   168 14175 23094  3 11 86  0  0
 2  0      0 922940 199464 4993336    0    0     0    24 12459 20331  1 10 89  0  0
 0  0      0 922940 199464 4993404    0    0     0    36 13358 22378  2 12 86  0  0
 0  0      0 922940 199464 4993460    0    0     0   800 13222 22409  1 10 89  0  0
 0  0      0 922940 199464 4993516    0    0     0   104 13043 22109  2  9 89  0  0
 1  0      0 905232 199516 4993624    0    0   100    52 15040 26384 12 17 71  0  0
 2  0      0 921476 199516 4993680    0    0     0    20 15738 27535  9 15 77  0  0
procs -----------memory---------- ---swap-- -----io---- -system-- ------cpu-----
 r  b   swpd   free   buff  cache   si   so    bi    bo   in   cs us sy id wa st
 0  0      0 917368 199516 4993780    0    0     0    28 15978 27095 12 18 71  0  0
 2  0      0 919180 199516 4993816    0    0     0   204 15166 25889  7 15 77  0  0
16  0      0 918932 199516 4993876    0    0     0    60 11362 18828  2  8 90  0  0
 0  0      0 917388 199516 4993948    0    0     0   136 14718 25055  2 11 87  0  0
 8  0      0 917136 199516 4994000    0    0     0    12 13136 22002  2 10 88  0  0
 0  0      0 917136 199516 4994064    0    0     0    28 12426 20646  2  9 89  0  0
 0  0      0 916424 199516 4994124    0    0     0   608 14165 23062  2 10 86  2  0
 0  0      0 916024 199516 4994240    0    0     0   164 15103 24952  6 12 83  0  0
 1  0      0 904720 199516 4994752    0    0     0  1256 18908 33368 10 21 67  2  0
 1  0      0 901568 199516 4996556    0    0     0   780 15229 27172 15 15 70  1  0
 1  0      0 757156 199516 4996712    0    0     0    20 16369 27288 16 12 72  0  0
 1  0      0 706576 199516 4996860    0    0     0    32 15850 26018 17 10 73  0  0
 1  0      0 699784 199516 4997128    0    0     0   620 16208 26343 17 10 73  0  0
 1  0      0 688456 199516 4997456    0    0     0    32 16633 27523 17 11 72  0  0
 1  0      0 665020 199516 4997656    0    0     0   288 15392 25366 16 10 73  0  0
 3  0      0 650536 199516 4997776    0    0     0    36 15882 27475 29 15 56  0  0
 5  0      0 643880 199516 4997984    0    0     0    40 16348 28930 27 15 58  0  0
 3  0      0 630624 199516 4998200    0    0     0    36 17174 29452 26 15 59  0  0
 1  0      0 631820 199516 4998404    0    0     0   180 15922 26954 22 12 66  0  0
 1  0      0 568996 199516 4998584    0    0     0   344 16464 27003 16 12 72  0  0
 1  0      0 529132 199516 4998760    0    0     0    60 15432 25500 16 10 73  0  0
procs -----------memory---------- ---swap-- -----io---- -system-- ------cpu-----
 r  b   swpd   free   buff  cache   si   so    bi    bo   in   cs us sy id wa st
 3  0      0 525100 199516 4998892    0    0     0    40 15520 25428 19  9 73  0  0
 1  0      0 518312 199516 4999068    0    0     0   180 15349 25201 18  9 73  0  0
 1  0      0 509440 199516 4999236    0    0     0  1232 16472 27435 18 11 72  0  0
 1  0      0 503404 199516 4999424    0    0     0   496 15446 25461 18  9 73  0  0
 2  0      0 498364 199516 4999592    0    0     0    36 16093 26756 20 11 69  0  0
 1  0      0 493576 199516 4999740    0    0     0    40 15922 26332 18 11 71  0  0
 2  0      0 423084 199516 4999904    0    0     0    44 16158 26194 18 10 72  0  0
 1  0      0 209092 199516 5002296    0    0     0    28 14139 24607 15 12 73  0  0
 3  0      0 206848 199516 5004208    0    0     0   276 15888 26495 16 11 72  0  0
 1  0      0 195256 199516 5006252    0    0     0    28 16258 26418 15 11 74  0  0
 1  0      0 149568 199516 5008908    0    0     0    44 16060 26437 17 11 73  0  0
 1  0      0 173040 199516 5010104    0    0     0    60 14348 24127 16  9 75  0  0
 3  0      0 173040 199516 5010176    0    0     0    48 13638 24519 18 10 72  0  0
 2  0      0 172788 199520 5010236    0    0     0   292 15561 25344 18  9 73  0  0
 1  0      0 902400 199520 5010308    0    0     0    32 16006 26013 14 13 72  0  0
 6  0      0 899576 199520 5010368    0    0     0    32 14954 25917  8 15 77  0  0
 1  0      0 898392 199520 5010436    0    0     0    92 16169 28561 10 16 74  0  0
 5  0      0 897520 199520 5010504    0    0     0    60 14759 26171 11 17 72  0  0
 0  0      0 899832 199520 5010580    0    0     0   272 15889 26871  8 14 78  0  0
 0  0      0 899832 199520 5010620    0    0     0    24 14213 23929  2 10 88  0  0
 0  0      0 899832 199520 5010672    0    0     0    24 13105 22451  2 10 89  0  0
procs -----------memory---------- ---swap-- -----io---- -system-- ------cpu-----
 r  b   swpd   free   buff  cache   si   so    bi    bo   in   cs us sy id wa st
 1  0      0 899832 199520 5010748    0    0     0    36 12327 20680  2 10 88  0  0
 0  0      0 899832 199520 5010796    0    0     0    32 14270 24667  2 11 87  0  0
 0  0      0 899832 199520 5010860    0    0     0   220 13334 23189  2 10 88  0  0
 1  0      0 899584 199520 5010916    0    0     0   632 11995 20366  1  7 91  0  0
 0  0      0 899836 199520 5010972    0    0     0    32 12077 20607  2  9 89  0  0
 0  0      0 899588 199520 5011032    0    0     0    40 13747 23980  3 11 86  0  0
 0  0      0 899588 199520 5011084    0    0     0    40 13406 23089  3 11 87  0  0
 0  0      0 899840 199520 5011156    0    0     0   504 12251 20945  2 10 88  1  0
 0  0      0 892372 199520 5011204    0    0     0    52 16636 29104 16 19 65  0  0
 4  0      0 895416 199520 5011272    0    0     0    40 15369 26646 10 16 74  0  0
 0  0      0 894408 199520 5011332    0    0     0    32 14718 25732  5 13 82  0  0
 0  0      0 898188 199520 5011396    0    0     0   140 15756 27320 10 14 76  0  0
12  0      0 897940 199520 5011464    0    0     0  1636 13160 22308  2 11 88  0  0
 0  0      0 897940 199520 5011524    0    0     0   108 13722 23149  3  8 89  0  0
 0  0      0 897940 199520 5011568    0    0     0    12 13463 22896  3 10 87  0  0
 2  0      0 897700 199520 5011632    0    0     0    44 13613 23296  2 10 88  0  0
 1  0      0 897396 199520 5011688    0    0     0    36 13189 22469  2 11 87  0  0
 0  0      0 897396 199524 5011748    0    0     0   316 13419 22683  2 11 87  1  0
 0  0      0 897396 199524 5011808    0    0     0  4220 13068 21609  2 10 88  0  0
 0  0      0 897396 199524 5011864    0    0     0    32 14460 23784  2 10 87  0  0
 0  0      0 897396 199524 5011932    0    0     0    20 12147 20747  2  9 89  0  0
procs -----------memory---------- ---swap-- -----io---- -system-- ------cpu-----
 r  b   swpd   free   buff  cache   si   so    bi    bo   in   cs us sy id wa st
 0  0      0 897396 199524 5012000    0    0     0    36 13737 22929  2 10 87  0  0
10  0      0 895888 199524 5012076    0    0     0   596 15000 26465 11 17 72  0  0
 3  0      0 894416 199524 5012132    0    0     0  5680 16600 28412  9 16 75  0  0
 0  0      0 898292 199524 5012200    0    0     0    20 14902 26143 11 14 75  0  0
 0  0      0 898040 199524 5012252    0    0     0    24 16041 27060  7 15 78  0  0
 0  0      0 898040 199524 5012300    0    0     0    64 13641 22972  2 10 89  0  0
 2  0      0 898040 199524 5012384    0    0     0   492 13358 22936  2 10 87  1  0
 0  0      0 896944 199524 5012444    0    0     0   280 14316 24769  5 14 81  0  0
 0  0      0 878720 199524 5013196    0    0     0  1168 19341 34248 12 21 65  2  0
 2  0      0 869440 199524 5015424    0    0     0   748 16658 27432 13 16 71  1  0
 5  0      0 703112 199524 5015656    0    0     0    12 16541 26871 17 12 72  0  0
 1  0      0 673124 199524 5015844    0    0     0   108 15031 24733 17 11 72  0  0
 1  0      0 665324 199528 5016220    0    0     0    64 16182 26855 17 11 72  0  0
 1  0      0 647848 199528 5016648    0    0     0    80 16612 27030 17 11 72  0  0
 3  0      0 630460 199528 5016924    0    0     0   288 16313 26654 18 10 73  0  0
 1  0      0 624412 199528 5017044    0    0     0    28 15464 25500 18 11 72  0  0
 3  0      0 620656 199528 5017348    0    0     0    32 14276 24187 17 10 73  0  0
 1  0      0 609572 199528 5017552    0    0     0  1252 12539 22560 17  7 76  0  0
 5  0      0 602516 199528 5017896    0    0     0    76 14453 24716 19  8 73  0  0
 3  0      0 486432 199528 5031456    0    0     0   304 19652 29698 13 15 71  2  0
 2  0      0 194620 199528 5033296    0    0     0    44 14783 25435 13 14 74  0  0
procs -----------memory---------- ---swap-- -----io---- -system-- ------cpu-----
 r  b   swpd   free   buff  cache   si   so    bi    bo   in   cs us sy id wa st
 0  0      0 177916 199528 5037724    0    0     0   132 17591 27651 12 13 75  1  0
 0  0      0 160132 199528 5041796    0    0     0   816 18608 29461 13 13 74  1  0
 1  0      0 147800 199528 5044948    0    0     0   168 19316 29296 12 14 74  0  0
 3  1      0 136476 199528 5047960    0    0     0   516 17971 28539 14 13 73  1  0
 2  0      0 124392 199528 5051280    0    0     0    28 15118 25026 14 10 75  0  0
 1  0      0 107996 199528 5054668    0    0     0    52 17329 27972 12 13 75  1  0
 1  0      0  99796 199528 5056636    0    0     0     8 16001 25534 14 10 75  0  0
 1  0      0  89224 199528 5060644    0    0     0    32 16923 27012 12 12 75  0  0
 2  0      0  83992 199528 5063096    0    0     0   840 14753 24476 15 11 74  1  0
 1  0      0  83748 199528 5063176    0    0     0    12 15478 25848 18 10 71  0  0
 1  0      0 842488 199528 5063248    0    0     0    16 15388 24869  8 12 80  0  0
 0  0      0 842240 199528 5063320    0    0     0    40 14955 24752  2 12 86  0  0
 0  0      0 841508 199528 5063400    0    0     0    32 13787 23449  3 12 85  0  0
 3  0      0 841508 199528 5063460    0    0     0   256 13131 22577  3  9 88  0  0
 0  0      0 841508 199528 5063536    0    0     0    28 13226 22527  2 11 87  0  0
 6  0      0 841508 199528 5063588    0    0     0    52 12915 21321  3 10 87  0  0
 0  0      0 841508 199528 5063652    0    0     0    52 14556 24284  6 10 84  0  0
 2  0      0 840524 199528 5063740    0    0     0    16 14248 23756  2 11 87  0  0
 0  0      0 840524 199528 5063804    0    0     0   840 12105 20491  2 10 88  0  0
14  0      0 840524 199528 5063864    0    0     0    48 14117 22702  2 11 87  0  0
 2  0      0 840524 199528 5063924    0    0     0    28 13249 22416  1 11 88  0  0
procs -----------memory---------- ---swap-- -----io---- -system-- ------cpu-----
 r  b   swpd   free   buff  cache   si   so    bi    bo   in   cs us sy id wa st
 1  0      0 840524 199528 5063976    0    0     0    24 13491 23269  2 10 89  0  0
 1  0      0 840272 199528 5064044    0    0     0    44 11650 19700  2  9 89  0  0
 0  0      0 840048 199528 5064116    0    0     0   240 13591 23098  2 11 87  1  0
 0  0      0 840048 199528 5064152    0    0     0    84 13950 23090  4 11 85  0  0
 2  0      0 840048 199528 5064224    0    0     0    20 12810 20953  2  9 90  0  0
