2026-07-14 20:08:15.471 procs -----------memory---------- ---swap-- -----io---- -system-- ------cpu-----
2026-07-14 20:08:15.474 r  b   swpd   free   buff  cache   si   so    bi    bo   in   cs us sy id wa st
2026-07-14 20:08:15.477 5  0      0 3525880 115752 2243416    0    0     7    42    8    4  2 10 87  1  0
2026-07-14 20:08:16.471 0  0      0 3525632 115764 2243416    0    0     0  1204 2337 3739  4  2 93  1  0
2026-07-14 20:08:17.472 0  0      0 3525632 115764 2243420    0    0     0     0 1341 1928  1  1 98  0  0
2026-07-14 20:08:18.473 0  0      0 3525632 115764 2243420    0    0     0     0 1099 1490  1  2 98  0  0
2026-07-14 20:08:19.474 0  0      0 3525384 115764 2243420    0    0     0     0 1728 2558  1  2 97  0  0
2026-07-14 20:08:20.475 0  0      0 3525384 115764 2243420    0    0     0     0 1625 2219  1  2 98  0  0
2026-07-14 20:08:21.476 0  0      0 3525136 115768 2243420    0    0     0  1180 2622 4088  2  2 95  0  0
2026-07-14 20:08:22.477 0  0      0 3525136 115768 2243420    0    0     0     0 1281 1659  1  2 98  0  0
2026-07-14 20:08:23.478 0  0      0 3525136 115768 2243420    0    0     0     0 2054 3150  1  2 97  0  0
2026-07-14 20:08:24.479 0  0      0 3525136 115768 2243420    0    0     0     0 1122 1465  1  1 98  0  0
2026-07-14 20:08:25.479 2  0      0 3523944 115776 2243424    0    0     0   152 3810 5675  3  5 92  0  0
2026-07-14 20:08:26.481 0  1      0 3522080 115784 2243548    0    0     0   560 8032 13325  8 13 78  1  0
2026-07-14 20:08:27.480 7  0      0 3509456 115808 2244952    0    0     0   952 7401 11850 10 14 75  1  0
2026-07-14 20:08:28.482 1  0      0 3480588 115808 2245244    0    0     0    44 2630 3430 16  4 80  0  0
2026-07-14 20:08:29.483 1  0      0 3314820 115808 2245248    0    0     0     0 1585 1823 15  4 82  0  0
2026-07-14 20:08:30.483 1  0      0 3308280 115808 2245280    0    0     0     8 1635 1912 17  2 81  0  0
2026-07-14 20:08:31.482 1  0      0 3297720 115808 2245568    0    0     0     0 1682 1947 16  3 81  0  0
2026-07-14 20:08:32.483 1  1      0 3284592 115820 2245828    0    0     0   612 4725 7424 19  7 73  1  0
2026-07-14 20:08:33.485 2  0      0 3240408 115828 2247340    0    0     0   608 8359 13564 23 14 62  1  0
2026-07-14 20:08:34.484 2  0      0 3215636 115844 2248172    0    0     0   584 4118 6714 31  6 62  0  0
2026-07-14 20:08:35.487 2  0      0 3041496 115844 2248356    0    0     0     4 2542 3256 30  5 65  0  0
2026-07-14 20:08:36.487 procs -----------memory---------- ---swap-- -----io---- -system-- ------cpu-----
2026-07-14 20:08:36.490 r  b   swpd   free   buff  cache   si   so    bi    bo   in   cs us sy id wa st
2026-07-14 20:08:36.493 2  0      0 3020880 115844 2248688    0    0     0     0 2472 2999 34  3 64  0  0
2026-07-14 20:08:37.488 2  0      0 3003516 115844 2249024    0    0     0    20 1638 1624 32  3 65  0  0
2026-07-14 20:08:38.489 2  0      0 2892828 115852 2261572    0    0     0   284 8927 10714 31 13 54  2  0
2026-07-14 20:08:39.489 3  0      0 2831892 115860 2262296    0    0     0  1004 7831 13846 39 13 46  2  0
2026-07-14 20:08:40.488 3  0      0 2815212 115872 2264084    0    0     0   616 4139 5940 44  9 47  1  0
2026-07-14 20:08:41.491 4  0      0 2672436 115872 2264476    0    0     0    12 2548 2726 47  6 47  0  0
2026-07-14 20:08:42.492 3  0      0 2593884 115872 2264764    0    0     0     0 2089 1783 48  4 48  0  0
2026-07-14 20:08:43.492 3  0      0 2577024 115872 2265272    0    0     0    28 2089 1698 48  4 48  0  0
2026-07-14 20:08:44.491 3  0      0 2531216 115872 2265612    0    0     0     0 3121 3847 48  5 47  0  0
2026-07-14 20:08:45.494 3  0      0 2420572 115880 2278652    0    0     0   332 8847 11220 47 15 38  1  0
2026-07-14 20:08:46.495 5  0      0 2335264 115904 2279504    0    0    76  1000 7369 13248 56 16 27  2  0
2026-07-14 20:08:47.494 4  1      0 2092068 115916 2283252    0    0     0   672 5231 7842 55 13 31  1  0
2026-07-14 20:08:48.496 4  0      0 1926572 115916 2288836    0    0     0   376 5779 7796 60 11 28  2  0
2026-07-14 20:08:49.497 4  0      0 1827432 115916 2290844    0    0     0     8 2975 2999 61  6 34  0  0
2026-07-14 20:08:50.498 4  0      0 1810992 115916 2293368    0    0     0     0 3069 3361 60  6 34  0  0
2026-07-14 20:08:51.497 3  1      0 1769508 115916 2296764    0    0     0  5136 3906 5081 61  7 32  0  0
2026-07-14 20:08:52.499 4  0      0 1647396 115928 2313668    0    0     0  1872 8781 9356 52 12 32  5  0
2026-07-14 20:08:53.500 3  0      0 1581532 115928 2317048    0    0     0     0 3073 3291 60  6 33  0  0
2026-07-14 20:08:54.501 5  1      0 1327876 115928 2319072    0    0     0     4 3401 4231 59  7 34  0  0
2026-07-14 20:08:55.501 4  0      0 1287008 115928 2324644    0    0     0     4 4726 5818 57  5 38  0  0
2026-07-14 20:08:56.502 3  0      0 1251196 115940 2330296    0    0     0   240 4084 4438 58  5 37  1  0
2026-07-14 20:08:57.502 procs -----------memory---------- ---swap-- -----io---- -system-- ------cpu-----
2026-07-14 20:08:57.505 r  b   swpd   free   buff  cache   si   so    bi    bo   in   cs us sy id wa st
2026-07-14 20:08:57.508 3  0      0 1960100 115940 2335980    0    0     0   144 4786 5726 49  8 43  1  0
2026-07-14 20:08:58.503 3  0      0 1827688 115940 2353724    0    0     0  9100 9222 10120 37  9 52  2  0
2026-07-14 20:08:59.503 2  0      0 1778748 115940 2358900    0    0     0     0 3938 4292 42  4 54  1  0
2026-07-14 20:09:00.504 3  0      0 1319968 115940 2364028    0    0     0     4 4558 4466 34  7 59  1  0
2026-07-14 20:09:01.504 3  0      0 1306856 115944 2366740    0    0     0   340 3048 3545 42  4 53  0  0
2026-07-14 20:09:02.505 3  0      0 1303484 115944 2368992    0    0     0    52 2988 3683 43  3 54  0  0
2026-07-14 20:09:03.506 2  0      0 2026408 115944 2370732    0    0     0     0 2545 3212 28  6 66  0  0
2026-07-14 20:09:04.506 1  0      0 2009024 115944 2372384    0    0     0     0 3611 5153 27  4 69  0  0
2026-07-14 20:09:05.507 0  0      0 1975948 115944 2373924    0    0     0     0 3314 4626 28  3 69  0  0
2026-07-14 20:09:06.506 1  0      0 1542024 115952 2379972    0    0     0   132 5183 6278 21  7 71  1  0
2026-07-14 20:09:07.508 3  0      0 1461632 115952 2387288    0    0     0    20 3797 4180 24  4 72  0  0
2026-07-14 20:09:08.509 2  0      0 1395892 115952 2394036    0    0     0   556 4623 5503 26  5 69  0  0
2026-07-14 20:09:09.509 2  0      0 1367900 115952 2400068    0    0     0     0 3673 4215 30  2 68  0  0
2026-07-14 20:09:10.510 2  0      0 2285452 115952 2403260    0    0     0 17308 2837 3103 24 10 65  0  0
2026-07-14 20:09:11.510 1  0      0 2248324 115956 2407152    0    0     0  4900 2400 2925 16  4 80  0  0
2026-07-14 20:09:12.509 1  0      0 2128496 115956 2416132    0    0     0     8 2904 3115 14  3 83  0  0
2026-07-14 20:09:13.512 1  0      0 2006352 115956 2421608    0    0     0     0 2706 3047 15  3 82  0  0
2026-07-14 20:09:14.513 1  0      0 1923468 115956 2428200    0    0     0     0 3340 4513 15  4 81  0  0
2026-07-14 20:09:15.514 1  0      0 1812732 115956 2436952    0    0     0 12912 4131 5435 17  4 79  0  0
2026-07-14 20:09:16.513 1  0      0 1697508 115956 2447972    0    0     0   596 3272 3640 14  5 81  1  0
2026-07-14 20:09:17.513 1  0      0 1565872 115956 2454248    0    0     0     0 2163 2085 13 13 74  0  0
2026-07-14 20:09:18.516 procs -----------memory---------- ---swap-- -----io---- -system-- ------cpu-----
2026-07-14 20:09:18.519 r  b   swpd   free   buff  cache   si   so    bi    bo   in   cs us sy id wa st
2026-07-14 20:09:18.521 2  0      0 1506320 115956 2460280    0    0     0   680 3443 3888 12  7 81  0  0
2026-07-14 20:09:19.516 1  0      0 1390552 115956 2467904    0    0     0  4856 2698 3053 13  5 81  0  0
2026-07-14 20:09:20.517 2  0      0 1338128 115956 2474336    0    0     0     0 2423 2922 10  9 81  0  0
2026-07-14 20:09:21.518 1  0      0 1234960 115956 2481824    0    0     0   252 3623 5058 11  9 79  1  0
2026-07-14 20:09:22.519 1  0      0 1127092 115956 2488512    0    0     0     0 2810 3157 11  8 81  0  0
2026-07-14 20:09:23.519 1  0      0 1062300 115956 2494380    0    0     0    12 2337 2537 11  8 81  0  0
2026-07-14 20:09:24.520 0  0      0 1010076 115956 2504212    0    0     0     0 3931 4898 11  8 80  0  0
2026-07-14 20:09:25.521 1  0      0 895188 115956 2508312    0    0     0     0 3676 4725 11  9 79  0  0
2026-07-14 20:09:26.521 1  5      0 805428 115956 2515320    0    0     0 63300 3395 4794 14  9 63 14  0
2026-07-14 20:09:27.522 1  0      0 722352 115956 2518684    0    0     0     4 2321 2909  9  6 37 49  0
2026-07-14 20:09:28.523 1  0      0 621488 115956 2523528    0    0     0    12 2465 2980 12  7 81  0  0
2026-07-14 20:09:29.524 1  0      0 563444 115956 2527324    0    0     0   240 2142 2655  9  9 82  0  0
2026-07-14 20:09:30.525 1  0      0 457880 115956 2532380    0    0     0     0 1909 2272 12  6 83  0  0
2026-07-14 20:09:31.523 1  0      0 350188 115964 2537532    0    0     0 10064 2396 2872 11  7 82  0  0
2026-07-14 20:09:32.526 1  0      0 255224 115964 2543636    0    0     0     0 2115 2473 11  6 82  0  0
2026-07-14 20:09:33.526 1  0      0 257148 115964 2551984    0    0     0     0 2704 3079 14  3 83  0  0
2026-07-14 20:09:34.527 1  0      0 221360 115964 2555052    0    0     0    20 3526 5034 16  3 81  0  0
2026-07-14 20:09:35.527 1  0      0 215928 115964 2559144    0    0     0     0 2883 3839 16  2 81  0  0
2026-07-14 20:09:36.528 1  0      0 162216 115968 2564880    0    0     0   136 4488 6248 14  5 81  1  0
2026-07-14 20:09:37.529 1  0      0 268696 115576 2541836    0    0     0     0 2105 2221 12  6 81  0  0
2026-07-14 20:09:38.530 1  0      0 336816 115080 2512428    0    0     0     0 4353 5187 13  6 80  1  0
2026-07-14 20:09:39.533 procs -----------memory---------- ---swap-- -----io---- -system-- ------cpu-----
2026-07-14 20:09:39.535 r  b   swpd   free   buff  cache   si   so    bi    bo   in   cs us sy id wa st
2026-07-14 20:09:39.538 2  0      0 457712 113428 2416884    0    0   148     4 1864 2199 11 10 78  0  0
2026-07-14 20:09:40.531 1  0      0 2431772 113428 2418568    0    0     0     8 2412 3011 13 10 77  0  0
2026-07-14 20:09:41.534 2  0      0 2798560 113432 2418832    0    0   264    40 1694 2052 17  3 80  0  0
2026-07-14 20:09:42.535 1  0      0 2798560 113432 2418844    0    0    12     0 1151 1122 17  1 82  0  0
2026-07-14 20:09:43.533 2  0      0 3594192 113432 2428796    0    0  9952     0 2705 3174 12  5 80  3  0
