procs -----------memory---------- ---swap-- -----io---- -system-- ------cpu-----
 r  b   swpd   free   buff  cache   si   so    bi    bo   in   cs us sy id wa st
 3  0      0 4174592 167380 1705348    0    0     2    10   16    6  2  1 97  0  0
 0  0      0 4175948 167380 1705360    0    0     0   176 5888 9709 12 10 78  0  0
 1  0      0 4175792 167380 1705364    0    0     0     0 1468 1842  1  1 98  0  0
 0  0      0 4175472 167380 1705368    0    0     0     0 2134 2828  2  2 96  0  0
 0  0      0 4175560 167380 1705376    0    0     0     0 1632 2105  1  1 98  0  0
 1  0      0 4175560 167380 1705380    0    0     0   144 1942 2691  1  2 97  0  0
 0  0      0 4175320 167380 1705388    0    0     0    24 2340 3156  3  3 94  0  0
 4  0      0 4175072 167380 1705388    0    0     0     0 2907 4273  4  3 93  0  0
 0  0      0 4175072 167380 1705404    0    0     0     0 2619 3965  2  2 96  0  0
 0  0      0 4175072 167380 1705412    0    0     0     0 2292 3314  1  2 97  0  0
 0  0      0 4174820 167380 1705420    0    0     0   136 2553 3863  1  2 96  0  0
 0  0      0 4174820 167380 1705420    0    0     0    44 1984 2606  1  3 97  0  0
 0  0      0 4174820 167380 1705428    0    0     0     4 1442 1908  1  2 98  0  0
 0  0      0 4174820 167380 1705432    0    0     0     0 1667 2225  1  1 98  0  0
 0  0      0 4174820 167380 1705432    0    0     0     0 1633 2186  1  2 98  0  0
 0  0      0 4174820 167380 1705444    0    0     0    52 1653 2271  1  1 98  0  0
 0  0      0 4174820 167380 1705452    0    0     0    84 2227 2939  2  4 94  0  0
 2  0      0 4174820 167380 1705460    0    0     0    28 2169 3051  2  2 97  0  0
 2  0      0 4174820 167380 1705460    0    0     0     4 1574 1897  1  2 97  0  0
 1  0      0 4176196 167380 1705476    0    0     0     0 7496 12413 16 13 70  0  0
 1  0      0 4174704 167380 1705488    0    0     0    60 7037 11974 15  9 76  0  0
procs -----------memory---------- ---swap-- -----io---- -system-- ------cpu-----
 r  b   swpd   free   buff  cache   si   so    bi    bo   in   cs us sy id wa st
 0  0      0 4174456 167380 1705496    0    0     0     8 2577 3917  3  3 94  0  0
 0  0      0 4174456 167380 1705508    0    0     0    32 3618 5361  8  4 88  0  0
 0  0      0 4173712 167380 1705508    0    0     0    40 2967 4522  1  3 96  0  0
 0  0      0 4173712 167380 1705516    0    0     0     4 1663 2137  1  1 98  0  0
 0  0      0 4173472 167380 1705528    0    0     0    84 2068 2904  2  2 96  0  0
 0  0      0 4173232 167380 1705532    0    0     0    72 2003 2584  1  3 96  0  0
 0  0      0 4173232 167380 1705544    0    0     0    32 2223 3223  3  2 96  0  0
 0  0      0 4173232 167380 1705548    0    0     0    12 1585 1933  1  2 97  0  0
 0  0      0 4173232 167380 1705556    0    0     0    28 1628 2183  1  2 97  0  0
 0  0      0 4172980 167384 1705560    0    0     0    72 3031 4766  2  2 96  0  0
 0  0      0 4173236 167384 1705564    0    0     0     0 2130 2956  2  2 96  0  0
 0  0      0 4173236 167384 1705572    0    0     0    20 1627 2171  1  1 98  0  0
 1  0      0 4172988 167384 1705576    0    0     0     8 1788 2267  2  2 96  0  0
 0  0      0 4172988 167384 1705580    0    0     0    12 1668 2294  1  1 98  0  0
 1  0      0 4172988 167384 1705584    0    0     0    24 1733 2212  2  1 97  0  0
 0  0      0 4166272 167384 1705604    0    0     0   164 7142 11458 18 12 71  0  0
 2  0      0 4165456 167384 1705608    0    0     0     0 7426 12542 15  9 76  0  0
 2  0      0 4167668 167384 1705628    0    0     0    16 2851 4321  4  4 92  0  0
 0  0      0 4167680 167384 1705620    0    0     0     0 3080 4563  4  4 92  0  0
 0  0      0 4167680 167384 1705636    0    0     0    24 2677 4075  1  2 96  0  0
 0  0      0 4167456 167384 1705624    0    0     0   184 2942 4351  2  3 95  0  0
procs -----------memory---------- ---swap-- -----io---- -system-- ------cpu-----
 r  b   swpd   free   buff  cache   si   so    bi    bo   in   cs us sy id wa st
 0  1      0 4164244 167384 1705640    0    0     0   640 6973 10904  9 10 79  2  0
 1  0      0 4158900 167384 1707164    0    0     0  1084 7258 11903 11 11 77  2  0
 1  0      0 4050536 167384 1707668    0    0     0     0 2815 3585 16  4 80  0  0
 1  0      0 3960656 167384 1707672    0    0     0    16 2082 2485 16  3 81  0  0
 1  0      0 3953348 167384 1707776    0    0     0   628 2830 3464 18  4 78  0  0
 1  0      0 3939752 167384 1708036    0    0     0    44 2758 3777 17  3 80  0  0
 1  0      0 3926148 167384 1708272    0    0     0   216 1840 2084 16  2 81  0  0
 1  0      0 3910196 167384 1708328    0    0     0     8 1870 2167 17  2 81  0  0
 1  0      0 3906440 167384 1708484    0    0     0     4 3126 4227 17  3 80  0  0
 1  0      0 3896820 167384 1708496    0    0     0    12 2219 2387 17  2 81  0  0
 2  0      0 3888668 167384 1708672    0    0     0     8 3061 4013 18  3 79  0  0
 1  0      0 3883272 167388 1708692    0    0     0   276 6449 10842 29 12 59  0  0
 1  0      0 3863384 167388 1708864    0    0     0   280 5849 9304 27  9 64  0  0
 1  0      0 3860864 167388 1708912    0    0     0     4 3561 5016 21  4 75  0  0
 1  0      0 3848956 167388 1709016    0    0     0     0 2416 2792 18  4 79  0  0
 1  0      0 3843676 167388 1709164    0    0     0    12 2756 3519 18  2 80  0  0
 1  0      0 3834360 167388 1709276    0    0     0   120 2828 3469 18  3 79  0  0
 3  0      0 3808396 167388 1709592    0    0     0  1052 7421 11912 22  9 65  3  0
 2  0      0 3803728 167388 1711496    0    0     0   612 6783 10985 27 11 61  1  0
 2  0      0 3560356 167388 1724412    0    0     0     0 7954 8834 25 11 63  2  0
 2  0      0 3228532 167388 1726788    0    0     0    16 3432 3335 25  7 68  0  0
procs -----------memory---------- ---swap-- -----io---- -system-- ------cpu-----
 r  b   swpd   free   buff  cache   si   so    bi    bo   in   cs us sy id wa st
 2  0      0 3207676 167388 1731044    0    0     0   508 4259 4590 26  5 69  1  0
 1  0      0 3180416 167388 1735756    0    0     0    40 4440 4493 26  5 68  1  0
 1  0      0 3152348 167392 1739676    0    0     0   216 4023 4149 26  5 69  1  0
 2  0      0 3121120 167392 1744464    0    0     0    12 4605 4830 27  5 67  1  0
 3  0      0 3097680 167392 1747608    0    0     0     0 5526 7205 28  4 68  0  0
 1  0      0 3077420 167392 1752360    0    0     0    12 4143 4453 26  5 69  1  0
 2  0      0 3055832 167392 1756304    0    0     0    28 3968 4186 28  4 68  0  0
 2  0      0 3079220 167396 1756468    0    0     0   220 5880 10909 48 12 40  0  0
 2  0      0 3067108 167396 1756648    0    0     0     4 5368 8751 43  9 49  0  0
 3  0      0 3077672 167396 1756712    0    0     0     4 3308 4433 36  4 61  0  0
 1  0      0 3805000 167396 1756776    0    0     0     4 3431 4901 21  8 71  0  0
 1  0      0 3793092 167396 1756876    0    0     0    48 1965 2205 17  2 81  0  0
 1  0      0 3788316 167400 1757004    0    0     0   432 2880 3722 18  2 79  0  0
 2  0      0 3764052 167400 1757552    0    0     0  1012 9328 15495 25 14 58  3  0
 2  0      0 3744944 167400 1759452    0    0     0   584 5422 8226 29  9 62  1  0
 2  0      0 3594060 167400 1759716    0    0     0     8 2566 2892 31  5 64  0  0
 2  0      0 3292764 167400 1773376    0    0     0    16 7632 8215 25 11 62  1  0
 1  0      0 3001660 167400 1774128    0    0     0    32 3990 5330 27  7 66  0  0
 2  0      0 2965900 167400 1776136    0    0     0     0 3377 3822 27  5 69  0  0
 2  0      0 2935880 167400 1777740    0    0     0   228 3824 4992 26  4 69  0  0
 1  0      0 2916740 167400 1779476    0    0     0     0 3080 3361 27  3 70  0  0
procs -----------memory---------- ---swap-- -----io---- -system-- ------cpu-----
 r  b   swpd   free   buff  cache   si   so    bi    bo   in   cs us sy id wa st
 2  0      0 2893600 167400 1781144    0    0     0   144 2942 3162 26  4 71  0  0
 1  0      0 2874712 167400 1783164    0    0     0    44 2870 3091 27  3 70  0  0
 2  0      0 2856316 167400 1784628    0    0     0   504 3267 3550 27  4 69  0  0
 2  0      0 2819248 167400 1786260    0    0     0   224 6605 10870 39 11 51  0  0
 8  0      0 2781920 167400 1787780    0    0     0     8 5242 7812 37  7 56  0  0
 2  0      0 2769016 167400 1788144    0    0     0    28 3143 4096 35  3 62  0  0
 2  0      0 2864700 167400 1788272    0    0     0    44 4880 7324 38  4 58  0  0
 1  0      0 3713948 167400 1788376    0    0     0     8 2808 3064 21 11 68  0  0
 1  0      0 3710688 167400 1788516    0    0     0   112 2076 2118 16  2 81  0  0
 9  0      0 3699448 167400 1788624    0    0     0   556 6561 10386 22  8 68  2  0
 2  0      0 3479416 167400 1804136    0    0     0  5000 12654 17851 20 18 56  5  0
 1  0      0 3011544 167400 1807112    0    0     0 12952 3275 3652 26  9 65  0  0
 2  1      0 2828652 167400 1813260    0    0     0     4 4014 4397 30  6 64  0  0
 2  0      0 2804836 167400 1817440    0    0     0    16 5316 7597 28  4 67  0  0
 2  0      0 2735812 167400 1823176    0    0     0    12 3448 3805 27  4 69  0  0
 2  3      0 2687124 167400 1827564    0    0     0 23180 4045 4591 27  4 65  4  0
 2  0      0 2645044 167400 1830740    0    0     0    44 4189 4990 27  3 58 12  0
 2  0      0 2600984 167400 1833744    0    0     0     8 2963 3178 30  4 66  0  0
 2  0      0 2513548 167400 1843076    0    0     0     0 3768 3791 28  4 68  1  0
 2  0      0 2460396 167400 1847680    0    0     0     4 3037 3073 29  4 68  0  0
 2  0      0 2351984 167400 1852976    0    0     0   668 6156 11104 43 13 43  0  0
procs -----------memory---------- ---swap-- -----io---- -system-- ------cpu-----
 r  b   swpd   free   buff  cache   si   so    bi    bo   in   cs us sy id wa st
 4  0      0 2190256 167400 1858652    0    0     0     4 5613 9185 39 11 50  0  0
 4  0      0 2085152 167400 1867824    0    0     0  1332 5104 6095 34  6 58  3  0
 2  0      0 1966484 167400 1876884    0    0     0     4 5498 7414 34  6 60  1  0
 2  0      0 1849132 167400 1883612    0    0     0     0 3171 3086 30  4 66  0  0
 2  0      0 1744604 167400 1889960    0    0     0   128 3480 3707 29  4 67  0  0
 2  0      0 1636292 167400 1897936    0    0     0     0 4612 5656 30  5 65  0  0
 2  0      0 1503324 167400 1909292    0    0     0    40 4201 4452 31  5 64  1  0
 1  0      0 1091864 167400 1930284    0    0     0     8 9356 10870 23 11 64  2  0
 1  0      0 845048 167400 1938792    0    0     0     4 4584 5001 23  6 70  1  0
 0  7      0 782376 167400 1951716    0    0     0 61784 4724 5583 22  4 52 21  0
 4  0      0 652684 167400 1960896    0    0     0  2992 8917 11055  9  3 22 65  0
 3  0      0 523652 167400 1966704    0    0     0     8 3731 4108 25  4 71  0  0
 1  5      0 406164 167400 1973040    0    0     0  8648 3604 3934 22  5 66  7  0
 0  0      0 298872 167400 1980816    0    0     0     4 5425 7194 23  5 65  7  0
 2  0      0 174812 167400 1988160    0    0     0     0 8006 13096 37 13 50  0  0
 4  0      0 137128 167100 1968296    0    0  3836   460 7645 11412 32 12 55  1  0
 6  2      0 210620 165044 1881740    0    0  6836     8 5522 7458 24 11 64  1  0
 2  0      0 291016 165044 1889584    0    0   340   124 5467 7222 34  6 59  1  0
 2  0      0 1004468 165056 1904416    0    0 10712     8 3775 4129 26  5 67  3  0
 1  0      0 998244 165056 1909284    0    0   864     0 2715 3288 14  3 83  0  0
 1  0      0 971804 165056 1914020    0    0     0 10664 5761 8412 15  5 80  0  0
procs -----------memory---------- ---swap-- -----io---- -system-- ------cpu-----
 r  b   swpd   free   buff  cache   si   so    bi    bo   in   cs us sy id wa st
 4  0      0 901892 165056 1918600    0    0     0     0 2920 3225 13  3 84  0  0
 1  0      0 799228 165056 1927968    0    0     0   488 3321 3741 13  3 84  1  0
 1  0      0 664060 165056 1938088    0    0     0     8 4047 4839 14  7 79  1  0
 1  0      0 2602756 165056 1942256    0    0     0   180 2532 2910 16  4 81  0  0
 1  0      0 2962024 165056 1942276    0    0     0    24 1849 2063 17  3 80  0  0
 1  0      0 2958208 165056 1942280    0    0     0     0 1906 2209 17  2 81  0  0
 1  0      0 3990808 165056 1942288    0    0     0    88 2098 2513 12  7 81  0  0
 0  0      0 3990724 165056 1942284    0    0     0    12 2068 2710  2  5 93  0  0
 0  0      0 3989716 165056 1945392    0    0  3268     8 2567 3872  1  2 96  1  0
 0  0      0 3988488 165056 1946780    0    0  1208    24 3044 4699  2  3 95  1  0
 1  0      0 3983224 165060 1947024    0    0   480     0 4846 7590 11  8 81  0  0
 2  0      0 3971556 165060 1947304    0    0    12    96 5922 9601 11  8 81  0  0
 1  0      0 3983520 165060 1947312    0    0     0     0 5573 9144 10  8 82  0  0
 0  0      0 3985668 165060 1947320    0    0     0     4 4776 7494  8  7 86  0  0
 0  0      0 3985668 165060 1947324    0    0     0     8 3519 5557  2  2 95  0  0
 0  0      0 3981320 165060 1947324    0    0     0    20 1805 2350  1  3 97  0  0
 9  0      0 3972288 165060 1947328    0    0     0   340 3749 5507  5  5 89  0  0
 2  0      0 3976808 165060 1947656    0    0     0 16184 8945 15208 12 14 68  6  0
 0  9      0 3974580 165064 1949120    0    0   660 52380 3522 5289  2  6 37 55  0
 3  0      0 3967752 165084 1959884    0    0  9060  1428 9800 14444  5  5 39 51  0
 3  0      0 3869320 165084 1969512    0    0  9260   104 5038 7183 15  5 77  3  0
procs -----------memory---------- ---swap-- -----io---- -system-- ------cpu-----
 r  b   swpd   free   buff  cache   si   so    bi    bo   in   cs us sy id wa st
 2  0      0 3777680 165084 1969552    0    0     0     0 3437 5055 16  5 79  0  0
 3  0      0 3764588 165084 1969844    0    0     0     0 1925 2307 16  3 81  0  0
 3  0      0 3747652 165084 1970224    0    0     0     0 2153 2700 16  3 82  0  0
 3  0      0 3735304 165084 1970476    0    0     0   208 2100 2602 16  3 81  0  0
 2  0      0 3719084 165084 1970568    0    0     0     0 1962 2362 17  2 81  0  0
 2  0      0 3714560 165084 1970792    0    0     0     4 2193 2608 16  4 80  0  0
 2  0      0 3701720 165084 1970996    0    0     0     0 2011 2396 17  3 81  0  0
 2  0      0 3696944 165084 1971240    0    0     0     0 4112 6522 18  2 79  0  0
 2  0      0 3689384 165084 1971404    0    0     0   160 2227 2897 17  3 81  0  0
 3  0      0 3675032 165084 1971580    0    0     0    12 1654 1961 17  2 81  0  0
 2  0      0 3671760 165084 1971688    0    0     0    28 3170 4751 18  2 80  0  0
 2  0      0 3658088 165084 1971832    0    0     0     0 2092 2756 16  3 81  0  0
 2  0      0 3652556 165084 1972040    0    0     0   208 2196 2826 17  2 80  0  0
 2  0      0 3643232 165084 1972184    0    0     0    88 1835 2171 18  2 80  0  0
 2  0      0 3640724 165084 1972312    0    0     0    12 1696 2217 17  2 82  0  0
 2  0      0 3632660 165084 1972428    0    0     0    12 2005 2634 17  3 80  0  0
 2  0      0 3415880 165088 1980580    0    0  3848     0 4091 4701 12  6 81  1  0
 2  0      0 3084676 165088 1982408    0    0  1184     0 3118 4425 12  5 83  0  0
 2  0      0 3062528 165088 1983896    0    0     0   248 2638 3335 10  4 86  0  0
 2  0      0 3050220 165088 1985152    0    0     0     0 2409 3085 11  2 87  0  0
 2  0      0 3038128 165088 1987020    0    0     0  4368 4008 5898 12  4 84  0  0
procs -----------memory---------- ---swap-- -----io---- -system-- ------cpu-----
 r  b   swpd   free   buff  cache   si   so    bi    bo   in   cs us sy id wa st
 2  0      0 3027068 165088 1988484    0    0     0    12 2843 3621 11  3 86  0  0
 1  0      0 3013220 165088 1990216    0    0     0     0 3663 5080 11  3 86  0  0
 2  0      0 3002888 165088 1991604    0    0     0   252 2770 3267 12  2 86  0  0
 2  0      0 2993312 165088 1993212    0    0     0     8 3211 4213 10  3 87  0  0
 2  0      0 2967756 165088 1994868    0    0     0    24 3047 3606 11  4 85  0  0
 3  0      0 2965488 165088 1995140    0    0     0    12 2449 2696 17  2 81  0  0
 2  0      0 2965488 165088 1995148    0    0     0     4 2730 3741 18  1 81  0  0
 2  0      0 3924748 165088 1995152    0    0     0   532 2347 2621 14  6 81  0  0
 1  0      0 3932212 165088 1995156    0    0     0     0 3293 4567  2  8 91  0  0
 1  0      0 3931492 165088 1995160    0    0     0    28 5276 8356  4  4 92  0  0
 1  0      0 3931752 165088 1995168    0    0     0     0 2689 3644  1  3 96  0  0
 2  0      0 3931752 165088 1995176    0    0     0     0 1718 2210  1  2 97  0  0
 1  0      0 3931752 165088 1995184    0    0     0   116 2058 2704  2  2 96  0  0
 1  0      0 3930200 165088 1995188    0    0     0     0 1825 2440  1  2 97  0  0
 1  0      0 3930200 165088 1995196    0    0     0     4 2015 2660  1  4 95  0  0
 1  0      0 3929948 165088 1995200    0    0     0     8 2029 2565  2  3 96  0  0
 1  0      0 3930200 165088 1995204    0    0     0     0 4307 6914  2  4 94  0  0
 1  0      0 3929948 165088 1995216    0    0     0    44 1985 2555  1  2 96  0  0
 1  0      0 3930200 165088 1995220    0    0     0    84 1754 2286  1  2 98  0  0
 2  0      0 3930200 165088 1995220    0    0     0     8 2296 3289  3  3 95  0  0
 1  0      0 3929948 165088 1995232    0    0     0     8 2177 2992  1  3 96  0  0
procs -----------memory---------- ---swap-- -----io---- -system-- ------cpu-----
 r  b   swpd   free   buff  cache   si   so    bi    bo   in   cs us sy id wa st
 1  0      0 3932172 165088 1995240    0    0     0     0 1742 2350  1  2 97  0  0
 1  0      0 3932172 165088 1995248    0    0     0    52 1709 2322  1  2 98  0  0
 1  0      0 3930332 165088 1995256    0    0     0     0 1897 2643  1  2 97  0  0
 1  0      0 3930584 165088 1995256    0    0     0    12 2006 2563  2  3 94  0  0
 1  0      0 3930584 165088 1995260    0    0     0    16 1929 2537  1  2 97  0  0
 1  0      0 3930584 165088 1995268    0    0     0     0 2432 3636  2  2 97  0  0
 1  0      0 3930584 165088 1995276    0    0     0    84 1636 2036  1  2 97  0  0
 1  0      0 3930584 165088 1995280    0    0     0     0 1638 2088  1  2 98  0  0
 1  0      0 3930584 165088 1995284    0    0     0     0 1612 2098  1  2 98  0  0
 1  0      0 3930584 165088 1995292    0    0     0  1148 3825 6054  3  3 94  0  0
 1  0      0 3930092 165088 1995300    0    0     0     0 3233 4994  3  2 95  0  0
 1  0      0 3929868 165088 1995304    0    0     0   120 1911 2534  2  2 97  0  0
 1  0      0 3932328 165088 1995312    0    0     0     0 2042 2891  2  2 97  0  0
 1  0      0 3932260 165088 1995316    0    0     0     0 2227 3066  3  4 93  0  0
 1  0      0 3932100 165088 1995328    0    0     0  7400 2454 3303  2  3 95  0  0
 0  0      0 3932100 165088 1995332    0    0     0    20 2262 3307  2  2 97  0  0
 0  0      0 3931848 165088 1995340    0    0     0   652 1967 2582  1  2 97  0  0
 0  0      0 3931848 165088 1995348    0    0     0   136 1643 2066  1  1 98  0  0
 0  0      0 3931848 165088 1995348    0    0     0     0 1772 2328  1  2 97  0  0
 0  0      0 3931356 165088 1995360    0    0     0     0 3804 6013  2  3 95  0  0
 0  0      0 3931356 165088 1995364    0    0     0     8 1820 2484  1  2 98  0  0
procs -----------memory---------- ---swap-- -----io---- -system-- ------cpu-----
 r  b   swpd   free   buff  cache   si   so    bi    bo   in   cs us sy id wa st
 0  0      0 3931356 165092 1995368    0    0     0    88 2063 2891  3  3 95  0  0
