procs -----------memory---------- ---swap-- -----io---- -system-- ------cpu-----
 r  b   swpd   free   buff  cache   si   so    bi    bo   in   cs us sy id wa st
 2  0      0 1194476 145772 5194584    0    0     8    19   14   44  1  5 93  0  0
 0  0      0 1189196 145772 5194640    0    0     0    20 15321 26803 13 14 72  0  0
 0  0      0 1189196 145772 5194672    0    0     0     4 11280 18025  1  5 94  0  0
 0  0      0 1189196 145772 5194736    0    0     0    44 11630 18851  2  6 92  0  0
 0  0      0 1188444 145776 5194792    0    0     0   452 11980 19409  1  7 90  2  0
 0  0      0 1188444 145776 5194844    0    0     0   396 11519 18387  1  6 94  0  0
 0  0      0 1188444 145776 5194900    0    0     0   636 11590 18718  1  6 93  0  0
 0  0      0 1188444 145776 5194920    0    0     0     0 11736 19049  1  6 93  0  0
 0  0      0 1188444 145776 5194976    0    0     0    40 11218 18321  1  6 93  0  0
 0  0      0 1188444 145776 5195012    0    0     0   404 11982 19512  1  6 92  0  0
 1  0      0 1188444 145776 5195064    0    0     0   108 11504 18444  1  6 93  0  0
 2  0      0 1188444 145776 5195120    0    0     0    32 12569 20556  1  6 93  0  0
 0  0      0 1188196 145776 5195180    0    0     0    68 11489 18450  1  5 94  0  0
 0  0      0 1188196 145776 5195240    0    0     0    52 11589 18673  2  7 92  0  0
 2  0      0 1187944 145776 5195288    0    0     0   620 12353 19716  2  7 91  1  0
 0  0      0 1187944 145776 5195308    0    0     0   104 11145 18092  1  6 93  0  0
 7  0      0 1190292 145776 5195368    0    0     0    40 13947 22992 12 13 75  0  0
 2  0      0 1188692 145776 5195412    0    0     0    16 13790 23298  9 11 80  0  0
 1  0      0 1187968 145776 5195468    0    0     0    80 12002 20353  5  9 86  0  0
 2  0      0 1190212 145776 5195512    0    0     0   224 12941 21372  5  9 86  0  0
 0  0      0 1190212 145776 5195576    0    0     0    48 11737 18714  1  6 93  0  0
procs -----------memory---------- ---swap-- -----io---- -system-- ------cpu-----
 r  b   swpd   free   buff  cache   si   so    bi    bo   in   cs us sy id wa st
 0  0      0 1190212 145776 5195640    0    0     0    96 12524 20498  2  7 91  0  0
 0  0      0 1190212 145776 5195680    0    0     0    32 11288 18292  1  6 93  0  0
 0  0      0 1190212 145776 5195724    0    0     0     8 12011 19327  1  7 92  0  0
 0  0      0 1190212 145776 5195748    0    0     0   460 12531 19884  1  7 92  0  0
 2  0      0 1190212 145776 5195812    0    0     0    48 11771 18903  1  5 94  0  0
 0  0      0 1190212 145776 5195856    0    0     0    92 11939 19546  2  6 93  0  0
 0  0      0 1190212 145776 5195924    0    0     0    28 11854 18989  1  7 92  0  0
 0  1      0 1189268 145776 5195992    0    0     4   248 13053 21186  2  8 90  0  0
 0  1      0 1155316 145780 5197452    0    0    88  1272 17420 30537 10 17 71  2  0
 2  0      0 1138464 145784 5198372    0    0     0   728 11095 18798 15  8 76  1  0
 1  0      0 990180 145784 5198752    0    0   276    68 9982 17333 16  7 77  0  0
 4  0      0 977844 145784 5198968    0    0     0    52 9205 16029 16  6 78  0  0
 2  0      0 951196 145784 5199332    0    0     0   552 12134 21714 27 14 59  0  0
 5  0      0 937088 145784 5199484    0    0     0    44 11762 21693 25 12 63  0  0
 1  1      0 868688 145792 5205048    0    0     0   468 13856 22306 15 11 73  1  0
 2  0      0 822644 145792 5211736    0    0     0    88 16025 24690 20 13 66  1  0
 1  0      0 814088 145792 5211912    0    0     0   728 12082 18845 18  5 77  0  0
 1  0      0 805520 145792 5212064    0    0     0     4 11590 18400 17  7 76  0  0
 1  0      0 795984 145792 5212192    0    0     0    16 12372 19928 18  7 75  0  0
 1  0      0 789444 145796 5212384    0    0     0   544 11727 18908 16  8 76  0  0
 2  0      0 535288 145796 5222344    0    0  9792    56 12566 20683 13 10 75  1  0
procs -----------memory---------- ---swap-- -----io---- -system-- ------cpu-----
 r  b   swpd   free   buff  cache   si   so    bi    bo   in   cs us sy id wa st
 1  0      0 520712 145796 5222788    0    0     0   104 10839 17603 17  6 77  0  0
 1  0      0 472804 145796 5228600    0    0     0    16 13605 20947 12 10 76  2  0
 0  1      0 470592 145796 5230888    0    0     0    24 13342 21583 12  9 77  2  0
 1  0      0 469444 145796 5234320    0    0     0   380 12953 20410 12  7 79  3  0
 0  0      0 460748 145796 5238404    0    0     0    56 12770 20025 12  7 79  2  0
 1  0      0 431236 145796 5241440    0    0     0   124 13038 20556 12  8 78  2  0
 1  0      0 448316 145796 5243584    0    0     0    64 13337 20847 12  7 79  2  0
 1  0      0 443784 145796 5244116    0    0     0     8 12072 18907 17  7 76  0  0
 0  0      0 1131300 145796 5244176    0    0     0   272 15059 26487 23 17 60  0  0
 1  0      0 1131884 145796 5244212    0    0     0    92 14709 25002 10 12 78  0  0
 2  0      0 1133992 145796 5244300    0    0     0    96 12184 20082  3  7 90  0  0
 1  0      0 1134752 145796 5244340    0    0     0    56 12665 21005  5  9 86  0  0
 0  0      0 1135008 145796 5244384    0    0     0     8 12250 20253  1  6 93  0  0
 0  0      0 1135008 145796 5244424    0    0     0   236 11771 18950  1  7 92  0  0
 0  0      0 1134760 145796 5244464    0    0     0    92 12126 19681  1  7 93  0  0
 0  0      0 1134760 145796 5244508    0    0     0   104 12012 19282  1  8 92  0  0
 0  0      0 1134760 145796 5244568    0    0     0    60 11768 19064  1  6 93  0  0
 1  0      0 1134760 145796 5244592    0    0     0    24 12116 19263  1  6 93  0  0
 0  0      0 1138396 145796 5236472    0    0     0   252 11746 18981  2  6 92  0  0
 0  0      0 1137896 145796 5236556    0    0     0     0 12432 20426  1  6 93  0  0
 2  0      0 1137896 145796 5236580    0    0     0   104 11333 18458  1  6 94  0  0
procs -----------memory---------- ---swap-- -----io---- -system-- ------cpu-----
 r  b   swpd   free   buff  cache   si   so    bi    bo   in   cs us sy id wa st
 2  0      0 1137896 145796 5236620    0    0     0   112 11565 18961  2  7 91  0  0
 0  0      0 1137896 145796 5236656    0    0     0    48 11929 19530  1  6 93  0  0
 2  0      0 1137896 145796 5236712    0    0     0   716 11602 18667  1  6 93  0  0
 0  0      0 1137896 145796 5236744    0    0     0    12 11879 19064  1  6 94  0  0
 5  0      0 1134152 145796 5236796    0    0     0    20 14496 24619 13 14 73  0  0
 1  0      0 1136212 145796 5236868    0    0     0   840 14229 24157 11 12 77  0  0
 2  0      0 1135960 145796 5236932    0    0     0    44 11979 19732  2  7 92  0  0
 1  0      0 1135960 145800 5236980    0    0     0   372 13327 22423  7 10 83  0  0
 2  0      0 1135960 145800 5237020    0    0     0    16 12668 20914  2  7 91  0  0
 0  0      0 1135960 145800 5237064    0    0     0     4 11192 18418  1  7 93  0  0
 2  0      0 1135960 145800 5237080    0    0     0    92 12337 19890  2  9 89  0  0
 0  0      0 1135960 145800 5237160    0    0     0   136 11649 19203  1  6 93  0  0
 0  0      0 1135960 145808 5237192    0    0     0   256 12142 19358  1  6 92  0  0
 0  0      0 1135960 145808 5237260    0    0     0    16 11507 18774  0  6 93  0  0
 0  0      0 1135960 145808 5237324    0    0     0    32 11769 19074  1  6 93  0  0
 1  0      0 1135960 145808 5237372    0    0     0    84 12092 19275  1  8 91  0  0
 0  0      0 1135960 145808 5237420    0    0     0    96 12351 19478  1  6 94  0  0
 0  0      0 1135960 145812 5237452    0    0     0   332 12119 19856  1  7 92  0  0
 0  0      0 1135960 145812 5237492    0    0     0    20 12443 20330  2  7 92  0  0
 0  0      0 1135496 145812 5237556    0    0     0     8 11154 18453  3  7 90  0  0
 0  0      0 1135496 145812 5237584    0    0     0    28 11774 19257  2  7 91  0  0
procs -----------memory---------- ---swap-- -----io---- -system-- ------cpu-----
 r  b   swpd   free   buff  cache   si   so    bi    bo   in   cs us sy id wa st
 1  0      0 1132168 145812 5237644    0    0     0    44 13290 22407  9 10 81  0  0
 5  0      0 1132968 145812 5237728    0    0     0   236 13931 24030 10 11 79  0  0
 1  0      0 1132736 145812 5237772    0    0     0    96 13569 23331 10 11 79  0  0
 1  0      0 1133748 145812 5237812    0    0     0    20 12397 21021  6  9 85  0  0
 0  0      0 1133748 145812 5237848    0    0     0    40 11514 18821  1  6 92  0  0
 0  0      0 1133748 145812 5237892    0    0     0    36 11231 18301  1  6 93  0  0
 0  0      0 1133524 145812 5237948    0    0     0   256 12304 19905  1  7 91  0  0
 1  0      0 1133524 145812 5237980    0    0     0    40 12125 19658  1  7 92  0  0
 0  0      0 1133524 145812 5238048    0    0     0    88 11307 18227  1  5 94  0  0
 0  0      0 1133524 145812 5238100    0    0     0     4 11889 19351  2  6 92  0  0
 1  0      0 1133524 145812 5238164    0    0     0    40 11777 19171  1  6 92  0  0
 1  0      0 1133020 145816 5238204    0    0     0   264 11776 18985  1  7 92  0  0
 1  0      0 1133020 145816 5238248    0    0     0    48 11288 18232  1  6 93  0  0
 1  0      0 1133272 145816 5238280    0    0     0    20 11108 18193  1  5 94  0  0
 0  0      0 1133272 145816 5238328    0    0     0    76 11513 18619  1  7 92  0  0
 0  0      0 1133272 145816 5238372    0    0     0   660 11618 19037  1  7 92  0  0
 0  0      0 1133272 145820 5238436    0    0     0   688 11890 19115  2  8 90  0  0
 2  0      0 1132184 145820 5238472    0    0     0    56 14471 24350  7 13 80  0  0
 1  0      0 1130472 145820 5238564    0    0     0    24 14533 24764 11 12 77  0  0
 2  0      0 1127688 145820 5238600    0    0     0     8 13224 23051  9 12 79  0  0
 0  0      0 1131760 145820 5238636    0    0     0    20 13875 23575  8 11 81  0  0
procs -----------memory---------- ---swap-- -----io---- -system-- ------cpu-----
 r  b   swpd   free   buff  cache   si   so    bi    bo   in   cs us sy id wa st
 0  0      0 1131760 145820 5238676    0    0     0   232 11765 19016  1  6 92  1  0
 0  0      0 1131760 145820 5238716    0    0     0    68 11410 18605  1  6 93  0  0
 0  0      0 1131760 145820 5238776    0    0     0    52 11595 18908  1  6 93  0  0
 0  0      0 1131760 145820 5238824    0    0     0    32 11119 18384  1  6 93  0  0
 1  0      0 1131760 145820 5238904    0    0     0   232 11824 19035  1  6 93  0  0
 0  0      0 1131760 145820 5238936    0    0     0   316 11294 18558  1  7 92  0  0
 3  0      0 1131760 145820 5238992    0    0     0    64 12292 20171  2  6 93  0  0
 0  0      0 1131760 145820 5239024    0    0     0    52 11163 17961  1  6 93  0  0
 0  0      0 1133160 145820 5239088    0    0     0   252 12652 20860  3  9 88  0  0
 1  0      0 1126760 145820 5240000    0    0     0  1156 17508 30195  9 17 73  2  0
 2  0      0 1099016 145820 5241696    0    0     0   700 11173 18760 14 10 76  1  0
 2  0      0 947884 145820 5241892    0    0     0    20 12502 19881 16  9 75  0  0
 1  0      0 934540 145820 5242112    0    0     0    48 11425 18548 16  7 76  0  0
10  0      0 915564 145820 5242448    0    0     0    44 12123 20527 22  9 69  0  0
 3  0      0 893948 145820 5242728    0    0     0    52 13976 24489 28 13 60  0  0
 1  0      0 851884 145824 5243088    0    0     0   312 13340 22591 23 12 65  0  0
 1  0      0 791020 145824 5243228    0    0     0    32 13511 23115 21 12 67  0  0
 2  0      0 782464 145824 5243572    0    0     0    40 11345 18289 17  7 76  0  0
 1  0      0 773644 145824 5243796    0    0     0    56 12045 19250 18  6 75  0  0
 1  0      0 763840 145824 5243976    0    0     0    60 12503 20012 18  7 75  0  0
 1  0      0 758044 145828 5244256    0    0     0   364 12036 19260 17  7 75  1  0
procs -----------memory---------- ---swap-- -----io---- -system-- ------cpu-----
 r  b   swpd   free   buff  cache   si   so    bi    bo   in   cs us sy id wa st
 1  0      0 514656 145828 5248512    0    0  3996    36 11802 18792 15  9 76  1  0
 1  0      0 500980 145828 5248808    0    0     0    20 9810 16864 17  7 77  0  0
 2  0      0 450608 145828 5251372    0    0     0    52 11462 18629 12  6 80  2  0
 3  0      0 449432 145828 5252740    0    0     0    24 12678 20173 12  7 79  2  0
 1  0      0 449228 145832 5253880    0    0     0  1240 12771 20570 12  8 78  2  0
 1  0      0 440604 145832 5256048    0    0     0    28 13833 22306 12  8 78  2  0
 1  0      0 441784 145704 5244196    0    0     0  1308 13696 21325 12  8 72  8  0
 1  0      0 430692 145704 5245296    0    0     0     0 12829 20382 14  8 77  2  0
 1  0      0 442244 145712 5245380    0    0     0   460 10120 17769 18  6 76  0  0
 0  0      0 1136956 145712 5245436    0    0     0     0 10876 18097  5  9 86  0  0
 0  0      0 1124548 145712 5245544    0    0    48     0 15039 26267 16 14 70  0  0
 0  0      0 1121252 145712 5245608    0    0     4   192 14411 24633  9 11 80  0  0
 2  0      0 1122972 145712 5245648    0    0     0     0 12523 20373  5  9 87  0  0
 0  0      0 1122764 145712 5245712    0    0     0   224 13100 21672  4  9 87  0  0
 1  0      0 1122512 145712 5245764    0    0     0     0 11625 18759  2  7 91  0  0
 0  0      0 1122016 145712 5245820    0    0     0     0 12799 20820  2  7 91  0  0
 1  0      0 1122016 145712 5245880    0    0     0    80 11602 18577  1  6 93  0  0
 0  0      0 1126652 145712 5245928    0    0     0   104 11611 19141  2  8 90  0  0
 0  0      0 1126412 145712 5245960    0    0     0   224 12387 19888  1  6 93  0  0
 0  0      0 1126160 145712 5246000    0    0     0     0 11794 19062  1  7 92  0  0
 0  0      0 1126160 145712 5246040    0    0     0     0 12287 19901  2  6 92  0  0
procs -----------memory---------- ---swap-- -----io---- -system-- ------cpu-----
 r  b   swpd   free   buff  cache   si   so    bi    bo   in   cs us sy id wa st
 0  0      0 1126160 145712 5246104    0    0     0    40 12134 19271  2  7 92  0  0
 1  0      0 1126160 145712 5246140    0    0     0    88 11533 18746  0  5 95  0  0
 0  0      0 1126160 145712 5246216    0    0     0   256 11782 19147  1  6 93  0  0
 2  0      0 1125920 145712 5246276    0    0     0   380 11873 19058  1  6 93  0  0
 0  0      0 1125844 145712 5246312    0    0     0     0 12351 20038  2  7 91  0  0
 0  0      0 1125924 145712 5246360    0    0     0     4 11500 18640  1  5 94  0  0
 0  0      0 1125988 145712 5246384    0    0     0    84 11686 19078  3  7 90  0  0
 1  0      0 1125988 145712 5246436    0    0     0   272 12069 19406  1  6 92  0  0
 1  0      0 1122428 145712 5246480    0    0     0    12 12513 20161  4 10 86  0  0
 0  0      0 1128624 145712 5246564    0    0     0     0 14283 24433  9 12 79  0  0
 0  0      0 1131684 145712 5246632    0    0     0     0 13666 23390  9 11 79  0  0
 2  0      0 1133800 145712 5246684    0    0     0    48 12579 20907  5  9 86  0  0
 0  0      0 1133800 145716 5246728    0    0     0   452 11588 18767  1  6 92  0  0
 0  0      0 1133560 145716 5246788    0    0     0    20 12202 19468  1  7 92  0  0
 0  0      0 1133072 145716 5246820    0    0     0    12 12818 21074  2  7 92  0  0
 0  0      0 1132824 145716 5246860    0    0     0     0 11666 18759  1  6 93  0  0
 0  0      0 1132824 145716 5246924    0    0     0  1284 12100 19523  2  7 91  0  0
 0  0      0 1132824 145716 5246988    0    0     0   416 12561 19954  1  7 92  0  0
 3  0      0 1132584 145716 5247052    0    0     0    68 11775 19267  2  6 92  0  0
 1  0      0 1132584 145716 5247116    0    0     0     0 11172 18010  1  7 92  0  0
 0  0      0 1132584 145716 5247156    0    0     0    12 11438 18609  1  7 93  0  0
procs -----------memory---------- ---swap-- -----io---- -system-- ------cpu-----
 r  b   swpd   free   buff  cache   si   so    bi    bo   in   cs us sy id wa st
 0  0      0 1132584 145716 5247196    0    0     0     8 11559 18925  1  6 93  0  0
 5  0      0 1128772 145716 5247248    0    0     0   280 14833 24795 12 13 75  0  0
 6  0      0 1125676 145716 5247300    0    0     0    72 14450 24659 10 12 78  0  0
 0  0      0 1126580 145716 5247364    0    0     0    16 13121 22362  4  8 88  0  0
 6  0      0 1126328 145716 5247404    0    0     0     0 12586 21005  5  9 86  0  0
 0  0      0 1126088 145716 5247460    0    0     0    12 11570 19013  2  7 91  0  0
 1  0      0 1125836 145716 5247520    0    0     0   208 11516 18947  2  7 91  0  0
 0  0      0 1125348 145716 5247576    0    0     0   112 11359 18687  1  7 92  0  0
 0  0      0 1125348 145716 5247632    0    0     0    60 11916 19289  1  6 93  0  0
 0  0      0 1125348 145716 5247668    0    0     0     0 11591 18440  0  5 94  0  0
 0  0      0 1125348 145716 5247716    0    0     0     0 12135 19156  1  6 93  0  0
 0  0      0 1127460 145720 5247756    0    0     0   256 11588 18856  1  6 93  0  0
 2  0      0 1127208 145720 5247824    0    0     0    88 11895 18890  1  7 92  0  0
 1  0      0 1127208 145720 5247876    0    0     0    48 12737 20410  1  7 92  0  0
 1  0      0 1127208 145720 5247944    0    0     0    24 11541 18555  1  6 93  0  0
 0  0      0 1127392 145720 5247976    0    0     0     0 12907 20718  3  8 88  0  0
 0  0      0 1127212 145720 5248032    0    0     0   204 13423 21560  2  7 91  0  0
 0  0      0 1126964 145720 5248060    0    0     0    28 11794 19212  1  7 91  0  0
 0  0      0 1126964 145720 5248104    0    0     0   124 11672 18477  2  6 92  0  0
 0  0      0 1126964 145720 5248144    0    0     0    28 11743 18527  1  6 93  0  0
 0  0      0 1126964 145720 5248200    0    0     0     0 11710 18585  1  7 92  0  0
procs -----------memory---------- ---swap-- -----io---- -system-- ------cpu-----
 r  b   swpd   free   buff  cache   si   so    bi    bo   in   cs us sy id wa st
 0  0      0 1126964 145720 5248264    0    0     0   204 11478 18585  1  6 93  0  0
 0  0      0 1126712 145720 5248300    0    0     0     8 11845 19028  1  6 92  0  0
 1  0      0 1126720 145720 5248352    0    0     0   104 12895 21512  2  8 90  0  0
 1  0      0 1126720 145720 5248408    0    0     0    68 11759 18743  1  6 93  0  0
 0  0      0 1126720 145720 5248436    0    0     0   240 12407 19666  2  8 91  0  0
 0  0      0 1125808 145720 5248472    0    0     0  1400 13513 21785  1  8 90  0  0
 0  0      0 1125808 145720 5248520    0    0     0   324 12135 19481  1  7 92  0  0
 0  0      0 1125808 145720 5248576    0    0     0    44 12200 19403  1  6 93  0  0
 0  0      0 1125808 145720 5248636    0    0     0   128 12026 19092  1  6 93  0  0
 2  0      0 1125808 145720 5248684    0    0     0     0 11598 18297  1  6 93  0  0
 0  0      0 1125556 145720 5248756    0    0     0   200 11626 18564  1  7 92  0  0
 0  0      0 1125304 145720 5248788    0    0     0     0 11560 18512  2  6 92  0  0
 0  0      0 1125304 145720 5248828    0    0     0    24 13045 21176  1  8 91  0  0
 0  0      0 1125304 145720 5248868    0    0     0   100 12200 19474  1  6 93  0  0
 0  0      0 1125304 145720 5248916    0    0     0    56 12488 20532  5  8 88  0  0
 0  0      0 1125052 145720 5248976    0    0     0   232 12669 20357  2  7 92  0  0
 0  0      0 1124800 145720 5249024    0    0     0     0 12309 19543  1  6 93  0  0
 0  0      0 1124548 145720 5249072    0    0     0     0 12231 19864  1  7 93  0  0
 0  0      0 1124548 145720 5249156    0    0     0    72 12098 19246  1  5 94  0  0
 0  0      0 1124548 145720 5249188    0    0     0   104 11773 19014  1  6 93  0  0
 0  0      0 1124552 145724 5249228    0    0     0   232 12041 19429  1  6 93  0  0
procs -----------memory---------- ---swap-- -----io---- -system-- ------cpu-----
 r  b   swpd   free   buff  cache   si   so    bi    bo   in   cs us sy id wa st
 0  0      0 1124300 145724 5249288    0    0     0     0 12072 19591  2  6 92  0  0
 0  0      0 1124300 145724 5249320    0    0     0     0 12765 20580  1  7 92  0  0
 2  0      0 1124300 145724 5249384    0    0     0    40 11425 18521  1  5 94  0  0
 0  0      0 1124300 145724 5249436    0    0     0    92 11734 19141  2  7 92  0  0
 0  0      0 1124300 145724 5249480    0    0     0   224 12776 20672  2  7 91  0  0
 2  0      0 1124048 145724 5249564    0    0     0    12 11712 18654  2  6 92  0  0
 0  0      0 1124048 145724 5249584    0    0     0     0 11162 18149  1  6 94  0  0
 0  0      0 1124048 145724 5249636    0    0     0    16 11677 19106  1  6 92  0  0
