procs -----------memory---------- ---swap-- -----io---- -system-- ------cpu-----
 r  b   swpd   free   buff  cache   si   so    bi    bo   in   cs us sy id wa st
 4  0      0 4287876  42960 1324688    0    0     7     5   15   11  1  5 93  0  0
 1  0      0 4286364  42960 1324800    0    0    76    36 17890 31025 14 15 71  0  0
 0  0      0 4286032  42960 1324828    0    0     0     0 15258 24612  1  9 90  0  0
 1  0      0 4286112  42960 1324868    0    0     0     4 15472 24883  1 10 89  0  0
 1  0      0 4286084  42964 1324904    0    0     0    88 14845 23992  1  9 90  0  0
 0  0      0 4286140  42964 1324936    0    0     0   128 15834 25335  2  9 89  0  0
 0  0      0 4286140  42964 1324980    0    0     0   116 16211 25944  1  9 90  0  0
 2  0      0 4285812  42964 1325004    0    0     0     0 15181 24910  2  9 89  0  0
 1  0      0 4285892  42964 1325044    0    0     0     0 15087 24128  1  8 91  0  0
 1  0      0 4286396  42964 1325084    0    0     0   180 15488 24981  2 10 88  0  0
 1  0      0 4286148  42964 1325112    0    0     0     0 14839 23675  1  8 91  0  0
 0  0      0 4286148  42964 1325148    0    0     0    36 15697 25736  2  9 89  0  0
 0  0      0 4285896  42964 1325180    0    0     0   108 15466 24711  1  9 91  0  0
 1  0      0 4285688  42964 1325220    0    0     0     0 15367 24618  2  7 91  0  0
 0  0      0 4285436  42964 1325256    0    0     0    80 15615 24772  1 10 89  0  0
 1  0      0 4285436  42964 1325284    0    0     0   312 15679 24808  1  8 90  0  0
 1  0      0 4285436  42964 1325328    0    0     0    48 15498 25049  1  9 90  0  0
 0  0      0 4285436  42964 1325372    0    0     0    56 15695 25220  2 10 88  0  0
 0  0      0 4285436  42964 1325392    0    0     0    96 15348 24207  1 10 89  0  0
 0  0      0 4285688  42968 1325436    0    0     0   168 15537 24836  1  9 90  0  0
 0  0      0 4285688  42968 1325472    0    0     0     8 15244 24465  1  8 90  0  0
procs -----------memory---------- ---swap-- -----io---- -system-- ------cpu-----
 r  b   swpd   free   buff  cache   si   so    bi    bo   in   cs us sy id wa st
 1  0      0 4284732  42972 1325524    0    0     0   176 16863 27569  3 12 85  0  0
 1  0      0 4256020  42988 1333964    0    0     0  1112 20545 35230  8 17 73  2  0
 1  0      0 4239728  43000 1335456    0    0     0   804 15086 26389 14 13 73  1  0
 2  0      0 4098652  43000 1335504    0    0     0   108 12603 20891 14 10 76  0  0
 1  0      0 4078756  43000 1335680    0    0     0    12 12454 20186 15  9 76  0  0
 2  0      0 4068448  43000 1335788    0    0     0   764 16398 25883 17  9 71  2  0
 1  0      0 4051564  43000 1335980    0    0     0    40 15535 25248 17 10 73  0  0
 3  0      0 4042252  43008 1336036    0    0     0   252 15060 24493 16 10 73  0  0
 1  0      0 3685764  43008 1357940    0    0  9444     8 21007 31057  8 17 71  3  0
 1  0      0 3582572  43008 1360716    0    0     0   100 17052 26355 11 11 77  2  0
 3  0      0 3566552  43008 1364380    0    0     0     8 17712 28012 11 11 76  2  0
 0  0      0 3552104  43008 1368316    0    0     0    16 16638 26336 13 10 75  2  0
 1  0      0 3537220  43016 1372108    0    0     0   176 16265 26033 10 10 78  2  0
 1  0      0 3523500  43016 1375432    0    0     0     0 16650 26158 11 11 77  2  0
 0  1      0 3509164  43016 1378916    0    0     0    12 17327 26847  9 12 78  2  0
 1  1      0 3498112  43016 1382072    0    0     0   228 17685 27281 11 11 76  2  0
 2  0      0 3481900  43032 1385896    0    0     0   500 18663 29848 13 15 70  2  0
 3  0      0 3455624  43052 1389528    0    0     0  1096 20586 34699 19 17 60  3  0
 1  0      0 4176128  43076 1391804    0    0     0   656 15850 27132 22 18 59  1  0
 1  0      0 4026816  43076 1391980    0    0     0     0 13424 22723 15  9 75  0  0
 2  0      0 4008332  43096 1392124    0    0     0   260 15061 26590 21 12 66  0  0
procs -----------memory---------- ---swap-- -----io---- -system-- ------cpu-----
 r  b   swpd   free   buff  cache   si   so    bi    bo   in   cs us sy id wa st
 3  0      0 3962988  43112 1393080    0    0     0  1212 17256 31649 25 16 57  2  0
 2  0      0 3944940  43136 1395004    0    0     0   652 14033 26391 28 15 56  1  0
 4  0      0 3775820  43136 1395208    0    0     0     4 11955 21122 31 10 59  0  0
 2  0      0 3657620  43136 1409028    0    0  1596     0 17651 26710 28 13 58  1  0
 2  0      0 3628916  43136 1409552    0    0     0   252 12986 21201 30 11 59  0  0
 2  0      0 3599860  43140 1409904    0    0     0    56 12686 20725 32  9 59  0  0
 2  0      0 3583492  43152 1410020    0    0     0   472 11729 19703 31  9 59  0  0
 2  0      0 3355216  43152 1410384    0    0     0     4 14409 23799 29 13 58  0  0
 1  0      0 3078940  43152 1416000    0    0  4424     0 14184 23265 25 12 62  2  0
 2  0      0 2885500  43152 1421308    0    0  3300     0 14291 24068 25 11 62  2  0
 2  1      0 2863028  43152 1425304    0    0     0  1016 16211 25464 22 11 63  4  0
 4  0      0 2808176  43156 1431876    0    0     0   260 17828 27739 19 12 65  4  0
 2  0      0 2793656  43156 1435776    0    0     0   108 16752 26676 21 11 65  4  0
 2  0      0 2778088  43156 1440488    0    0     0     0 17258 27111 19 12 65  4  0
 6  0      0 2759824  43156 1446280    0    0     0     0 16891 26858 20 13 64  4  0
 1  1      0 2719996  43156 1451544    0    0     0     0 17387 27787 22 13 61  4  0
 3  0      0 2739132  43164 1455024    0    0     0   140 17490 27211 22 12 63  4  0
 2  0      0 3421032  43164 1455400    0    0     0    24 11809 20964 30 11 59  0  0
 0  0      0 4128696  43164 1455424    0    0     0     4 13348 22759  8 10 82  0  0
 0  0      0 4128696  43164 1455452    0    0     0     0 16220 26574  2 10 88  0  0
 1  0      0 4128696  43164 1455488    0    0     0   172 15359 24711  1  8 90  0  0
procs -----------memory---------- ---swap-- -----io---- -system-- ------cpu-----
 r  b   swpd   free   buff  cache   si   so    bi    bo   in   cs us sy id wa st
 0  0      0 4128444  43164 1455524    0    0     0   108 15441 24803  2  8 89  0  0
 2  0      0 4128192  43164 1455556    0    0     0    32 15731 25478  1  9 89  0  0
 2  0      0 4127952  43164 1455604    0    0     0   196 15006 24204  1  8 90  0  0
 0  0      0 4127952  43164 1455628    0    0     0     4 15516 25012  1  9 90  0  0
 0  0      0 4127704  43164 1455668    0    0     0   124 15866 25169  2 10 88  0  0
 1  0      0 4126952  43172 1455692    0    0     0   176 16208 25594  2  8 89  0  0
 0  0      0 4126952  43172 1455736    0    0     0    32 15942 25301  2  9 89  0  0
 2  0      0 4126952  43172 1455772    0    0     0     4 15218 24814  1  9 90  0  0
 0  0      0 4126952  43172 1455808    0    0     0   100 16029 26216  2  9 89  0  0
 1  0      0 4126952  43172 1455840    0    0     0    16 15564 24995  1  8 91  0  0
 0  0      0 4126700  43180 1456208    0    0   105    88 15533 25040  1  9 90  0  0
 0  0      0 4126452  43180 1456236    0    0     0    32 15395 25095  2  9 89  0  0
 0  0      0 4126452  43180 1456288    0    0     0     0 16216 25310  1  9 90  0  0
 1  0      0 4126452  43180 1456308    0    0     0     8 15867 25434  2  9 90  0  0
 1  0      0 4126452  43180 1456344    0    0     0   276 15697 24804  3  9 88  0  0
 0  0      0 4126452  43192 1456376    0    0     0   196 15884 25273  1 10 88  0  0
 0  0      0 4126452  43192 1456416    0    0     0    64 15662 25428  2  9 89  0  0
 0  0      0 4126452  43192 1456452    0    0     0     0 15614 25023  1  8 91  0  0
 0  0      0 4126452  43192 1456484    0    0     0     0 16812 27008  2  9 89  0  0
 0  0      0 4126452  43192 1456524    0    0     0   160 15059 24353  1  9 90  0  0
 2  0      0 4126452  43200 1456552    0    0     0   104 15481 24875  1  8 91  0  0
procs -----------memory---------- ---swap-- -----io---- -system-- ------cpu-----
 r  b   swpd   free   buff  cache   si   so    bi    bo   in   cs us sy id wa st
 0  0      0 4126452  43200 1456584    0    0     0    32 15609 25068  1  9 90  0  0
 0  0      0 4126452  43200 1456616    0    0     0    36 16482 26765  2  9 89  0  0
 1  0      0 4126452  43200 1456640    0    0     0     0 15841 25672  2  9 90  0  0
 1  0      0 4126452  43200 1456684    0    0     0    20 15845 25479  2  9 90  0  0
 1  0      0 4126452  43208 1456724    0    0     0   160 15726 25231  1  8 91  0  0
 2  0      0 4125948  43208 1456748    0    0     0     8 15522 25089  1  9 90  0  0
 0  0      0 4125948  43208 1456792    0    0     0    48 14566 23887  1  8 91  0  0
 2  0      0 4125948  43208 1456828    0    0     0     0 16652 26907  2 10 87  0  0
 0  0      0 4125948  43208 1456864    0    0     0     8 15183 24518  1  9 91  0  0
 0  0      0 4125948  43216 1456892    0    0     0    92 15473 24767  1  9 90  0  0
 5  0      0 4125696  43216 1456924    0    0     0     0 15099 24336  1  9 90  0  0
 0  0      0 4125696  43216 1456972    0    0     0    40 16369 25797  1  9 90  0  0
 7  0      0 4125696  43216 1456996    0    0     0    12 15902 25728  2 10 88  0  0
 1  0      0 4125696  43216 1457040    0    0     0    48 15948 25674  2  9 89  0  0
 0  0      0 4125696  43224 1457072    0    0     0   200 15513 24812  1 10 89  0  0
 2  0      0 4125696  43224 1457104    0    0     0     0 15541 24887  2  9 89  0  0
 2  0      0 4125696  43224 1457128    0    0     0    32 15305 24410  1  8 90  0  0
 0  0      0 4125696  43224 1457152    0    0     0    16 16719 26836  2  9 89  0  0
 0  0      0 4125696  43224 1457196    0    0     0     8 15473 25172  1  8 90  0  0
