procs -----------memory---------- ---swap-- -----io---- -system-- ------cpu-----
 r  b   swpd   free   buff  cache   si   so    bi    bo   in   cs us sy id wa st
 7  0      0 3312288  81716 2429984    0    0     6    33    7    1  2  9 89  0  0
 0  0      0 3306472  81716 2430064    0    0     0   388 25000 44585 12 19 69  0  0
 0  0      0 3306232  81716 2430188    0    0     0     0 23056 38961  2 14 85  0  0
 2  0      0 3305992  81716 2430308    0    0     0     0 22877 39061  2 14 84  0  0
 1  0      0 3306276  81716 2430400    0    0     0     0 23556 39645  3 15 83  0  0
 1  0      0 3305964  81724 2430536    0    0     0   568 22718 38846  2 14 83  0  0
 1  0      0 3305564  81848 2430628    0    0   124   568 24667 41339  2 16 82  0  0
 0  0      0 3305564  81848 2430712    0    0     0   124 23075 39335  2 14 84  0  0
 0  0      0 3305564  81848 2430804    0    0     0     0 23220 39406  2 16 82  0  0
 6  0      0 3303656  81848 2430900    0    0     0     0 23637 40208  2 16 82  0  0
 0  2      0 3309332  81856 2430988    0    0     0  1804 25292 42371  3 15 78  3  0
 0  0      0 3308844  81856 2431080    0    0     0   232 24474 41312  2 14 81  2  0
 0  0      0 3308844  81856 2431220    0    0     0   488 23764 39915  2 15 83  0  0
 0  0      0 3308844  81856 2431328    0    0     0     0 23619 39861  2 16 82  0  0
 0  0      0 3308844  81856 2431432    0    0     0     0 23500 39437  2 14 83  0  0
 3  0      0 3308844  81856 2431556    0    0     0   468 23387 39689  2 15 82  1  0
 1  0      0 3308596  81856 2431648    0    0     0   100 24034 40220  3 16 82  0  0
 0  0      0 3308596  81856 2431740    0    0     0   408 23269 39533  2 14 85  0  0
 0  0      0 3308596  81856 2431844    0    0     0   220 23132 39186  2 15 83  0  0
 1  0      0 3308356  81856 2431948    0    0     0     0 23763 40026  2 13 84  0  0
 1  0      0 3308356  81860 2432044    0    0     0   456 23075 39142  1 14 84  0  0
procs -----------memory---------- ---swap-- -----io---- -system-- ------cpu-----
 r  b   swpd   free   buff  cache   si   so    bi    bo   in   cs us sy id wa st
 0  0      0 3308356  81860 2432148    0    0     0     0 23677 39930  2 15 83  0  0
 2  0      0 3308132  81868 2432292    0    0     0   556 23550 40010  4 17 79  0  0
 1  0      0 3289564  81880 2432424    0    0     0  2040 27235 47535 10 22 66  3  0
 1  0      0 3284920  81896 2434148    0    0     0   772 22832 41106 12 21 67  1  0
 1  0      0 3159928  81896 2434496    0    0     0     0 18915 35479 18 13 70  0  0
 3  0      0 3106312  81896 2434668    0    0     0  1844 20613 37960 18 16 67  0  0
 1  0      0 3097504  81896 2435000    0    0     0   236 19035 35718 18 14 68  0  0
 3  0      0 3075312  81896 2435332    0    0     0  1368 20665 38531 21 16 62  1  0
 4  2      0 3029512  81912 2437056    0    0     0  2844 25334 47579 27 28 42  3  0
 3  0      0 2902992  81944 2452704    0    0     0  1456 26819 45918 34 27 37  2  0
 4  0      0 2316280  81944 2455364    0    0     0     4 19410 36289 41 18 40  1  0
 3  0      0 2212532  81944 2459976    0    0     0     8 19239 35433 40 16 43  2  0
 4  0      0 2174136  81944 2464356    0    0     0    92 18281 33167 41 15 42  2  0
 9  0      0 2120040  81944 2468336    0    0     0   472 18918 33946 41 17 40  2  0
 5  0      0 2084144  81948 2472140    0    0     0   676 18468 33337 41 16 42  2  0
 3  0      0 1661596  81948 2490668    0    0   816     8 26251 42399 31 22 44  3  0
 0  0      0 1078832  81948 2493748    0    0     0     8 22010 37268 25 26 47  2  0
 3  0      0 1040848  81948 2499080    0    0     0  2312 25642 40842 24 21 52  3  0
 3  0      0 1003916  81948 2504876    0    0     0   324 25453 40771 22 22 53  3  0
 3  0      0 1011148  81952 2509584    0    0     0   852 24070 39305 27 19 50  4  0
 2  0      0 1678496  81952 2512192    0    0     0    12 23468 38732 27 19 51  3  0
procs -----------memory---------- ---swap-- -----io---- -system-- ------cpu-----
 r  b   swpd   free   buff  cache   si   so    bi    bo   in   cs us sy id wa st
 3  1      0 1625560  81952 2514840    0    0     0    12 24061 40383 20 18 60  2  0
 0  0      0 1488888  81968 2517340    0    0     0   416 23837 40511 21 21 56  2  0
 2  0      0 1359980  81984 2521480    0    0     0  1352 26678 47244 25 26 45  4  0
 3  0      0 1331256  81992 2525940    0    0     0  1332 21740 37816 31 20 46  3  0
 4  0      0 1136576  81992 2528632    0    0     0   272 19909 35422 34 19 45  2  0
 5  0      0 982752  81992 2531400    0    0     0     8 19385 34355 35 18 45  2  0
 5  0      0 1775180  81992 2533196    0    0     0    20 18477 34292 41 20 38  1  0
 4  0      0 2952860  81992 2533428    0    0     0    64 21887 37913 27 21 52  0  0
 1  0      0 2939088  82008 2533596    0    0     0   852 23788 40396 19 15 66  0  0
 1  0      0 2548220  82008 2547584    0    0     0   140 29093 45611  9 22 67  1  0
 1  0      0 2482596  82008 2549416    0    0     0   156 22605 38773 11 15 72  1  0
 2  0      0 2473380  82008 2551004    0    0     0    24 23556 39610 10 15 73  2  0
 2  0      0 2459604  82008 2552940    0    0     0    32 22944 39297 12 16 70  1  0
 1  1      0 2449488  82016 2554516    0    0     0   864 22872 39343 11 17 71  2  0
 1  0      0 2443216  82016 2555460    0    0     0  1312 26431 43923 12 19 60  9  0
 1  0      0 2432432  82016 2556988    0    0     0  1052 23565 40172 12 16 71  1  0
 2  0      0 2423252  82016 2558268    0    0     0    48 23563 39423  9 16 73  2  0
 1  0      0 2416336  82016 2559280    0    0     0    16 21808 38260 13 15 71  1  0
 1 45      0 2407868  82028 2558880    0    0     0  3332 25974 43517 13 18 52 17  0
 3  0      0 2437596  82060 2559816    0    0     0  2256 26899 45888 16 20 45 19  0
 1  0      0 3149432  82060 2559896    0    0     0    44 19251 35238 14 17 69  0  0
procs -----------memory---------- ---swap-- -----io---- -system-- ------cpu-----
 r  b   swpd   free   buff  cache   si   so    bi    bo   in   cs us sy id wa st
 0  0      0 3149600  82060 2559984    0    0     0     0 23316 39538  2 16 82  0  0
 4  0      0 3149112  82060 2560084    0    0     0     0 23696 39821  3 16 81  0  0
 0  0      0 3149112  82060 2560192    0    0     0     0 23164 39479  3 14 83  0  0
 2  0      0 3149112  82068 2560276    0    0     0   840 25012 41830  2 16 81  0  0
 1  0      0 3149112  82068 2560376    0    0     0   252 23276 39489  2 16 82  0  0
 2  0      0 3149372  82068 2560476    0    0     0     0 23282 39438  1 15 83  0  0
 0  0      0 3149124  82068 2560592    0    0     0     0 23668 40123  2 15 83  0  0
 2  0      0 3147432  82068 2560664    0    0     0   144 23723 40306  3 15 81  1  0
 4  0      0 3147432  82076 2560796    0    0     0   524 23723 40774  3 15 81  1  0
 1  0      0 3147432  82076 2560924    0    0     0   656 24134 40139  2 16 82  0  0
 4  0      0 3147432  82076 2561020    0    0     0     4 23302 39388  2 15 83  0  0
 0  0      0 3146932  82076 2561140    0    0     0     0 23849 39962  3 15 83  0  0
 1  0      0 3146932  82076 2561224    0    0     0     0 23045 39221  1 14 84  0  0
 0  0      0 3146932  82080 2561324    0    0     0  1340 24343 40827  2 15 82  1  0
 1  0      0 3146932  82080 2561416    0    0     0   288 22708 38949  2 14 85  0  0
 1  0      0 3146932  82080 2561516    0    0     0   344 23252 39394  2 14 84  0  0
 1  0      0 3146932  82080 2561620    0    0     0     4 23060 39335  2 14 84  0  0
 0  0      0 3146680  82080 2561728    0    0     0     0 23314 39413  2 14 84  0  0
 2  0      0 3146680  82088 2561852    0    0     0   444 23648 40022  2 15 83  0  0
 2  0      0 3146680  82088 2561972    0    0     0     0 22815 38904  2 14 84  0  0
 0  0      0 3146680  82088 2562072    0    0     0   572 24104 40214  2 14 84  0  0
procs -----------memory---------- ---swap-- -----io---- -system-- ------cpu-----
 r  b   swpd   free   buff  cache   si   so    bi    bo   in   cs us sy id wa st
 0  0      0 3146680  82088 2562192    0    0     0    72 23103 39283  3 16 81  0  0
 0  0      0 3146680  82088 2562256    0    0     0     4 23578 39848  2 14 84  0  0
 3  0      0 3146428  82096 2562368    0    0     0   460 24106 40996  3 17 80  1  0
 0  0      0 3146428  82096 2562484    0    0     0     0 23293 39413  2 15 83  0  0
 0  0      0 3146428  82096 2562584    0    0     0   136 22937 39236  1 15 84  0  0
 0  0      0 3146428  82096 2562680    0    0     0   488 23707 40143  2 16 82  0  0
 2  0      0 3146428  82096 2562768    0    0     0    12 23368 39291  3 16 81  0  0
 1  0      0 3146428  82100 2562900    0    0     0  1000 23815 40637  2 14 84  0  0
 0  0      0 3146428  82100 2563016    0    0     0  2260 24120 40775  2 14 83  0  0
 0  0      0 3146428  82100 2563128    0    0     0     0 23141 39298  1 14 85  0  0
 0  0      0 3146176  82100 2563240    0    0     0   444 23788 39786  3 17 80  0  0
