procs -----------memory---------- ---swap-- -----io---- -system-- ------cpu-----
 r  b   swpd   free   buff  cache   si   so    bi    bo   in   cs us sy id wa st
 1  0      0 4430880  88884 1426340    0    0     3     6   13    8  1  1 98  0  0
 1  0      0 4429200  88884 1426368    0    0     0     0 5604 9147 11  7 82  0  0
 0  0      0 4429032  88884 1426372    0    0     0     8 2316 3375  1  2 97  0  0
 0  0      0 4428528  88892 1426372    0    0     0    76 1460 1611  1  1 98  0  0
 0  0      0 4428528  88892 1426376    0    0     0     0 1111 1178  0  1 99  0  0
 0  0      0 4428528  88892 1426376    0    0     0    20 1121 1160  1  1 99  0  0
 0  0      0 4428528  88892 1426388    0    0     0    28 1120 1159  0  1 99  0  0
 0  0      0 4428528  88892 1426388    0    0     0     0 1062 1139  0  1 99  0  0
 0  0      0 4428276  88896 1426388    0    0     0    88 1552 1784  0  2 98  0  0
 0  0      0 4428276  88896 1426396    0    0     0     0  972  986  1  1 98  0  0
 0  0      0 4428028  88896 1426404    0    0     0     0 1818 2148  2  2 97  0  0
 0  0      0 4427772  88908 1426412    0    0     0   168 2951 4078  2  2 95  0  0
 2  0      0 4399664  88912 1426536    0    0     0   984 9024 15437  7 10 81  3  0
 1  0      0 4390716  88924 1430284    0    0  1768   560 4453 6255 13  6 81  1  0
 1  0      0 4224508  88924 1430336    0    0     0     0 1615 1456 15  3 82  0  0
 1  0      0 4212676  88924 1430424    0    0     0     4 1511 1592 16  2 82  0  0
 1  0      0 4199584  88924 1430780    0    0     0    28 1319 1510 16  2 82  0  0
 1  0      0 4175124  88924 1430820    0    0     0     8 1278 1461 15  3 82  0  0
 1  0      0 4167636  88948 1430892    0    0     0   220 1769 1951 17  2 81  0  0
 1  0      0 4158324  88948 1431068    0    0     0     4 1402 1360 16  1 82  0  0
 1  0      0 4148256  88948 1431268    0    0     0     0 1536 1530 17  3 81  0  0
procs -----------memory---------- ---swap-- -----io---- -system-- ------cpu-----
 r  b   swpd   free   buff  cache   si   so    bi    bo   in   cs us sy id wa st
 1  0      0 4139700  88948 1431448    0    0     0     0 1293 1261 16  1 83  0  0
 1  0      0 4125084  88948 1431592    0    0     0     4 3012 4333 17  2 81  0  0
 5  0      0 4119316  88956 1431696    0    0     0   872 2882 3454 17  3 79  1  0
 2  0      0 4101944  88964 1431716    0    0     0  1036 6802 10876 21  8 69  3  0
 2  0      0 4070944  88984 1433664    0    0     0   568 5423 8471 27  9 63  0  0
 2  0      0 3896368  88984 1434052    0    0     0     0 1525 1263 31  4 65  0  0
 2  0      0 3864136  88984 1434288    0    0     0     8 1436 1238 31  3 66  0  0
 2  0      0 3646928  88984 1446288    0    0     0     0 7060 7299 26  8 65  2  0
 1  0      0 3454252  88984 1453652    0    0     0    36 4131 4025 28  5 66  1  0
 2  0      0 3435092  88984 1457676    0    0     0   268 3924 4233 29  5 65  1  0
 2  0      0 3401068  88984 1463920    0    0     0     4 4154 4361 29  4 66  1  0
 2  0      0 3344724  88984 1468924    0    0     0     0 5010 6410 31  3 65  1  0
 2  0      0 3368688  88984 1469992    0    0     0     8 2245 2176 33  3 65  0  0
 2  0      0 3375672  88984 1470072    0    0     0   596 1717 1661 33  2 65  1  0
 1  0      0 4079436  88984 1470288    0    0     0   156 1577 1405 18  4 78  0  0
 1  0      0 4064768  88984 1470324    0    0     0    32 1541 1423 16  2 82  0  0
 1  0      0 4059236  88984 1470444    0    0     0     0 1427 1258 16  2 82  0  0
 1  0      0 4050084  88984 1470588    0    0     0     4 1859 1982 16  2 82  0  0
 1  0      0 4045160  88984 1470736    0    0     0     0 1427 1247 17  1 82  0  0
 2  0      0 4021972  88992 1470804    0    0     0   332 2237 2529 17  3 81  0  0
 2  0      0 3434084  89004 1484800    0    0     0   636 10551 13448 13 13 72  3  0
procs -----------memory---------- ---swap-- -----io---- -system-- ------cpu-----
 r  b   swpd   free   buff  cache   si   so    bi    bo   in   cs us sy id wa st
 2  0      0 3341700  89032 1492320    0    0     0  1068 10434 17336 25 13 61  2  0
 2  0      0 3189376  89032 1498788    0    0     0    12 3382 3680 27  4 69  0  0
 1  0      0 3078396  89032 1504756    0    0     0     0 3012 2942 26  3 70  0  0
 2  0      0 3045380  89032 1509048    0    0     0     0 3037 2843 26  3 71  0  0
 2  0      0 2986852  89032 1513012    0    0     0   588 3149 2920 28  3 68  1  0
 2  0      0 2933036  89040 1515964    0    0     0   160 2467 2176 31  2 66  0  0
 2  0      0 2858080  89040 1525560    0    0     0     8 3870 3748 29  3 68  1  0
 2  0      0 2785932  89040 1530664    0    0     0    12 2410 2140 29  3 69  0  0
 2  0      0 2624268  89040 1535860    0    0     0     0 2744 2360 28  4 67  0  0
 2  0      0 2523892  89040 1541964    0    0     0    28 2564 2132 30  3 67  0  0
 2  0      0 2406404  89048 1552556    0    0     0   160 4001 4879 31  4 65  1  0
 2  0      0 2272776  89048 1562936    0    0     0    40 4579 4959 30  4 65  1  0
 2  0      0 2106216  89048 1569132    0    0     0     8 3273 3302 30  3 67  0  0
 2  0      0 2009964  89048 1576716    0    0     0     4 2864 2464 29  3 68  0  0
 2  0      0 1855244  89048 1586128    0    0     0   188 3864 3627 30  4 66  0  0
 2  0      0 1744080  89052 1597980    0    0     0   120 3362 2981 31  3 66  1  0
 2  0      0 1234292  89052 1619768    0    0     0     4 9069 9548 24  9 65  1  0
 1  0      0 1009580  89052 1632024    0    0     0     8 4358 4156 22  6 71  1  0
 2  0      0 874988  89052 1643112    0    0     0    12 5421 5850 23  6 71  1  0
 2  0      0 674816  89052 1654188    0    0     0    48 5060 5061 23  5 71  1  0
 1  0      0 546388  89056 1664988    0    0     0   184 5510 6835 25  5 70  1  0
procs -----------memory---------- ---swap-- -----io---- -system-- ------cpu-----
 r  b   swpd   free   buff  cache   si   so    bi    bo   in   cs us sy id wa st
 2  0      0 310944  89056 1675788    0    0     0     0 5047 5347 23  5 71  1  0
 2  0      0 134316  89056 1685716    0    0     0  9784 5737 6329 24  5 70  1  0
 1  2      0 164628  86568 1574408    0    0   204 115656 8405 9032 22  8 53 16  0
 3  0      0 140072  85708 1535584    0    0     0  4768 5027 5226 22  7 69  2  0
 3  0      0 139848  85716 1541416    0    0   848   372 3500 3255 26  3 68  3  0
 3  0      0 1079796  85716 1545456    0    0     4     0 2907 2910 27  6 67  0  0
 2  0      0 1051980  85716 1549692    0    0     0   328 2947 2985 13  6 81  0  0
 1  0      0 981500  85716 1554784    0    0     0    16 3784 4116 13  3 83  0  0
 2  0      0 877804  85716 1564968    0    0     0    40 3340 3236 13  3 84  1  0
 2  0      0 738816  85720 1576584    0    0     0    92 4435 5178 15  4 81  1  0
 2  0      0 3055568  85720 1578696    0    0     0     0 2316 2334 15  6 79  0  0
 2  0      0 3055384  85720 1578696    0    0     0     4 2467 2631 18  1 81  0  0
 1  0      0 4247604  85724 1578676    0    0     0    56 2359 2677  6  5 89  0  0
 1  0      0 4247604  85724 1578680    0    0     0     8 1156 1210  0  1 99  0  0
 1  0      0 4247604  85736 1578672    0    0     0   108 1471 1666  0  1 98  0  0
 1  0      0 4247364  85736 1578688    0    0     0     0 1414 1535  0  2 98  0  0
 1  0      0 4247364  85736 1578692    0    0     0     0 1309 1424  1  2 97  0  0
 1  0      0 4246876  85736 1578700    0    0     0    48 1162 1223  1  1 99  0  0
 1  0      0 4246876  85736 1578704    0    0     0     8 1051 1059  0  1 99  0  0
 1  0      0 4246388  85736 1578708    0    0     0     8 2573 3864  2  2 97  0  0
 2  0      0 4245884  85736 1578708    0    0     0    72 1609 1851  1  2 97  0  0
procs -----------memory---------- ---swap-- -----io---- -system-- ------cpu-----
 r  b   swpd   free   buff  cache   si   so    bi    bo   in   cs us sy id wa st
 1  0      0 4245884  85736 1578712    0    0     0     0 1117 1167  0  1 99  0  0
 2  0      0 4245884  85736 1578720    0    0     0  2928 1236 1329  0  1 99  0  0
 1  0      0 4245884  85736 1578724    0    0     0     4 1082 1101  0  1 99  0  0
 2  0      0 4245884  85736 1578728    0    0     0     0 1024 1012  0  1 99  0  0
 1  0      0 4245380  85740 1578736    0    0     0    92 1774 2206  1  1 98  0  0
 2  0      0 4245380  85740 1578744    0    0     0    32 1373 1506  1  2 97  0  0
 1  0      0 4245380  85740 1578752    0    0     0     0 1100 1139  1  1 99  0  0
 2  0      0 4245380  85740 1578752    0    0     0     8 1251 1465  0  1 99  0  0
