2026-07-14 20:30:02.864 procs -----------memory---------- ---swap-- -----io---- -system-- ------cpu-----
2026-07-14 20:30:02.867 r  b   swpd   free   buff  cache   si   so    bi    bo   in   cs us sy id wa st
2026-07-14 20:30:02.870 3  0      0 3589516 109420 2166620    0    0     7    42    8    5  2 10 87  1  0
2026-07-14 20:30:03.864 0  0      0 3589268 109424 2166652    0    0     0  1256 2517 3991  2  3 94  1  0
2026-07-14 20:30:04.865 0  0      0 3589020 109424 2166652    0    0     0     0 1634 2204  1  2 98  0  0
2026-07-14 20:30:05.866 0  0      0 3589020 109424 2166652    0    0     0     0 1184 1597  1  2 98  0  0
2026-07-14 20:30:06.867 0  0      0 3589020 109424 2166652    0    0     0     0 1883 2982  1  2 97  0  0
2026-07-14 20:30:07.868 0  0      0 3589020 109424 2166652    0    0     0     0 1194 1640  2  1 97  0  0
2026-07-14 20:30:08.869 0  0      0 3589020 109424 2166656    0    0     0  1228 2211 2716  1  2 96  1  0
2026-07-14 20:30:09.869 0  0      0 3588768 109424 2166656    0    0     0     0 1675 2305  1  2 97  0  0
2026-07-14 20:30:10.871 0  0      0 3588768 109424 2166656    0    0     0     0 2102 3361  1  2 97  0  0
2026-07-14 20:30:11.871 0  0      0 3588544 109424 2166656    0    0     0     0 1451 1978  3  2 95  0  0
2026-07-14 20:30:12.870 0  0      0 3588544 109424 2166656    0    0     0     0 1191 1707  1  1 98  0  0
2026-07-14 20:30:13.874 0  0      0 3588544 109428 2166656    0    0     0    28 1392 1843  1  2 97  0  0
2026-07-14 20:30:14.874 0  0      0 3588544 109428 2166660    0    0     0    12 1666 2263  1  2 97  0  0
2026-07-14 20:30:15.875 0  0      0 3588296 109428 2166660    0    0     0     0 1355 1969  1  1 98  0  0
2026-07-14 20:30:16.876 0  0      0 3588296 109428 2166660    0    0     0     0  883 1177  1  1 98  0  0
2026-07-14 20:30:17.877 0  0      0 3588296 109428 2166660    0    0     0     0 1210 1671  1  1 98  0  0
2026-07-14 20:30:18.878 0  0      0 3588296 109428 2166660    0    0     0     0 1548 2077  2  2 96  0  0
2026-07-14 20:30:19.878 0  0      0 3587324 109444 2166684    0    0     0   184 5200 7949  5  8 87  0  0
2026-07-14 20:30:20.880 1  0      0 3567876 109464 2167052    0    0     0   948 10240 16857 10 13 75  2  0
2026-07-14 20:30:21.880 1  0      0 3559008 109484 2168688    0    0     0   576 5790 9323 11 10 79  1  0
2026-07-14 20:30:22.881 1  0      0 3419068 109484 2168852    0    0     0     0 1732 1993 15  4 82  0  0
2026-07-14 20:30:23.881 procs -----------memory---------- ---swap-- -----io---- -system-- ------cpu-----
2026-07-14 20:30:23.884 r  b   swpd   free   buff  cache   si   so    bi    bo   in   cs us sy id wa st
2026-07-14 20:30:23.887 1  0      0 3363200 109484 2168900    0    0     0     4 1726 2122 16  3 81  0  0
2026-07-14 20:30:24.882 2  0      0 3355664 109484 2169076    0    0     0    28 1816 2009 17  3 81  0  0
2026-07-14 20:30:25.881 1  0      0 3346604 109484 2169332    0    0     0     4 1529 1785 17  3 80  0  0
2026-07-14 20:30:26.883 1  0      0 3322916 109492 2169532    0    0     0   104 1511 1745 16  2 82  0  0
2026-07-14 20:30:27.882 1  0      0 3316868 109492 2169588    0    0     0     0 1433 1641 16  2 82  0  0
2026-07-14 20:30:28.885 2  1      0 3313616 109492 2169732    0    0     0   504 1844 2190 17  3 80  0  0
2026-07-14 20:30:29.885 2  0      0 3302288 109492 2169980    0    0     0    28 2215 2542 16  3 80  1  0
2026-07-14 20:30:30.886 2  0      0 3293972 109492 2170040    0    0     0     8 2273 3037 17  2 81  0  0
2026-07-14 20:30:31.887 2  0      0 3193884 109500 2182620    0    0     0   148 7017 8333 12  9 78  1  0
2026-07-14 20:30:32.885 2  0      0 3175992 109500 2182912    0    0     0     0 1457 1577 16  2 82  0  0
2026-07-14 20:30:33.888 2  0      0 3170700 109500 2182980    0    0     0    32 1532 1748 17  2 81  0  0
2026-07-14 20:30:34.889 2  0      0 3160128 109500 2183092    0    0     0     0 1671 1957 16  2 81  0  0
2026-07-14 20:30:35.889 2  0      0 3152820 109500 2183188    0    0     0    12 1457 1712 17  2 82  0  0
2026-07-14 20:30:36.888 2  0      0 3142500 109508 2183316    0    0     0   272 1944 2467 17  2 81  0  0
2026-07-14 20:30:37.889 2  0      0 3140988 109508 2183396    0    0     0     0 1371 1483 17  2 82  0  0
2026-07-14 20:30:38.891 2  0      0 3132168 109508 2183492    0    0     0     0 1427 1661 16  3 81  0  0
2026-07-14 20:30:39.891 2  0      0 2917264 109508 2183948    0    0   360     0 1959 2364 14  5 81  0  0
2026-07-14 20:30:40.892 2  0      0 2854956 109508 2187208    0    0     0     8 3548 3952 11  4 85  1  0
2026-07-14 20:30:41.893 2  0      0 2837344 109512 2191048    0    0     0    72 4425 5646 11  3 85  1  0
2026-07-14 20:30:42.894 2  0      0 2821020 109512 2195420    0    0     0     0 3638 3899 12  2 85  1  0
2026-07-14 20:30:43.894 1  0      0 2802904 109512 2199584    0    0     0  5880 3707 4032 11  4 84  0  0
2026-07-14 20:30:44.894 procs -----------memory---------- ---swap-- -----io---- -system-- ------cpu-----
2026-07-14 20:30:44.896 r  b   swpd   free   buff  cache   si   so    bi    bo   in   cs us sy id wa st
2026-07-14 20:30:44.898 3  0      0 2785296 109512 2203752    0    0     0     0 3958 4503 10  5 85  1  0
2026-07-14 20:30:45.896 4  0      0 2768972 109516 2207332    0    0     0   196 6384 8575 15  8 77  1  0
2026-07-14 20:30:46.896 5  0      0 2728676 109532 2212488    0    0     0  1016 11174 17719 18 15 65  3  0
2026-07-14 20:30:47.897 3  0      0 2713768 109552 2216804    0    0     0   612 5355 7505 24  9 66  1  0
2026-07-14 20:30:48.898 3  0      0 2607992 109552 2217076    0    0     0     4 1791 1955 32  5 63  0  0
2026-07-14 20:30:49.898 3  0      0 2553272 109552 2217096    0    0     0     0 2044 2236 33  3 64  0  0
2026-07-14 20:30:50.899 3  0      0 3297792 109552 2217256    0    0     0   292 3854 5758 30  9 61  1  0
2026-07-14 20:30:51.898 2  0      0 3286268 109552 2217528    0    0     0   136 4472 6843 18  4 78  0  0
2026-07-14 20:30:52.900 2  0      0 3262340 109560 2217704    0    0     0   236 1615 1860 16  3 81  0  0
2026-07-14 20:30:53.901 2  0      0 3256292 109560 2217768    0    0     0     0 1536 1714 17  2 81  0  0
2026-07-14 20:30:54.902 2  0      0 3250244 109560 2217916    0    0     0     4 1970 2230 16  3 81  0  0
2026-07-14 20:30:55.902 2  0      0 3238664 109560 2218048    0    0     0     0 1593 1761 18  2 80  0  0
2026-07-14 20:30:56.903 2  0      0 3230560 109560 2218252    0    0     0    12 1508 1577 17  2 81  0  0
2026-07-14 20:30:57.904 2  0      0 3123972 109564 2232012    0    0     0   108 5793 6238 12  8 79  1  0
2026-07-14 20:30:58.903 2  0      0 3109660 109564 2232096    0    0     0   628 2029 2238 16  3 78  3  0
2026-07-14 20:30:59.905 2  0      0 3104620 109564 2232148    0    0     0     0 2001 2440 17  2 81  0  0
2026-07-14 20:31:00.905 3  0      0 3096568 109564 2232260    0    0     0     0 1894 2536 16  2 81  0  0
2026-07-14 20:31:01.906 2  0      0 3087752 109564 2232356    0    0     0    12 2428 3410 17  3 80  0  0
2026-07-14 20:31:02.907 2  0      0 3080204 109568 2232484    0    0     0   120 1524 1697 17  2 82  0  0
2026-07-14 20:31:03.907 2  0      0 3076928 109568 2232580    0    0     0     0 1341 1482 17  2 82  0  0
2026-07-14 20:31:04.908 2  0      0 3069116 109568 2232676    0    0     0    20 1907 2177 16  3 81  0  0
2026-07-14 20:31:05.908 procs -----------memory---------- ---swap-- -----io---- -system-- ------cpu-----
2026-07-14 20:31:05.911 r  b   swpd   free   buff  cache   si   so    bi    bo   in   cs us sy id wa st
2026-07-14 20:31:05.914 2  0      0 2928876 109568 2232788    0    0     0     0 1651 1991 16  3 81  0  0
2026-07-14 20:31:06.908 2  0      0 2741176 109568 2233832    0    0     0     0 3186 4029 12  4 84  0  0
2026-07-14 20:31:07.911 2  0      0 2728072 109572 2235656    0    0     0   108 2568 2989 11  3 87  0  0
2026-07-14 20:31:08.911 1  0      0 2713468 109572 2237608    0    0     0     0 2724 2981 12  3 86  0  0
2026-07-14 20:31:09.912 2  0      0 2703640 109572 2239168    0    0     0   116 3472 4209 13  3 83  1  0
2026-07-14 20:31:10.912 2  0      0 2694568 109572 2240332    0    0     0     0 2696 3368 14  2 84  0  0
2026-07-14 20:31:11.911 1  0      0 2681464 109572 2242068    0    0     0     0 3504 4571 13  3 85  0  0
2026-07-14 20:31:12.914 3  0      0 2673148 109576 2243256    0    0     0    76 2136 2292 12  2 85  0  0
2026-07-14 20:31:13.914 2  0      0 2660548 109576 2245004    0    0     0     0 2454 2734 12  3 85  0  0
2026-07-14 20:31:14.915 2  0      0 2652232 109576 2246296    0    0     0  1396 2609 2953 14  3 83  0  0
2026-07-14 20:31:15.916 3  0      0 2728400 109576 2246452    0    0     0     0 1598 1942 17  2 81  0  0
2026-07-14 20:31:16.915 2  0      0 2728400 109576 2246452    0    0     0     4 1390 1601 17  1 82  0  0
2026-07-14 20:31:17.919 2  0      0 3484616 109580 2246452    0    0     0    84 1498 1678 13  6 81  0  0
2026-07-14 20:31:18.919 1  0      0 3484780 109580 2246456    0    0     0    12 1583 2189  2  3 95  0  0
2026-07-14 20:31:19.920 1  0      0 3484780 109580 2246460    0    0     0  6788 1741 2458  1  2 97  0  0
2026-07-14 20:31:20.921 1  0      0 3484532 109580 2246460    0    0     0     0 1892 2945  1  2 97  0  0
2026-07-14 20:31:21.921 1  0      0 3484532 109580 2246460    0    0     0     0 2806 4664  2  3 96  0  0
2026-07-14 20:31:22.922 1  0      0 3484532 109584 2246456    0    0     0   180 1432 2077  1  1 98  0  0
2026-07-14 20:31:23.923 1  0      0 3484532 109584 2246460    0    0     0    12 1951 2844  1  2 97  0  0
2026-07-14 20:31:24.924 1  0      0 3486208 109584 2246460    0    0     0     0 1451 1860  1  2 97  0  0
2026-07-14 20:31:25.923 1  0      0 3486208 109584 2246460    0    0     0     0 1381 1954  0  2 98  0  0
2026-07-14 20:31:26.925 procs -----------memory---------- ---swap-- -----io---- -system-- ------cpu-----
2026-07-14 20:31:26.929 r  b   swpd   free   buff  cache   si   so    bi    bo   in   cs us sy id wa st
2026-07-14 20:31:26.931 6  0      0 3487148 109584 2246460    0    0     0     0 1671 2400  4  3 93  0  0
