procs -----------memory---------- ---swap-- -----io---- -system-- ------cpu-----
 r  b   swpd   free   buff  cache   si   so    bi    bo   in   cs us sy id wa st
 4  0      0 3986344 130800 2252740    0    0     7    42    5    8  2 10 87  1  0
 3  0      0 3984796 130800 2252808    0    0     8     0 11386 19524 12 14 74  0  0
 2  0      0 3984796 130800 2252820    0    0     0     0 7697 12499  1  5 93  0  0
 1  0      0 3984572 130804 2252876    0    0     0   212 8557 13246  2  6 92  0  0
 0  0      0 3984572 130804 2252892    0    0     0   244 8465 14091  2  6 93  0  0
 1  0      0 3984572 130804 2252944    0    0     0    12 7632 12756  1  6 93  0  0
 0  0      0 3984324 130804 2252964    0    0     0    56 6649 11186  1  6 92  0  0
 1  0      0 3984324 130804 2253004    0    0     0     0 7117 12034  1  4 95  0  0
 0  0      0 3984324 130812 2253028    0    0     0   220 7197 12141  1  6 94  0  0
 1  0      0 3984324 130812 2253068    0    0     0   132 8551 14172  1  7 92  0  0
 0  0      0 3984324 130812 2253100    0    0     0    80 7076 11620  2  5 93  0  0
 0  0      0 3984324 130812 2253148    0    0     0    16 8998 14915  2  8 90  0  0
 1  0      0 3984324 130812 2253176    0    0     0   264 9685 16462  3  8 87  2  0
 2  0      0 3985384 130812 2253236    0    0     0   116 8601 13750  7  9 72 12  0
 0  1      0 3985512 130812 2253272    0    0     0    52 6921 11611  2  6 80 12  0
 0  1      0 3985512 130812 2253312    0    0     0   224 8264 13556  1  6 78 15  0
 0  1      0 3985512 130812 2253316    0    0     0     4 7392 12167  2  7 78 14  0
 0  1      0 3985512 130812 2253376    0    0     0     8 7049 11344  1  6 78 15  0
 0 50      0 3985512 130816 2253392    0    0     0   300 7126 11891  1  6 34 59  0
 3  0      0 3976620 130828 2253656    0    0     0  2248 16922 26894  2  3 11 83  0
 9  0      0 3943140 130832 2268544    0    0 13876   636 12507 21010  5 16 75  4  0
procs -----------memory---------- ---swap-- -----io---- -system-- ------cpu-----
 r  b   swpd   free   buff  cache   si   so    bi    bo   in   cs us sy id wa st
 1  0      0 3929644 130836 2272212    0    0  3084    96 9624 16516 15  9 75  2  0
 1  0      0 3775532 130836 2277452    0    0  5072     4 8855 14519 13 10 75  3  0
 4  0      0 3745808 130836 2277576    0    0     0     4 6583 11262 16  5 79  0  0
 2  0      0 3735752 130836 2277792    0    0     8   252 7135 12101 17  6 77  0  0
 2  0      0 3717044 130836 2278076    0    0     0   256 8789 14930 18  6 75  1  0
 2  0      0 3713664 130848 2268280    0    0     0   480 9195 14634 16  8 76  1  0
 3  0      0 3707036 130848 2268356    0    0     0    20 9989 15910 17  6 77  0  0
 2  0      0 3703776 130848 2268544    0    0     0     4 9775 15213 16  7 77  0  0
 2  0      0 3693468 130848 2269360    0    0   708   212 9661 15078 18  6 76  0  0
 3  0      0 3684900 130848 2269552    0    0     4    84 7117 12125 17  4 79  0  0
 2  0      0 3570448 130856 2285048    0    0  3400   504 12231 17851 12 12 75  2  0
 5  0      0 3553444 130860 2285500    0    0     0   332 10567 16745 21  9 70  0  0
 3  0      0 3522768 130880 2286132    0    0     0  1068 13745 24056 27 17 55  2  0
 3  0      0 3515016 130900 2287880    0    0     0   748 9699 16667 27 12 60  1  0
 3  0      0 3364820 130900 2288168    0    0     0   148 8460 14737 31  8 60  0  0
 3  0      0 3310300 130900 2288356    0    0     0    24 7761 13120 34  7 59  0  0
 3  0      0 3299476 130900 2288684    0    0     0    28 8040 13545 33  7 60  0  0
 3  0      0 3283372 130900 2289044    0    0     4    16 7790 13185 33  6 61  0  0
 5  0      0 3263992 130908 2290984    0    0  1652   328 7341 12335 31  7 61  1  0
 2  0      0 2992968 130908 2293912    0    0  1120   216 8293 13370 30  9 60  1  0
 3  0      0 2946764 130908 2299352    0    0     0    16 8674 13371 29  8 63  1  0
procs -----------memory---------- ---swap-- -----io---- -system-- ------cpu-----
 r  b   swpd   free   buff  cache   si   so    bi    bo   in   cs us sy id wa st
 5  0      0 2931768 130908 2301504    0    0     0    36 8236 12546 29  7 64  0  0
 3  0      0 2927128 130908 2303888    0    0     0    12 8223 12761 29  7 64  0  0
 3  0      0 2908940 130916 2307412    0    0     0  5676 8701 13898 30  7 62  1  0
 4  0      0 2756088 130916 2324924    0    0   412    96 13927 18901 23 13 61  2  0
 3  0      0 2737876 130916 2327688    0    0     0   124 8607 13605 30  7 62  0  0
 7  0      0 2720148 130916 2329528    0    0     0    48 8986 13926 29  7 63  0  0
 3  0      0 2745752 130916 2330024    0    0     0    16 8655 14629 33  7 60  0  0
 3  0      0 2737692 130920 2330152    0    0     0   384 7519 11915 32  6 62  0  0
 4  0      0 2725804 130920 2330320    0    0     0   336 8099 12973 32  6 62  0  0
 3  0      0 3465088 130920 2330428    0    0     0  1192 8438 13000 27 10 63  0  0
 2  0      0 3458044 130920 2330556    0    0     0    56 9291 14564 16  7 77  0  0
 3  0      0 3312744 130920 2332480    0    0  1788    28 9547 15116 16  7 76  0  0
 1  0      0 3003828 130924 2335012    0    0  1308   356 10401 15670 10 11 78  1  0
 2  0      0 2977124 130924 2338860    0    0   256    64 11016 15986 11  7 82  0  0
 4  0      0 2965564 130924 2342272    0    0     0    36 11552 16836 10  8 82  0  0
 1  0      0 2948004 130924 2346128    0    0     0   160 11451 16800 11  6 83  0  0
 2  0      0 2832836 130924 2349356    0    0     0    12 12445 18984 10  8 81  0  0
 2  0      0 2704060 130932 2352796    0    0     0   280 11004 16135  9  7 83  0  0
 2  0      0 2687608 130932 2356344    0    0     0    24 10966 16285 10  7 83  0  0
 1  0      0 2670764 130932 2359960    0    0     0    92 10931 15976 10  7 82  0  0
 2  0      0 2582760 130932 2363788    0    0     0   148 11662 17166 10  8 81  0  0
procs -----------memory---------- ---swap-- -----io---- -system-- ------cpu-----
 r  b   swpd   free   buff  cache   si   so    bi    bo   in   cs us sy id wa st
 2  0      0 2582260 130932 2364128    0    0     0    56 10184 15490 18  5 77  0  0
 2  0      0 2582008 130936 2364172    0    0     0   308 9630 14866 18  5 77  0  0
 2  0      0 3556476 130936 2364208    0    0     0    44 10338 16167 13 12 76  0  0
 1  0      0 3556552 130936 2364276    0    0     0    28 9504 14714  1 11 89  0  0
 1  0      0 3556144 130936 2364312    0    0     0   148 8204 13355  2  6 92  0  0
 1  0      0 3556144 130936 2364344    0    0     0    72 9332 15342  2  7 91  0  0
 1  0      0 3556144 130944 2364384    0    0     0   260 8245 13602  1  5 93  1  0
 2  0      0 3556144 130944 2364412    0    0     0    32 7657 12332  1  5 94  0  0
 1  0      0 3556144 130944 2364452    0    0     0    48 7438 12632  1  7 93  0  0
 1  0      0 3555892 130944 2364472    0    0     0    64 6742 10987  2  7 91  0  0
 1  0      0 3555892 130944 2364504    0    0     0    92 7760 13198  1  6 93  0  0
 3  0      0 3555892 130952 2364544    0    0     0   268 7979 13420  1  5 93  0  0
 2  0      0 3555892 130952 2364588    0    0     0  1140 6114 9927  1  4 95  0  0
 1  0      0 3555892 130952 2364616    0    0     0    36 7712 12248  1  6 93  0  0
 1  0      0 3555388 130952 2364644    0    0     0    64 8425 14253  2  7 91  0  0
 1  0      0 3555388 130952 2364684    0    0     0    48 9985 16439  2  7 90  0  0
 1  0      0 3555164 130960 2364720    0    0     4 13232 8014 12788  1  6 91  1  0
 1  0      0 3555164 130960 2364760    0    0     0  3436 7999 12930  2  5 93  0  0
 2  0      0 3555164 130960 2364788    0    0     0   172 8060 13497  1  5 94  0  0
 2  0      0 3554912 130960 2364816    0    0     0   144 8194 13527  1  8 91  0  0
 1  0      0 3554912 130960 2364856    0    0     0    32 7675 12442  1  5 94  0  0
procs -----------memory---------- ---swap-- -----io---- -system-- ------cpu-----
 r  b   swpd   free   buff  cache   si   so    bi    bo   in   cs us sy id wa st
 2  0      0 3554912 130960 2364896    0    0     0   644 7375 12161  1  6 92  2  0
 1  0      0 3554912 130960 2364924    0    0     0   700 8861 13563  3  6 91  0  0
