procs -----------memory---------- ---swap-- -----io---- -system-- ------cpu-----
 r  b   swpd   free   buff  cache   si   so    bi    bo   in   cs us sy id wa st
 4  0      0 4335712 161292 1633652    0    0     2    10    1   10  2  1 97  0  0
 1  0      0 4333112 161292 1633716    0    0     0     0 7704 12970 14 11 75  0  0
 0  0      0 4332864 161292 1633720    0    0     0     0 2442 3620  1  2 97  0  0
 0  0      0 4332864 161292 1633720    0    0     0   200 2226 3009  4  3 94  0  0
 0  0      0 4332864 161292 1633728    0    0     0     0 2091 2885  1  1 97  0  0
 0  0      0 4332864 161292 1633736    0    0     0    24 1700 2243  1  2 98  0  0
 0  0      0 4332864 161292 1633744    0    0     0    24 1889 2577  2  1 97  0  0
 0  0      0 4332864 161292 1633748    0    0     0     0 1594 2026  1  2 98  0  0
 0  0      0 4332864 161292 1633752    0    0     0    56 1586 2032  1  1 98  0  0
 0  0      0 4332624 161292 1633756    0    0     0     0 1728 2231  1  1 97  0  0
 1  0      0 4332624 161292 1633764    0    0     0     8 3412 5233  3  3 93  0  0
 1  0      0 4332624 161292 1633772    0    0     0    48 1607 2056  1  1 98  0  0
 0  0      0 4332624 161292 1633776    0    0     0     4 3505 5675  2  3 95  0  0
 0  0      0 4332624 161292 1633780    0    0     0   100 1965 2610  2  3 95  0  0
 0  0      0 4332624 161292 1633784    0    0     0     0 1894 2664  1  2 98  0  0
 0  0      0 4332624 161292 1633788    0    0     0     4 1873 2476  1  2 97  0  0
 0  0      0 4332624 161292 1633800    0    0     0    12 1864 2544  2  1 97  0  0
 0  0      0 4332624 161292 1633808    0    0     0    36 1540 1965  1  2 97  0  0
 0  0      0 4332624 161292 1633808    0    0     0    60 1585 2079  1  2 97  0  0
 0  0      0 4326892 161292 1633820    0    0     0     0 6987 11381 18 12 70  0  0
 1  0      0 4325100 161292 1633840    0    0     0     0 5116 8198 11  9 80  0  0
procs -----------memory---------- ---swap-- -----io---- -system-- ------cpu-----
 r  b   swpd   free   buff  cache   si   so    bi    bo   in   cs us sy id wa st
 5  0      0 4327152 161292 1633848    0    0     0     8 2709 3932  4  4 92  0  0
 0  0      0 4327152 161292 1633852    0    0     0    16 5715 9456  9  7 84  0  0
 0  0      0 4327152 161292 1633860    0    0     0   220 2019 2743  3  3 95  0  0
 0  0      0 4327152 161292 1633868    0    0     0     4 2089 2887  2  2 96  0  0
 0  0      0 4327152 161292 1633876    0    0     0     0 3246 4900  2  3 95  0  0
 1  0      0 4326904 161292 1633880    0    0     0     0 1717 2327  1  2 97  0  0
 0  0      0 4326680 161292 1633884    0    0     0    24 1687 2183  1  2 97  0  0
 0  0      0 4326680 161292 1633892    0    0     0    52 1903 2545  1  2 97  0  0
 0  0      0 4326680 161292 1633896    0    0     0    36 1384 1727  2  1 97  0  0
 0  0      0 4326680 161292 1633904    0    0     0     4 1885 2595  1  2 97  0  0
 0  0      0 4326680 161292 1633904    0    0     0     0 1631 2143  1  2 97  0  0
 0  0      0 4326680 161292 1633912    0    0     0    16 3247 5023  4  3 93  0  0
 0  0      0 4326680 161292 1633920    0    0     0   136 1831 2417  2  3 94  0  0
 0  0      0 4326680 161292 1633928    0    0     0    24 1615 2124  1  2 97  0  0
 1  0      0 4326428 161292 1633924    0    0     0    12 1835 2337  1  2 97  0  0
 0  0      0 4326144 161292 1633956    0    0     0     4 7672 12649 17 11 72  0  0
 0  0      0 4330760 161292 1633968    0    0     0     8 5191 8336 11  8 81  0  0
 4  0      0 4332972 161292 1633980    0    0     0   100 2705 4002  4  3 93  0  0
 0  0      0 4332732 161292 1633984    0    0     0     0 3586 5462  5  4 91  0  0
 0  0      0 4332244 161292 1633996    0    0     0    40 3429 5300  3  3 94  0  0
 1  0      0 4332244 161296 1633996    0    0     0   100 2366 3327  2  3 95  0  0
procs -----------memory---------- ---swap-- -----io---- -system-- ------cpu-----
 r  b   swpd   free   buff  cache   si   so    bi    bo   in   cs us sy id wa st
 0  1      0 4324952 161300 1634100    0    0     0   636 8799 14865  8 10 79  3  0
 1  0      0 4314212 161312 1635324    0    0     0  1796 7603 11929 11 13 73  4  0
 1  0      0 4215764 161312 1635860    0    0     0     0 2834 3394 16  4 80  0  0
 1  0      0 4121020 161312 1635948    0    0     0     0 2498 2801 15  4 81  0  0
 1  0      0 4108924 161312 1636144    0    0     0    36 2469 2836 16  3 81  0  0
 1  0      0 4094080 161312 1636404    0    0     0     8 2069 2132 16  2 82  0  0
 1  0      0 4082236 161312 1636632    0    0     0    64 2182 2301 16  3 81  0  0
 1  0      0 4065592 161312 1636692    0    0     0   236 2019 1934 16  2 82  0  0
 1  0      0 4060568 161312 1636876    0    0     0     4 2373 2586 16  3 81  0  0
 1  0      0 4048220 161312 1636968    0    0     0     0 2156 2075 17  3 81  0  0
 1  0      0 4046228 161312 1637128    0    0     0    28 4072 5810 18  3 79  0  0
 7  0      0 4035160 161316 1637196    0    0     0   204 3401 4415 22  6 72  0  0
 1  0      0 4017452 161316 1637376    0    0     0    40 5063 8147 25  7 68  0  0
 1  0      0 4015924 161316 1637460    0    0     0    28 6278 10406 27 10 63  0  0
 1  0      0 4005520 161316 1637564    0    0     0     0 4593 6970 24  5 71  0  0
 1  0      0 4002748 161316 1637692    0    0     0     0 1871 1860 17  2 82  0  0
 1  0      0 3993928 161316 1637808    0    0     0    40 2097 2126 17  2 81  0  0
 1  0      0 3991648 161324 1637924    0    0     0   408 3358 4085 18  3 78  1  0
 2  0      0 3966828 161324 1638280    0    0     0   984 8740 14548 26 12 60  2  0
 2  0      0 3847388 161324 1652400    0    0     0   608 8978 10914 27 12 60  1  0
 1  0      0 3411880 161324 1654704    0    0     0     0 5445 7577 26  9 65  0  0
procs -----------memory---------- ---swap-- -----io---- -system-- ------cpu-----
 r  b   swpd   free   buff  cache   si   so    bi    bo   in   cs us sy id wa st
 2  0      0 3370552 161324 1659472    0    0     0     0 4412 4737 27  6 67  0  0
 2  0      0 3345900 161324 1663692    0    0     0   548 4403 4781 26  6 68  0  0
 1  0      0 3313708 161324 1668228    0    0     0    12 3985 4323 27  4 69  0  0
 1  0      0 3281712 161324 1672996    0    0     0  6920 4436 4767 24  6 68  2  0
 2  0      0 3260312 161324 1676568    0    0     0     0 3730 3920 27  4 69  0  0
 2  0      0 3238900 161324 1680968    0    0     0     4 3979 4157 25  5 70  0  0
 3  0      0 3216120 161324 1684508    0    0     0     0 4410 5220 28  5 67  0  0
 2  0      0 3207276 161324 1684972    0    0     0   116 3100 3587 36  4 61  0  0
 5  0      0 3204656 161328 1685072    0    0     0   524 5778 13112 48 11 41  0  0
 3  0      0 3221612 161328 1685224    0    0     0     0 5545 10404 46 10 44  0  0
 1  0      0 3968892 161328 1685352    0    0     0    28 3963 5478 25  9 66  0  0
 1  0      0 3957764 161328 1685396    0    0     0     0 2389 2760 17  2 82  0  0
 1  5      0 3967436 161328 1685544    0    0     0  7692 3993 5526 17  4 59 20  0
 1  0      0 3958140 161332 1685596    0    0     0   540 5060 7016 18  5 71  6  0
 2  0      0 3930676 161336 1685780    0    0     0  1072 8600 14411 24 11 62  3  0
 2  0      0 3914044 161340 1687972    0    0     0   580 4667 6823 28  8 63  0  0
 2  0      0 3662572 161340 1701992    0    0     0     0 7235 7317 24 10 65  2  0
 1  0      0 3188536 161340 1705392    0    0  2932     0 3245 3603 26  9 65  0  0
 2  0      0 3152288 161340 1707372    0    0     0    64 3293 3417 26  4 70  0  0
 2  0      0 3113692 161340 1709232    0    0     0     0 4847 6823 28  5 68  0  0
 2  0      0 3088480 161340 1711124    0    0     0   204 2966 2949 27  3 70  0  0
procs -----------memory---------- ---swap-- -----io---- -system-- ------cpu-----
 r  b   swpd   free   buff  cache   si   so    bi    bo   in   cs us sy id wa st
 2  0      0 3068164 161340 1712720    0    0     0  5600 4137 5191 27  3 70  0  0
 2  0      0 3041744 161340 1714696    0    0     0     4 3270 3565 26  4 70  0  0
 1  0      0 3026636 161340 1716160    0    0     0   564 3301 3575 26  3 71  0  0
 3  0      0 2970160 161340 1718388    0    0     0    44 3212 3433 28  3 69  0  0
 3  0      0 2951768 161340 1719380    0    0     0   336 5994 10110 41 11 48  0  0
 2  0      0 2943636 161340 1719480    0    0     0     0 4663 8287 43  6 51  0  0
 2  0      0 3895672 161340 1719580    0    0     0     0 4313 6429 36  8 55  0  0
 1  0      0 3894052 161340 1719700    0    0     0    80 2276 2461 17  7 76  0  0
 2  0      0 3884776 161340 1719820    0    0     0     0 3860 5564 19  4 77  0  0
 9  0      0 3882760 161340 1720008    0    0     0   496 3245 3955 18  4 77  2  0
 2  0      0 3855800 161340 1720648    0    0     0   960 8179 13643 25 11 61  2  0
 2  0      0 3735152 161344 1735868    0    0     0   600 10162 13010 23 13 62  2  0
 3  0      0 3086064 161344 1738232    0    0     0    40 3355 3684 26  9 65  0  0
 2  0      0 2986636 161344 1744444    0    0     0     8 3283 3239 29  3 67  0  0
 1  0      0 2965852 161344 1748992    0    0     0   516 3703 3985 28  3 69  0  0
 1  0      0 2892876 161344 1754312    0    0     0    80 5014 6572 27  3 69  0  0
 4  0      0 2853024 161344 1758384    0    0     0   948 6051 8531 30  5 62  3  0
 2  0      0 2795712 161344 1764704    0    0  2148   136 5313 6981 30  5 65  1  0
 3  0      0 2742628 161344 1767620    0    0     0     8 4912 7122 32  5 62  0  0
 2  0      0 2682944 161344 1774896    0    0     0     0 3213 3346 29  3 68  0  0
 3  0      0 2590196 161344 1781708    0    0     0  7280 3499 3575 31  4 65  0  0
procs -----------memory---------- ---swap-- -----io---- -system-- ------cpu-----
 r  b   swpd   free   buff  cache   si   so    bi    bo   in   cs us sy id wa st
 1  0      0 2469664 161344 1786324    0    0     0    56 6968 11883 42 15 43  0  0
 2  0      0 2359820 161344 1792620    0    0     0   452 6367 9892 40 10 49  1  0
 3  0      0 2278020 161344 1799952    0    0     0    36 4452 5968 35  6 59  0  0
 3  1      0 2166288 161344 1810728    0    0     0 44864 4179 5124 31  6 63  1  0
 2  0      0 2043024 161344 1817632    0    0     0     0 3327 3248 30  4 66  0  0
 2  0      0 1906984 161344 1823992    0    0     0     0 3767 4047 30  5 65  0  0
 2  0      0 1788456 161344 1831756    0    0     0   372 3633 3637 29  4 66  1  0
 3  0      0 1670080 161344 1843360    0    0     0    16 5922 8049 32  6 62  1  0
 2  0      0 1136912 161344 1862816    0    0     0     0 7545 7889 22 10 66  2  0
 2  0      0 1024960 161344 1873340    0    0     0   708 6040 7356 25  5 70  0  0
 0  0      0 923644 161344 1887228    0    0     0     0 4632 5044 26  4 70  0  0
 1  1      0 802180 161348 1896020    0    0     0   192 4602 5371 24  4 71  0  0
 2  0      0 669176 161348 1902916    0    0     0  6784 4716 4951 25  5 70  0  0
 2  1      0 540524 161348 1911464    0    0     0     4 4177 4425 24  4 71  1  0
 2  0      0 429656 161348 1919360    0    0     0     0 3689 3867 24  5 71  0  0
 2  0      0 265968 161348 1925948    0    0     0     0 3449 3834 25  4 71  0  0
 3  0      0 199448 161172 1920296    0    0    28 42380 4217 4814 26  4 66  4  0
 2  3      0 207432 161076 1923496    0    0   608 33284 6747 10303 36  9 19 36  0
 1  4      0 243128 161080 1930628    0    0   216     0 3379 3769 23  2 43 32  0
 2  0      0 937228 161084 1935524    0    0   552     0 3722 4992 18  7 39 36  0
 7  0      0 936932 161084 1938456    0    0   300     0 5994 9206 22 10 68  0  0
procs -----------memory---------- ---swap-- -----io---- -system-- ------cpu-----
 r  b   swpd   free   buff  cache   si   so    bi    bo   in   cs us sy id wa st
 1  0      0 832560 161084 1942668    0    0     0   492 6372 9531 21  8 70  1  0
 0  0      0 803936 161084 1950348    0    0     0     4 4377 6044 17  6 77  0  0
 1  1      0 730424 161084 1960796    0    0     0    60 3233 3480 12  3 85  1  0
 1  0      0 557312 161084 1967716    0    0     0     0 4193 5706 15  8 77  1  0
 1  0      0 2899124 161084 1969652    0    0     4   112 3044 4210 18  5 77  0  0
 2  0      0 2877268 161084 1970332    0    0     0  1520 8748 14222 26 10 60  5  0
 2  0      0 2867060 161088 1974412    0    0  1480   576 6695 10832 32  9 58  1  0
 1  0      0 3762320 161088 1976112    0    0  1616    64 3387 3929 24 11 65  0  0
 1  0      0 3713612 161088 1976364    0    0     0     0 2220 2775 16  3 81  0  0
 1  0      0 3704288 161088 1976672    0    0     0     0 2178 2633 16  3 81  0  0
 1  0      0 3686660 161088 1977008    0    0     0     0 2011 2602 16  2 81  0  0
 1  0      0 3672888 161088 1977064    0    0     0   216 1820 2381 16  3 81  1  0
 1  0      0 3666744 161088 1977160    0    0     0     0 1655 2076 17  2 81  0  0
 1  0      0 3657432 161088 1977376    0    0     0    32 1622 1906 15  3 82  0  0
 1  0      0 3648376 161088 1977672    0    0     0    24 2043 2616 17  3 81  0  0
 1  0      0 3641068 161088 1977852    0    0     0   416 1961 2325 17  2 81  0  0
 1  0      0 3627484 161088 1977992    0    0     0   180 4404 7014 20  4 77  0  0
 2  0      0 3624208 161088 1978180    0    0     0     0 1722 2126 17  2 82  0  0
 1  0      0 3610576 161088 1978280    0    0     0     4 3236 4805 18  3 80  0  0
 1  0      0 3604780 161088 1978412    0    0     0    44 1989 2459 16  3 81  0  0
 1  0      0 3598240 161088 1978632    0    0     0     0 2003 2625 17  2 81  0  0
procs -----------memory---------- ---swap-- -----io---- -system-- ------cpu-----
 r  b   swpd   free   buff  cache   si   so    bi    bo   in   cs us sy id wa st
 2  0      0 3591436 161088 1978772    0    0     0   220 1982 2380 17  2 81  0  0
 1  0      0 3586900 161088 1978920    0    0     0     0 1902 2300 17  2 81  0  0
 1  0      0 3564608 161088 1979012    0    0     0     8 1654 1970 16  2 82  0  0
 0  0      0 3226500 161088 1979704    0    0     0     0 3092 4006 10  8 82  0  0
 1  0      0 3208396 161088 1981836    0    0     0    36 2984 3572 11  3 86  0  0
 0  0      0 3195584 161088 1984200    0    0     0   272 5749 8726 14  5 81  0  0
 1  0      0 3180716 161088 1986160    0    0     0 36488 2784 3373 11  3 86  0  0
 2  0      0 3161024 161088 1988632    0    0     0     0 2986 3572 10  4 86  0  0
 1  0      0 3145652 161088 1990632    0    0     0     8 2897 3392 12  3 86  0  0
 1  0      0 3132324 161088 1992684    0    0     0     0 2723 3377 10  3 87  0  0
 1  6      0 3128796 161088 1993468    0    0     0 14656 2498 2948 16  2 71 11  0
 1  0      0 3128796 161092 1993480    0    0     0    68 2982 3748 17  1 67 14  0
 1  0      0 3147976 161092 1993480    0    0     0     0 3309 4881 18  2 80  0  0
 0  0      0 3900952 161092 1993500    0    0     0     8 2396 3161  2  7 91  0  0
 0  0      0 3900700 161092 1993504    0    0     0     0 1924 2652  1  1 97  0  0
 0  0      0 3900748 161092 1993520    0    0     0   112 4382 7012  5  4 91  0  0
 0  0      0 3900748 161092 1993520    0    0     0   644 2022 2340  1  2 97  0  0
 0  0      0 3900748 161092 1993528    0    0     0     0 1770 2216  4  2 95  0  0
 0  0      0 3900748 161092 1993532    0    0     0     8 1879 2428  1  2 97  0  0
 0  0      0 3900752 161092 1993536    0    0     0     4 1724 2210  1  2 97  0  0
 0  0      0 3900752 161092 1993536    0    0     0    84 1879 2590  1  2 97  0  0
procs -----------memory---------- ---swap-- -----io---- -system-- ------cpu-----
 r  b   swpd   free   buff  cache   si   so    bi    bo   in   cs us sy id wa st
 0  0      0 3900752 161092 1993548    0    0     0     8 1666 2112  1  2 97  0  0
 0  0      0 3900752 161092 1993552    0    0     0     4 1520 2005  1  2 98  0  0
 0  0      0 3900324 161092 1993568    0    0     0     0 1993 2679  1  2 97  0  0
 0  0      0 3900324 161092 1993568    0    0     0     8 1758 2438  1  2 97  0  0
 0  0      0 3900084 161092 1993584    0    0     0    56 5163 8665  5  5 90  0  0
 0  0      0 3900084 161092 1993584    0    0     0    76 1811 2368  1  2 97  0  0
 0  0      0 3900084 161092 1993588    0    0     0    12 2966 4677  2  2 96  0  0
 4  0      0 3900340 161092 1993604    0    0     0     4 2115 2879  3  3 94  0  0
 0  0      0 3900340 161092 1993604    0    0     0     0 1778 2314  1  2 98  0  0
 1  0      0 3900340 161092 1993620    0    0     0    76 1545 1997  1  2 97  0  0
 0  0      0 3900600 161092 1993620    0    0     0     0 4917 7263  3  4 93  0  0
 0  0      0 3900348 161092 1993620    0    0     0    40 2759 3886  1  2 96  0  0
 0  0      0 3900348 161092 1993640    0    0     0     8 1729 2216  1  2 97  0  0
 0  0      0 3900348 161092 1993640    0    0     0     8 1690 2154  1  2 97  0  0
 0  0      0 3900348 161092 1993648    0    0     0    88 3945 6347  4  4 92  0  0
 0  0      0 3900348 161092 1993652    0    0     0     8 1536 1995  1  2 98  0  0
 0  0      0 3900348 161092 1993660    0    0     0    48 1696 2208  1  2 97  0  0
 0  0      0 3900348 161092 1993672    0    0     0     0 1857 2498  1  2 97  0  0
 0  0      0 3900348 161092 1993672    0    0     0     8 1879 2438  4  2 95  0  0
 0  0      0 3900348 161092 1993680    0    0     0    88 1584 2069  1  2 97  0  0
 0  0      0 3900348 161092 1993680    0    0     0   132 2161 3001  1  2 97  0  0
procs -----------memory---------- ---swap-- -----io---- -system-- ------cpu-----
 r  b   swpd   free   buff  cache   si   so    bi    bo   in   cs us sy id wa st
 0  0      0 3900348 161092 1993692    0    0     0     0 3434 5555  3  3 94  0  0
 0  0      0 3900348 161092 1993700    0    0     0    44 1961 2628  1  2 96  0  0
 0  0      0 3900520 161092 1993708    0    0     0     0 1812 2465  1  2 97  0  0
 0  0      0 3900352 161092 1993712    0    0     0    80 5107 8432  5  5 90  0  0
 1  0      0 3900352 161092 1993728    0    0     0    12 1513 1918  1  1 98  0  0
 0  0      0 3900352 161092 1993728    0    0     0     0 2009 2786  1  2 97  0  0
 0  0      0 3900352 161092 1993740    0    0     0    28 1862 2503  1  2 97  0  0
 0  0      0 3900104 161092 1993740    0    0     0     0 1742 2251  3  3 95  0  0
 0  0      0 3900104 161092 1993748    0    0     0    60 1601 2192  1  2 98  0  0
 0  0      0 3899880 161092 1993748    0    0     0     8 1760 2274  1  2 97  0  0
 0  0      0 3899880 161092 1993756    0    0     0     8 1498 1950  1  2 98  0  0
 0  0      0 3899880 161092 1993764    0    0     0     0 1944 2605  2  2 96  0  0
 0  0      0 3899880 161092 1993776    0    0     0     0 1623 2091  1  2 97  0  0
 0  0      0 3899880 161092 1993780    0    0     0   136 5270 8678  5  5 90  0  0
 0  0      0 3899880 161092 1993784    0    0     0     0 1502 1855  1  2 98  0  0
 0  0      0 3899628 161092 1993784    0    0     0    20 3326 5123  2  3 95  0  0
 1  0      0 3899628 161092 1993800    0    0     0     4 2101 2916  2  2 97  0  0
 0  0      0 3899404 161092 1993808    0    0     0     0 2026 2637  3  2 95  0  0
 0  0      0 3899404 161092 1993808    0    0     0    60 1526 1865  1  2 97  0  0
 0  0      0 3899164 161092 1994496    0    0   768     0 2188 3033  1  2 96  0  0
 0  0      0 3899164 161092 1994592    0    0     0     8 1398 1902  1  1 98  0  0
procs -----------memory---------- ---swap-- -----io---- -system-- ------cpu-----
 r  b   swpd   free   buff  cache   si   so    bi    bo   in   cs us sy id wa st
 0  0      0 3899164 161092 1994596    0    0     0     8 1430 1938  1  1 98  0  0
 0  0      0 3898660 161092 1994608    0    0     0     4 2070 2762  1  2 97  0  0
 2  0      0 3879628 161092 1994612    0    0     0   100 3661 5413  5  5 89  0  0
