procs -----------memory---------- ---swap-- -----io---- -system-- ------cpu-----
 r  b   swpd   free   buff  cache   si   so    bi    bo   in   cs us sy id wa st
 4  0      0 3925520 143900 2369352    0    0     7    41    1    2  2 10 87  1  0
 3  0      0 3930652 143900 2369376    0    0     0     0 9110 15434 12 11 77  0  0
 0  0      0 3930652 143900 2369416    0    0     0     0 5625 8985  3  4 93  0  0
 1  0      0 3930652 143904 2369428    0    0     0   140 5633 9148  1  6 93  0  0
 0  0      0 3930652 143904 2369452    0    0     0   100 6130 9583  2  4 94  0  0
 0  0      0 3930652 143904 2369460    0    0     0    12 5147 8241  1  4 95  0  0
 0  0      0 3930652 143904 2369512    0    0     0    44 4637 7112  1  3 96  0  0
 0  0      0 3930652 143904 2369520    0    0     0     0 5540 8735  1  4 95  0  0
 0  0      0 3930400 143908 2369552    0    0     0    92 6162 9697  1  5 94  0  0
 0  0      0 3930400 143908 2369560    0    0     0     8 4753 7502  1  4 95  0  0
 0  0      0 3930400 143908 2370808    0    0  1292   112 4646 7390  1  4 94  0  0
 0  0      0 3929896 143908 2370900    0    0     0    16 7320 11871  2  6 92  0  0
 0  0      0 3929896 143908 2370944    0    0     0    52 5710 9546  1  5 94  0  0
 0  0      0 3928888 143908 2370948    0    0     0     0 4601 7416  2  4 94  0  0
11  0      0 3928888 143912 2370992    0    0     0   252 4635 7475  2  4 94  0  0
 0  0      0 3928888 143912 2371020    0    0     0    96 5271 8591  2  5 93  0  0
 0  0      0 3928888 143912 2371036    0    0     0    28 5726 9352  1  4 95  0  0
 1  0      0 3920848 143912 2371004    0    0     0   352 8657 14273  3  7 89  1  0
 0  0      0 3920124 143924 2371008    0    0     0   300 5561 8837  2  5 93  0  0
 1  0      0 3909708 143936 2371364    0    0    51  1184 14083 23877 13 19 67  2  0
 2  0      0 3900816 143956 2363912    0    0     0  1816 14351 25232 17 23 57  3  0
procs -----------memory---------- ---swap-- -----io---- -system-- ------cpu-----
 r  b   swpd   free   buff  cache   si   so    bi    bo   in   cs us sy id wa st
 4  0      0 3757620 143968 2373628    0    0    20   952 8441 13842 26 14 59  1  0
 2  0      0 3534024 143968 2373756    0    0     0    12 5698 9049 30  7 63  0  0
 2  0      0 3499260 143968 2374104    0    0     0   988 5800 8761 33  6 61  0  0
 2  0      0 3483172 143968 2374676    0    0     0   252 5542 8616 32  6 62  0  0
 2  0      0 3457228 143968 2375052    0    0     0    44 4960 7685 31  6 63  0  0
 2  0      0 3425160 143968 2375184    0    0     0   400 5991 9650 33  5 62  0  0
 2  0      0 3408952 143968 2375360    0    0     0    32 4964 7697 32  5 63  0  0
 2  0      0 3392596 143968 2375660    0    0     0     8 5470 8727 33  5 62  0  0
 2  0      0 3378500 143968 2376024    0    0     0    64 5066 7958 32  5 62  0  0
 2  0      0 3367928 143968 2376304    0    0     0     4 5238 8347 34  5 62  0  0
 1  1      0 3218644 143968 2395504    0    0   160   264 13516 17422 27 12 62  0  0
 4  0      0 3166032 143968 2401624    0    0     0   112 8109 11491 31  6 62  1  0
 2  0      0 3490312 143972 2401780    0    0     0   272 5169 7972 26  9 66  0  0
 1  0      0 3484148 143976 2401892    0    0     0   140 7240 11677 20  7 72  0  0
 2  0      0 3452348 143996 2402440    0    0     0  1044 11510 19813 25 16 57  2  0
 2  0      0 3443136 144012 2404272    0    0     4  1492 8297 13121 28 11 60  0  0
 2  0      0 3295488 144012 2404564    0    0     0    88 5451 7985 31  6 63  0  0
 2  0      0 3240624 144012 2404788    0    0     0    24 5434 8124 31  7 62  0  0
 2  0      0 3226020 144012 2405224    0    0     0     4 5022 7414 32  5 64  0  0
 2  0      0 2957028 144012 2406400    0    0     0    32 5689 8097 27  9 65  0  0
 2  0      0 2921044 144020 2411236    0    0     0   260 9572 14081 27  8 64  1  0
procs -----------memory---------- ---swap-- -----io---- -system-- ------cpu-----
 r  b   swpd   free   buff  cache   si   so    bi    bo   in   cs us sy id wa st
 1  0      0 2889768 144020 2415928    0    0     0    68 8612 12337 26  7 66  0  0
 2  1      0 2865012 144020 2420332    0    0     0    64 8106 11424 27  7 65  0  0
 2  0      0 2840904 144020 2424960    0    0     0  8432 7157 10368 26  6 67  1  0
 3  0      0 2824108 144020 2428840    0    0     0     0 6163 8723 26  6 68  0  0
 2  0      0 2798532 144028 2433584    0    0     0   380 7643 10907 27  6 67  1  0
 2  0      0 2655400 144028 2449408    0    0     0    64 12540 16046 23 12 64  2  0
 2  0      0 2638100 144028 2449944    0    0     0   112 5612 8219 33  5 63  0  0
 2  0      0 2652632 144028 2450028    0    0     0     8 5328 8123 33  4 63  0  0
 4  0      0 2659980 144028 2450248    0    0     0   260 6028 9477 33  5 62  0  0
 1  0      0 3401248 144064 2447328    0    0     0  7288 11738 19730 24 17 41 17  0
 1  0      0 3391424 144064 2447304    0    0     0    56 6357 9960 19  5 76  0  0
 1  0      0 3389660 144064 2447172    0    0     0    44 6508 10221 17  6 77  0  0
 1  0      0 3380852 144064 2447352    0    0     0     0 6411 9577 16  5 79  0  0
 1  0      0 3161908 144064 2447476    0    0     0     0 6531 9931 14  6 80  0  0
 1  0      0 2923652 144072 2452060    0    0     0   444 8208 12185 15  9 76  1  0
 1  0      0 2911168 144072 2458788    0    0     0   124 6582 9759 14  6 80  0  0
 1  0      0 2860060 144072 2465092    0    0     0 10372 7387 11106 14  6 80  0  0
 1  0      0 2826336 144072 2470740    0    0     0     0 7269 10720 14  4 81  0  0
 1  0      0 2798560 144072 2472736    0    0     0     0 7042 10435 16  4 80  0  0
 1  0      0 2761600 144076 2477560    0    0     0   672 6796 10613 15  5 79  1  0
 2  0      0 2640916 144076 2487792    0    0     0   104 7695 11804 15  5 79  1  0
procs -----------memory---------- ---swap-- -----io---- -system-- ------cpu-----
 r  b   swpd   free   buff  cache   si   so    bi    bo   in   cs us sy id wa st
 1  0      0 2519272 144076 2491740    0    0     0    12 6243 9566 14  7 79  0  0
 1  0      0 2427928 144076 2499840    0    0     0     0 6537 9824 15  5 80  0  0
 1  0      0 2316096 144076 2508860    0    0     0     0 5791 8675 14  5 81  0  0
 1  0      0 2183764 144080 2517528    0    0     0   160 6362 9467 14  6 79  1  0
 1  0      0 2057896 144080 2524924    0    0     0    64 5760 8670 14  6 80  0  0
 5  0      0 1937356 144080 2533784    0    0     0    64 7004 10432 15  6 79  0  0
 1  0      0 1811488 144080 2543056    0    0     0    12 7746 11089 14 14 71  1  0
 1  0      0 1733672 144080 2551152    0    0     0     0 7017 10360 12  9 79  0  0
 1  0      0 1663168 144084 2562304    0    0     0   200 8662 13293 14  8 78  1  0
 1  0      0 1563780 144084 2565084    0    0     0    40 5483 9082 11 11 78  0  0
 1  0      0 1553260 144084 2575808    0    0     0    68 6868 10345 12  9 78  1  0
 1  0      0 1381728 144084 2578184    0    0     0    28 5767 9270  9 11 80  0  0
 1  0      0 1329444 144084 2583812    0    0     0    16 5601 8874 12  9 79  0  0
 2  0      0 1218700 144084 2588596    0    0     0   296 6853 9953  9 11 79  1  0
 1  0      0 1158308 144084 2591236    0    0     0   112 7220 11236 10 12 77  2  0
 1  0      0 1023500 144084 2596748    0    0     0    72 5760 8818 11 10 80  0  0
 1  0      0 980972 144084 2602208    0    0     0    28 6581 10425 13  9 78  0  0
 1  0      0 908040 144084 2605816    0    0     0     0 5865 9417 10 11 79  0  0
 1  0      0 806264 144088 2611896    0    0     0   244 7639 11973 11 10 78  1  0
 1  0      0 727480 144088 2619372    0    0     0   180 7692 11223 13  8 78  0  0
 3  0      0 723712 144088 2625008    0    0     0   280 7176 10580 15  5 80  0  0
procs -----------memory---------- ---swap-- -----io---- -system-- ------cpu-----
 r  b   swpd   free   buff  cache   si   so    bi    bo   in   cs us sy id wa st
 1  0      0 722536 144088 2628916    0    0     0 62128 7881 11481 15  7 76  2  0
 1  0      0 710008 144088 2633692    0    0     0     4 7598 10743 15  6 80  0  0
 1  1      0 628484 144092 2640892    0    0     0   288 8625 12906 14  7 78  1  0
 1  0      0 525156 144092 2651160    0    0     0   388 7265 10417 13  6 80  0  0
 1  0      0 382048 144092 2659848    0    0     0    44 6240 9454 13  8 79  1  0
 1  0      0 2357084 143888 2649396    0    0     0 47604 6630 10119 14 14 72  0  0
 1  0      0 2714176 143888 2649548    0    0     0    28 7113 10688 17  6 77  0  0
