procs -----------memory---------- ---swap-- -----io---- -system-- ------cpu-----
 r  b   swpd   free   buff  cache   si   so    bi    bo   in   cs us sy id wa st
 8  0      0 3613844  69616 2125752    0    0     6    33    2    6  2  9 89  0  0
 1  0      0 3611244  69616 2125832    0    0     0     0 24316 44194 14 20 66  0  0
 1  0      0 3610744  69620 2125912    0    0     0  1068 23174 39324  1 15 83  0  0
 1  0      0 3610748  69620 2126020    0    0     0   296 24169 41151  2 16 82  0  0
 0  0      0 3610748  69620 2126096    0    0     0     0 23029 38762  1 13 85  0  0
 0  0      0 3610496  69620 2126200    0    0     0     8 23119 39315  2 15 83  0  0
 5  0      0 3610496  69620 2126332    0    0     0   100 22977 39198  2 15 83  0  0
 3  0      0 3610496  69620 2126464    0    0     0   576 23470 39595  2 14 84  0  0
 0  0      0 3610496  69620 2126552    0    0     0   736 23500 40094  2 15 83  0  0
 0  0      0 3610496  69620 2126664    0    0     0     0 22776 38755  3 15 82  0  0
 2  0      0 3610272  69620 2126788    0    0     0     0 23370 39957  2 16 83  0  0
 1  0      0 3610272  69620 2126896    0    0     0   140 22748 39089  2 15 84  0  0
 2  0      0 3610272  69624 2126980    0    0     0  1588 24549 40299  2 14 82  2  0
 5  1      0 3609476  69628 2127080    0    0     0   576 25081 42725  4 18 77  0  0
 3  0      0 3585596  69652 2127560    0    0     0  2760 29602 52407 13 26 56  5  0
 5  0      0 3551152  69692 2130828    0    0     0  1884 23598 44010 23 25 50  3  0
 3  0      0 3292712  69692 2131496    0    0     0     0 17817 33775 33 17 50  0  0
 2  0      0 3208628  69692 2131736    0    0     0   160 18363 34511 32 14 53  0  0
 3  0      0 3183704  69692 2132412    0    0     0    12 18365 34982 32 14 54  0  0
 2  0      0 3147104  69692 2132948    0    0     0   732 18837 35140 34 13 53  0  0
 2  0      0 3128644  69700 2133148    0    0     0   672 18575 35121 33 14 53  0  0
procs -----------memory---------- ---swap-- -----io---- -system-- ------cpu-----
 r  b   swpd   free   buff  cache   si   so    bi    bo   in   cs us sy id wa st
 2  0      0 2946060  69700 2146124    0    0     0     4 25456 41706 24 21 54  1  0
 2  0      0 2905964  69700 2146500    0    0     0   200 19001 35918 35 14 50  1  0
 2  0      0 2886068  69700 2146876    0    0     0  1580 19598 36717 35 13 51  1  0
 3  0      0 2865908  69700 2147148    0    0     0    76 18118 34338 35 13 52  0  0
 4  0      0 2857112  69708 2147500    0    0     0  1248 18368 34700 34 13 52  1  0
 3  0      0 2843504  69708 2147800    0    0     0     0 17783 33812 35 14 51  0  0
 3  0      0 2329324  69708 2154100    0    0  5988    12 18964 35202 29 17 53  1  0
12  1      0 2263164  69712 2155216    0    0     0  2100 19940 37045 34 18 48  1  0
 5  2      0 2121100  69744 2161724    0    0     0  1948 25886 47016 32 27 36  4  0
 4  2      0 2060404  69760 2168488    0    0   404  1876 20953 38563 42 27 28  4  0
 3  0      0 1862784  69780 2171592    0    0     0  1032 15759 29864 51 18 27  4  0
 5  0      0 1695048  69780 2173860    0    0     0     0 15206 29047 51 22 24  3  0
 5  0      0 1670088  69780 2177076    0    0     0     4 15690 29432 53 18 27  3  0
 6  0      0 1636724  69780 2181300    0    0     0    28 16990 30943 52 17 28  3  0
 4  0      0 1559220  69780 2184332    0    0     0   280 16094 29904 53 19 26  2  0
 4  1      0 1473380  69784 2195988    0    0     0  2596 22632 36071 46 21 24  9  0
 6  0      0 780288  69784 2203288    0    0  1192     4 18989 32939 43 23 31  3  0
 4  0      0 570272  69784 2206600    0    0     0   148 17145 31180 49 17 32  2  0
 1  0      0 1999304  69784 2210908    0    0     0    16 21271 36541 29 24 46  2  0
 1  0      0 1977884  69784 2214260    0    0     0    40 26144 42976 19 19 59  2  0
 2  1      0 1962244  69788 2219100    0    0     0  1212 25714 42231 17 19 62  3  0
procs -----------memory---------- ---swap-- -----io---- -system-- ------cpu-----
 r  b   swpd   free   buff  cache   si   so    bi    bo   in   cs us sy id wa st
 2  0      0 1939664  69788 2222760    0    0     0   144 24822 40623 17 18 62  3  0
 5  0      0 1846892  69792 2226316    0    0     0   560 25800 42763 19 21 57  3  0
14  0      0 1658320  69820 2232476    0    0     0  1992 26709 47253 25 28 42  4  0
 3  3      0 1616184  70112 2236332    0    0     0  4996 26834 47355 34 31 20 16  0
 5  0      0 1472224  70236 2240884    0    0     0  3800 23635 39781 43 28 16 13  0
 6  0      0 1278088  70236 2245404    0    0     0    56 18585 31428 48 19 30  2  0
 4  0      0 1059288  70236 2249124    0    0     0    44 19357 33306 48 20 30  2  0
 4  0      0 1222632  70236 2250412    0    0     0     0 14794 28261 63 14 23  0  0
 2  0      0 3000184  70236 2250776    0    0     0     0 17285 32701 36 25 39  0  0
 3  0      0 2939216  70256 2251324    0    0     0   832 22756 39514 29 18 53  1  0
 4  0      0 2373196  70256 2265452    0    0     0   392 26631 42831 21 24 54  2  0
 1  0      0 2090344  70256 2267780    0    0     0     0 23232 39351 16 16 65  2  0
 2  0      0 2066068  70256 2270848    0    0     0     0 24331 41066 16 20 62  2  0
 6  0      0 2046032  70256 2273716    0    0     0     0 24017 39567 17 18 63  2  0
 2  0      0 2027712  70256 2276400    0    0     0   636 24214 39696 19 18 61  2  0
 4  0      0 2016000  70256 2278720    0    0     0   724 25218 41151 18 18 62  2  0
 2  0      0 2002692  70256 2280036    0    0     0   100 25025 41736 19 16 63  1  0
 4  0      0 1985036  70256 2282872    0    0     0     0 24206 41018 18 18 61  2  0
 4 64      0 1963036  70256 2282228    0    0     0  3108 25741 42794 21 20 43 16  0
10  0      0 1956892  70288 2283840    0    0     0  2836 30442 50455 20 22 35 24  0
 2  0      0 1943892  70288 2286040    0    0     0    56 22473 37898 20 19 60  2  0
procs -----------memory---------- ---swap-- -----io---- -system-- ------cpu-----
 r  b   swpd   free   buff  cache   si   so    bi    bo   in   cs us sy id wa st
 3  0      0 1931120  70288 2288508    0    0     0    44 24341 40324 19 18 61  2  0
 4  0      0 2703860  70288 2290380    0    0     0     0 18506 34300 27 16 55  1  0
 1  0      0 3413496  70288 2290512    0    0     0     0 22808 38859 11 19 70  0  0
 1  0      0 3413424  70296 2290616    0    0     0   720 23096 39225  2 15 83  0  0
 3  0      0 3413020  70296 2290752    0    0     0   596 23941 40003  2 15 83  0  0
 2  0      0 3412556  70296 2290848    0    0     0     0 23443 39621  2 15 83  0  0
 2  0      0 3412324  70296 2290932    0    0     0     0 23778 39804  2 15 83  0  0
 1  0      0 3412640  70296 2291016    0    0     0     0 24273 40748  2 16 81  0  0
 1  0      0 3412640  70300 2291116    0    0     0  1380 23515 39904  2 15 82  1  0
 1  0      0 3412392  70300 2291208    0    0     0   472 23894 39905  3 16 82  0  0
 4  0      0 3411936  70300 2291320    0    0     0   228 25158 41957  3 14 82  0  0
 1  0      0 3411964  70300 2291456    0    0     0     0 23841 40510  2 16 81  0  0
 2  1      0 3413964  70316 2289072    0    0     0  4040 25577 42807  4 17 55 24  0
 1  0      0 3420752  70340 2296784    0    0     0  1252 24618 41393  6 22 58 13  0
 1  0      0 3420264  70340 2296684    0    0     0    44 23245 39362  2 15 83  0  0
 0  0      0 3420012  70340 2296588    0    0     0     0 22665 38715  2 15 83  0  0
 0  0      0 3419760  70340 2296700    0    0     0     0 23430 39838  2 14 83  0  0
 0  0      0 3419760  70340 2296780    0    0     0     0 22922 39337  3 14 83  0  0
 0  0      0 3419520  70348 2296872    0    0     0   952 23392 39424  2 15 83  0  0
 1  0      0 3418100  70348 2296896    0    0     0   624 25503 42863  3 17 78  1  0
 1  0      0 3420004  70348 2296980    0    0     0     0 23462 39617  2 16 82  0  0
procs -----------memory---------- ---swap-- -----io---- -system-- ------cpu-----
 r  b   swpd   free   buff  cache   si   so    bi    bo   in   cs us sy id wa st
 2  0      0 3419052  70348 2297100    0    0     0     0 24198 41042  4 17 79  0  0
 2  0      0 3419052  70348 2297240    0    0     0     0 22586 38762  2 15 83  0  0
 1  0      0 3418828  70360 2297360    0    0     0   608 22734 38932  3 16 79  2  0
 1  0      0 3418828  70360 2297468    0    0     0   704 23666 40033  3 15 83  0  0
 2  0      0 3418072  70360 2297572    0    0     0     8 23656 40204  2 15 82  0  0
 1  0      0 3417820  70360 2297712    0    0     0     0 23494 39959  2 15 83  0  0
 1  0      0 3417820  70360 2297796    0    0     0     0 23232 39705  2 15 83  0  0
 2  0      0 3417820  70368 2297896    0    0     0  1464 24027 40205  2 16 82  1  0
 1  0      0 3417820  70368 2297980    0    0     0   380 23975 40417  2 15 83  0  0
 1  0      0 3417344  70368 2298080    0    0     0   312 23843 40257  2 16 83  0  0
 0  0      0 3415580  70368 2298152    0    0     0     4 24064 41001  3 16 82  0  0
