procs -----------memory---------- ---swap-- -----io---- -system-- ------cpu-----
 r  b   swpd   free   buff  cache   si   so    bi    bo   in   cs us sy id wa st
 2  0      0 903988 199864 5023784    0    0     6    28    9   41  2  6 91  1  0
 7  0      0 902992 199864 5023880    0    0     0   104 16452 28858 12 17 71  0  0
 0  0      0 902992 199864 5023936    0    0     0   308 14379 24253  2 11 86  1  0
 1  0      0 902740 199864 5024020    0    0     0   224 15058 25058  3 11 86  0  0
 0  0      0 902740 199864 5024064    0    0     0   600 13010 21690  3 10 88  0  0
 0  0      0 902492 199864 5024124    0    0     0   292 15081 25292  2 12 86  0  0
 1  0      0 902492 199864 5024164    0    0     0   160 12978 21676  2 10 88  0  0
 1  0      0 902492 199864 5024272    0    0     0   504 12893 21781  2 10 88  0  0
 1  0      0 902240 199864 5024320    0    0     0   168 14512 23973  2 13 85  0  0
 0  0      0 902240 199864 5024384    0    0     0     0 13668 22936  3 12 86  0  0
 2  0      0 902240 199864 5024428    0    0     0    32 13237 22507  1 12 87  0  0
 0  0      0 902240 199864 5024528    0    0     0    64 13679 23082  2 11 87  0  0
 4  0      0 902240 199864 5024596    0    0     0   204 14458 24964  2 12 87  0  0
 0  0      0 902272 199864 5024632    0    0     0   560 15168 25423  4 13 83  0  0
 1  0      0 902272 199864 5024684    0    0     0   288 13985 22888  3 12 86  0  0
 1  0      0 902272 199864 5024764    0    0     0     0 14246 24366  1 12 86  0  0
 2  0      0 902272 199864 5024824    0    0     0    48 13390 22975  2  9 89  0  0
 3  0      0 905728 199864 5024868    0    0     0   144 13323 22872  4 12 84  0  0
 1  0      0 899472 199864 5024976    0    0     0   588 17451 30900 14 20 65  1  0
 0  0      0 900748 199864 5025032    0    0     0    20 16556 28566 12 17 72  0  0
 2  0      0 900944 199864 5025120    0    0     0     0 15329 25625  5 13 82  0  0
procs -----------memory---------- ---swap-- -----io---- -system-- ------cpu-----
 r  b   swpd   free   buff  cache   si   so    bi    bo   in   cs us sy id wa st
 0  0      0 901000 199864 5025144    0    0     0    24 15652 26291  5 13 82  0  0
 1  0      0 901000 199864 5025208    0    0     0    96 13759 23445  2  9 89  0  0
 0  0      0 901000 199864 5025260    0    0     0   248 14797 24881  3 12 85  0  0
 0  0      0 901000 199864 5025324    0    0     0    60 13696 23449  2 10 89  0  0
 2  0      0 901000 199864 5025364    0    0     0    16 13788 23311  1 10 88  0  0
 7  0      0 901000 199864 5025436    0    0     0   212 13917 23646  2 12 86  0  0
 2  0      0 894980 199864 5025572    0    0     0   684 18280 31817  9 20 69  2  0
 2  0      0 881960 199868 5027340    0    0     0  1760 18919 32522 10 21 67  2  0
 2  0      0 847988 199868 5027908    0    0     0    72 12683 21060 15 10 75  0  0
 2  0      0 686816 199868 5027984    0    0     0    20 14897 25169 16 12 72  0  0
 1  0      0 682708 199868 5028024    0    0     0    28 17194 27902 16 14 70  0  0
 3  0      0 671656 199868 5028436    0    0     0    16 17392 28528 18 11 71  0  0
 2  0      0 657052 199868 5028584    0    0     0   864 18167 29916 18 11 71  0  0
 3  0      0 642820 199868 5028804    0    0     0    84 17281 28355 17 12 71  0  0
 1  0      0 630116 199868 5028972    0    0     0   572 16824 30874 30 20 50  0  0
 3  0      0 621264 199868 5029148    0    0     0   380 16994 32911 26 19 55  0  0
 4  0      0 614396 199868 5029528    0    0     0    12 16304 27783 22 13 65  0  0
 2  0      0 608108 199868 5029676    0    0     0   536 15128 25496 18 11 70  0  0
 1  0      0 509816 199868 5041340    0    0     0    96 19950 30925 13 16 70  1  0
 1  0      0 494796 199868 5041884    0    0     0    80 16594 27156 17 11 72  0  0
 3  0      0 491500 199868 5041976    0    0     0    32 16635 26750 17 11 72  0  0
procs -----------memory---------- ---swap-- -----io---- -system-- ------cpu-----
 r  b   swpd   free   buff  cache   si   so    bi    bo   in   cs us sy id wa st
 2  0      0 479636 199868 5042168    0    0     0    16 16463 26673 18 11 71  0  0
 2  0      0 477368 199868 5042388    0    0     0   784 15777 25909 17 10 72  0  0
11  0      0 472376 199868 5042548    0    0     0   120 16998 27863 17 10 73  0  0
 3  0      0 469100 199868 5042740    0    0     0   316 16480 26969 18 10 72  0  0
 2  0      0 463052 199868 5042916    0    0     0    84 16798 27394 18 11 72  0  0
 8  0      0 350536 199868 5043048    0    0     0    36 16991 27885 17 11 72  0  0
 1  0      0 176320 199868 5049168    0    0     0   356 19526 31235 17 15 67  1  0
 2  0      0 171532 199868 5053052    0    0     0    76 16914 28035 16 10 73  1  0
 1  0      0 160296 199868 5058008    0    0     0   632 17952 28944 16 12 72  1  0
 9  0      0 106604 199868 5063176    0    0     0    72 18517 29632 16 13 70  1  0
 4  0      0 127088 199868 5065712    0    0     0    32 17723 30973 27 17 55  0  0
 3  0      0 112076 199868 5066060    0    0     0   628 16139 30158 28 16 55  0  0
 2  0      0 127688 199868 5066140    0    0     0    48 13966 26441 22 10 67  0  0
 2  0      0 146400 199868 5066180    0    0     0   144 13594 25192 22 11 68  0  0
 2  0      0 851428 199868 5066220    0    0     0    56 13209 22827  3 13 84  0  0
 0  0      0 851268 199868 5066288    0    0     0    72 13563 22875  2 10 88  0  0
 0  0      0 851268 199872 5066348    0    0     0   284 12712 21657  3 11 87  0  0
 0  0      0 851020 199872 5066412    0    0     0    40 13647 23613  3 10 87  0  0
 0  0      0 851800 199872 5066452    0    0     0    72 11973 20662  2  9 89  0  0
 4  0      0 851800 199872 5066560    0    0     0   136 13769 22500  2 11 87  0  0
 3  0      0 851800 199872 5066588    0    0     0    44 15280 24634  3 11 86  0  0
procs -----------memory---------- ---swap-- -----io---- -system-- ------cpu-----
 r  b   swpd   free   buff  cache   si   so    bi    bo   in   cs us sy id wa st
 1  0      0 851552 199872 5066696    0    0     0   224 14069 23532  3 11 86  0  0
 0  0      0 851552 199872 5066744    0    0     0   300 15369 26139  3 11 87  0  0
 0  0      0 851552 199872 5066812    0    0     0    64 13075 22357  2 10 89  0  0
 9  0      0 851552 199872 5066856    0    0     0   928 14003 23647  2 11 87  0  0
 1  0      0 851552 199872 5066904    0    0     0   180 11702 20186  2  8 90  0  0
 0  0      0 851300 199876 5067004    0    0     0   440 14724 24736  2 13 85  1  0
 4  0      0 853596 199876 5067024    0    0     0    28 14764 24528  8 13 79  0  0
 1  0      0 849744 199876 5067148    0    0     0    36 16352 28635 11 16 73  0  0
 0  0      0 849360 199876 5067204    0    0     0    80 18215 31893 15 20 65  0  0
 0  0      0 851152 199876 5067264    0    0     0   124 15345 26459  7 15 78  0  0
 0  0      0 850912 199876 5067296    0    0     0   264 14869 24767  2 11 87  0  0
 0  0      0 850912 199876 5067388    0    0     0   444 14388 24357  2 10 88  0  0
 0  0      0 850912 199876 5067436    0    0     0    20 13974 23207  2 11 88  0  0
 0  0      0 844360 199876 5075576    0    0     0    64 13270 22152  2 12 86  0  0
 2  0      0 844360 199876 5075784    0    0     0   100 13623 22731  3 10 87  0  0
 1  0      0 843864 199876 5075832    0    0     0   240 14410 24272  2 11 86  0  0
 0  0      0 843864 199876 5075900    0    0     0  3376 13743 23063  3 10 87  0  0
 2  0      0 843864 199876 5075952    0    0     0     8 13707 22945  2 11 88  0  0
 1  0      0 845872 199876 5076040    0    0     0   516 13561 23028  3 12 85  0  0
 1  0      0 845872 199876 5076080    0    0     0   108 13018 22196  2 10 88  0  0
 0  0      0 845872 199876 5076164    0    0     0    64 14876 24820  3 12 85  0  0
procs -----------memory---------- ---swap-- -----io---- -system-- ------cpu-----
 r  b   swpd   free   buff  cache   si   so    bi    bo   in   cs us sy id wa st
 2  0      0 845872 199880 5076216    0    0     0  7116 15758 26482  2 12 85  0  0
 1  0      0 845872 199880 5076248    0    0     0     8 13089 22454  2 10 88  0  0
 4  0      0 846668 199880 5076356    0    0     0    20 16113 27811 11 18 72  0  0
 3  0      0 840904 199880 5076420    0    0     0   104 15473 26661  9 16 75  0  0
 0  0      0 840484 199880 5076500    0    0     0   100 16151 28615 14 16 70  0  0
 0  0      0 842748 199880 5076576    0    0     0   512 15594 26814  6 13 80  1  0
 0  0      0 842500 199880 5076600    0    0     0    28 13352 22246  2 10 88  0  0
 0  0      0 842604 199880 5076668    0    0     0    12 13882 23631  2 12 86  0  0
 1  0      0 842604 199880 5076740    0    0     0    32 14839 25601  2 10 88  0  0
 0  0      0 842352 199880 5076784    0    0     0    92 13838 23835  4 11 86  0  0
 0  0      0 842104 199884 5076864    0    0     0   728 14415 24224  3 12 85  0  0
 8  0      0 842104 199884 5076924    0    0     0    12 13482 22811  2 10 89  0  0
 0  0      0 842104 199884 5076968    0    0     0    36 14450 23703  3 12 85  0  0
 0  0      0 842104 199884 5077064    0    0     0   760 14398 24013  1 10 88  0  0
 0  0      0 842104 199884 5077112    0    0     0   452 13780 22930  2 11 87  0  0
 4  0      0 842104 199884 5077208    0    0     0   480 12794 21989  2  9 88  1  0
 0  0      0 842104 199884 5077276    0    0     0    44 14747 24636  2 12 86  0  0
 1  0      0 841852 199884 5077276    0    0     0     8 13564 23199  2 11 87  0  0
 0  0      0 841852 199884 5077368    0    0     0    16 13454 23044  2 10 89  0  0
 2  0      0 837660 199884 5077384    0    0     0    64 15826 27830  9 17 74  0  0
 0  0      0 836136 199884 5077516    0    0     0   684 17479 30024 11 16 73  0  0
procs -----------memory---------- ---swap-- -----io---- -system-- ------cpu-----
 r  b   swpd   free   buff  cache   si   so    bi    bo   in   cs us sy id wa st
 0  0      0 843724 199884 5077580    0    0     0    64 16567 29155 12 17 72  0  0
 1  0      0 843724 199884 5077632    0    0     0     8 14795 25971  7 15 77  0  0
 1  0      0 843724 199884 5077704    0    0     0    24 14127 24277  2 11 87  0  0
 0  0      0 843724 199884 5077788    0    0     0    92 13417 22596  2 10 89  0  0
 0  0      0 843472 199884 5077844    0    0     0   308 15335 25227  2 12 86  1  0
 0  0      0 843472 199884 5077876    0    0     0    88 13984 23408  2 10 88  0  0
 0  0      0 843472 199884 5077964    0    0     0    12 12938 21714  3 11 86  0  0
 3  0      0 842992 199884 5078004    0    0     0   712 16370 27019  5 14 81  0  0
 4  0      0 817096 199884 5078620    0    0     0  1132 18654 32998 12 20 67  2  0
 1  0      0 825536 199888 5080340    0    0     0  1240 16033 28599 13 16 70  1  0
 1  0      0 684840 199888 5080512    0    0     0    72 13358 24163 16 11 73  0  0
 1  0      0 630216 199888 5080628    0    0     0    48 13236 24063 16 10 74  0  0
 4  0      0 623424 199888 5081024    0    0     0     8 12663 22777 17  9 74  0  0
 1  0      0 614872 199888 5081208    0    0     0    76 12649 21391 15  9 75  0  0
 4  0      0 602284 199892 5081440    0    0     0   732 12983 22695 16 10 74  0  0
 4  0      0 580428 199892 5081588    0    0     0    84 14828 27054 29 15 56  0  0
 6  0      0 569380 199892 5081840    0    0     0    80 14715 27446 25 15 61  0  0
 2  0      0 555700 199892 5081964    0    0     0     0 14952 27660 24 15 61  0  0
 1  0      0 554548 199892 5082104    0    0     0    16 13702 25357 22 10 67  0  0
 1  0      0 503032 199892 5082448    0    0     0   816 14686 26548 17 11 69  2  0
 1  0      0 452112 199892 5082516    0    0     0   120 12892 23254 16 10 74  0  0
procs -----------memory---------- ---swap-- -----io---- -system-- ------cpu-----
 r  b   swpd   free   buff  cache   si   so    bi    bo   in   cs us sy id wa st
 2  0      0 447840 199892 5082664    0    0     0    40 12583 22827 18  8 74  0  0
 2  0      0 438012 199892 5082804    0    0     0   212 12726 23171 17  9 74  0  0
 2  0      0 429708 199892 5082932    0    0     0   492 12660 22949 17  8 75  0  0
 2  0      0 423660 199892 5083168    0    0     0   860 13136 23633 17  9 73  0  0
 1  0      0 417612 199892 5083320    0    0     0    96 12961 23433 18  9 73  0  0
 1  0      0 412332 199892 5083440    0    0     0    40 13037 23504 16 10 74  0  0
 3  0      0 399164 199892 5083596    0    0     0    48 12961 23571 18  9 73  0  0
 1  0      0 135444 199892 5085276    0    0     0    20 13177 23783 15 12 73  0  0
 1  0      0 137576 199892 5087768    0    0     0   776 14514 26721 19 12 70  0  0
 2  0      0 129008 199892 5089896    0    0     0    64 13426 24345 16 10 74  0  0
 1  0      0 105152 199796 5087256    0    0     0   100 14884 25274 16 10 74  0  0
 1  0      0 126664 199796 5088584    0    0     0    40 17183 28629 17 11 71  0  0
 4  1      0 122236 199796 5088648    0    0     4    80 16099 26824 21 10 69  0  0
 4  0      0 120872 199796 5089152    0    0   364   300 16487 31931 30 19 50  1  0
 1  0      0 833072 199796 5089304    0    0   120    60 17127 30166 27 19 53  0  0
 3  0      0 838780 199796 5089368    0    0     0    80 15525 26569  7 15 78  0  0
 0  0      0 838788 199796 5089444    0    0     0    96 13608 23772  2 12 86  0  0
 2  0      0 838788 199796 5089456    0    0     0   476 13156 22800  3 11 87  0  0
 2  0      0 838292 199796 5089556    0    0     0   604 14886 25551  4 11 84  0  0
 0  0      0 838292 199796 5089600    0    0     0    40 14327 23751  2 12 87  0  0
 0  0      0 838292 199796 5089696    0    0     0    32 13992 24038  2 11 87  0  0
procs -----------memory---------- ---swap-- -----io---- -system-- ------cpu-----
 r  b   swpd   free   buff  cache   si   so    bi    bo   in   cs us sy id wa st
 0  0      0 838292 199796 5089744    0    0     0    80 12750 20910  1 10 89  0  0
 1  0      0 838292 199796 5089844    0    0     0    24 13514 21799  2 11 87  0  0
 0  0      0 838292 199796 5089876    0    0     0   232 14280 24669  3 11 85  0  0
 2  0      0 838292 199796 5089928    0    0     0    80 12817 21774  2 10 88  0  0
12  0      0 838292 199796 5090016    0    0     0    36 13273 22721  2  9 89  0  0
 6  0      0 828004 199796 5090080    0    0     0    84 17057 29211 10 17 73  0  0
 0  0      0 830644 199796 5090180    0    0     0    56 15651 26911  8 16 75  0  0
 0  0      0 825252 199796 5090232    0    0     0   484 17000 29070 15 19 66  0  0
 2  0      0 826972 199796 5090328    0    0     0    40 15350 26112  8 14 79  0  0
 1  0      0 826768 199796 5090340    0    0     0    56 14239 24133  2 11 87  0  0
 0  0      0 826768 199796 5090428    0    0     0    68 13051 21500  1 10 88  0  0
 0  0      0 826768 199796 5090532    0    0     0   188 14062 22449  3 11 86  0  0
 0  0      0 826768 199796 5090568    0    0     0   824 14870 25070  2 11 86  0  0
 2  0      0 826768 199796 5090644    0    0     0   340 13389 22290  2 10 88  0  0
 0  0      0 826768 199796 5090712    0    0     0    16 14172 23873  2 11 87  0  0
 0  0      0 826768 199796 5090740    0    0     0    44 13438 22199  2 10 88  0  0
 0  0      0 826920 199796 5090832    0    0     0    52 13876 22973  2 11 87  0  0
 1  0      0 826848 199796 5090892    0    0     0  4792 15258 25556  2 13 85  0  0
 2  0      0 826924 199796 5090988    0    0     0    48 13816 22975  2 10 88  0  0
 6  0      0 831368 199796 5091020    0    0     0    36 15171 25716  7 15 78  0  0
 2  0      0 827732 199796 5091124    0    0     0    44 15917 28367 10 17 73  0  0
procs -----------memory---------- ---swap-- -----io---- -system-- ------cpu-----
 r  b   swpd   free   buff  cache   si   so    bi    bo   in   cs us sy id wa st
 0  0      0 826948 199796 5091160    0    0     0   236 17050 30353 13 18 69  0  0
 0  0      0 828876 199796 5091252    0    0     0   440 15384 26825  7 14 79  0  0
 1  0      0 830536 199796 5091296    0    0     0  5792 13944 23534  2 12 86  0  0
 1  0      0 830536 199796 5091360    0    0     0    48 14471 23863  2 10 88  0  0
 0  0      0 830056 199796 5091452    0    0     0    84 13980 23374  2 11 87  0  0
 1  0      0 830056 199796 5091528    0    0     0   172 14057 24358  3 11 87  0  0
 2  0      0 829816 199796 5091536    0    0     0  1508 15027 25886  3 12 84  1  0
 5  0      0 829816 199796 5091640    0    0     0    16 12481 21467  2 10 88  0  0
 0  0      0 829816 199796 5091720    0    0     0    40 14040 23800  2 11 87  0  0
 2  0      0 829816 199796 5091784    0    0     0    40 14737 24738  3 10 87  0  0
 1  0      0 829816 199796 5091816    0    0     0    72 14445 23675  3 11 86  0  0
 0  0      0 829816 199796 5091904    0    0     0   284 13879 23486  1 12 87  0  0
 1  0      0 829816 199796 5091964    0    0     0    72 13715 23029  3 10 87  0  0
 0  0      0 829816 199796 5092024    0    0     0    52 14086 23289  3 11 87  0  0
 2  0      0 829568 199796 5092104    0    0     0    48 14212 23582  2 11 87  0  0
 0  0      0 829568 199796 5092164    0    0     0    80 14357 23389  2 12 86  0  0
 0  0      0 829316 199796 5092212    0    0     0   560 15729 27114  3 12 85  1  0
 2  0      0 829316 199796 5092284    0    0     0    52 13386 22371  2 10 88  0  0
 0  0      0 829316 199796 5092372    0    0     0    56 14175 23384  1 11 87  0  0
 0  0      0 829316 199796 5092428    0    0     0    24 14412 24249  2 11 88  0  0
 0  0      0 829316 199796 5092496    0    0     0    72 13625 23546  3 11 87  0  0
procs -----------memory---------- ---swap-- -----io---- -system-- ------cpu-----
 r  b   swpd   free   buff  cache   si   so    bi    bo   in   cs us sy id wa st
 0  0      0 829064 199796 5092516    0    0     0   308 13629 22781  2 11 87  0  0
 1  0      0 829064 199796 5092604    0    0     0   528 14255 23834  2 11 87  0  0
 3  0      0 829064 199796 5092672    0    0     0   332 13026 22244  2 10 88  0  0
 0  0      0 829064 199796 5092744    0    0     0    20 14288 24525  2 11 87  0  0
 0  0      0 829064 199796 5092784    0    0     0    60 13870 23349  1 11 88  0  0
 1  0      0 829064 199796 5092888    0    0     0   888 14918 25931  3 11 85  1  0
 0  0      0 829064 199796 5092932    0    0     0    48 14303 24267  2 11 87  0  0
 0  0      0 829064 199796 5093024    0    0     0    72 13525 22832  2  9 89  0  0
 2  0      0 828392 199796 5093060    0    0     0    20 15236 25833  2 13 85  0  0
 0  0      0 828392 199796 5093108    0    0     0    44 13898 22247  2 11 87  0  0
 0  0      0 828392 199796 5093204    0    0     0   296 13062 22143  2 10 87  1  0
 2  0      0 828392 199796 5093236    0    0     0    52 14233 24249  2 11 86  0  0
 0  0      0 828392 199796 5093332    0    0     0    32 12497 21250  2 11 87  0  0
 0  0      0 828140 199796 5093400    0    0     0    32 14663 24648  2 12 87  0  0
 0  0      0 828140 199796 5093424    0    0     0    40 12881 22465  2 10 88  0  0
 0  0      0 828140 199800 5093536    0    0     0   520 14904 25505  5 12 83  0  0
 0  0      0 828140 199800 5093556    0    0     0   508 14197 24575  2 11 87  0  0
 0  0      0 828140 199800 5093644    0    0     0    28 12658 21074  2 10 88  0  0
 1  0      0 828140 199800 5093656    0    0     0    56 13736 23059  2 12 87  0  0
 0  0      0 828140 199800 5093744    0    0     0    24 13354 22296  2 10 88  0  0
 0  0      0 828140 199800 5093796    0    0     0   288 13224 22144  2 11 87  0  0
procs -----------memory---------- ---swap-- -----io---- -system-- ------cpu-----
 r  b   swpd   free   buff  cache   si   so    bi    bo   in   cs us sy id wa st
 1  0      0 828140 199800 5093912    0    0     0    40 13984 23350  2  9 89  0  0
 0  0      0 828140 199800 5093928    0    0     0    28 15146 25228  2 12 86  0  0
