procs -----------memory---------- ---swap-- -----io---- -system-- ------cpu-----
 r  b   swpd   free   buff  cache   si   so    bi    bo   in   cs us sy id wa st
 5  0      0 4332424  55940 1517536    0    0     7    10    6   20  1  2 96  0  0
 0  0      0 4333892  55940 1517580    0    0     0     0 10681 17988 14 13 74  0  0
 0  0      0 4333892  55940 1517620    0    0     0    40 7700 12232  1  5 95  0  0
 2  0      0 4333892  55944 1517644    0    0     0   248 8172 12945  1  5 94  0  0
 1  0      0 4333892  55944 1517664    0    0     0   280 8441 12998  1  6 93  0  0
 1  0      0 4333892  55944 1517708    0    0     0    64 7863 12821  2  7 91  0  0
 0  0      0 4333892  55944 1517740    0    0     0    76 8138 12721  1  6 94  0  0
 1  0      0 4333644  55944 1517760    0    0     0    40 8333 13244  1  6 94  0  0
 0  0      0 4333644  55952 1517780    0    0     0   196 7476 11728  1  6 93  1  0
 1  0      0 4333644  55952 1517816    0    0     0     0 7693 12400  1  7 92  0  0
 1  0      0 4333644  55952 1517848    0    0     0    32 8201 13338  2  6 92  0  0
 1  0      0 4333644  55952 1517880    0    0     0   132 8860 14418  2  7 91  0  0
 1  0      0 4333644  55952 1517892    0    0     0    20 6884 11280  1  5 94  0  0
 2  0      0 4333644  55960 1517928    0    0     0   132 7264 11826  1  5 94  0  0
 0  0      0 4333644  55968 1517956    0    0     0    84 8192 13429  2  6 92  0  0
 9  0      0 4324948  56028 1518072    0    0     0   704 11890 19918  7 15 77  1  0
 0  1      0 4311260  56052 1519436    0    0     0   744 12970 21360  9 16 74  2  0
 1  0      0 4293052  56076 1519900    0    0     0   720 11073 17477 16  9 75  1  0
 1  0      0 4131312  56076 1519992    0    0     0    40 9291 13987 15  7 77  0  0
 1  0      0 4116204  56076 1520224    0    0     0     0 9753 14754 17  7 77  0  0
 1  0      0 4104120  56076 1520500    0    0     0    48 9468 14429 16  7 76  0  0
procs -----------memory---------- ---swap-- -----io---- -system-- ------cpu-----
 r  b   swpd   free   buff  cache   si   so    bi    bo   in   cs us sy id wa st
 1  0      0 4096560  56076 1520716    0    0     0    40 10445 16238 17  7 76  0  0
 1  0      0 4072884  56084 1520828    0    0     0   212 8558 13066 16  6 77  0  0
 1  0      0 4070124  56084 1520976    0    0     0    40 9373 14467 17  6 77  0  0
 1  0      0 4056768  56084 1521200    0    0     0    12 9662 14945 16  8 75  0  0
 1  0      0 4047724  56084 1521344    0    0     0     0 9088 13814 17  8 75  0  0
 1  0      0 4042444  56084 1521448    0    0     0    52 9160 13988 17  5 77  0  0
 2  0      0 4035136  56140 1521552    0    0     0   500 10855 16867 19  8 72  1  0
 4  1      0 4023508  56200 1521772    0    0     0   828 13234 23019 24 14 60  2  0
 2  0      0 4009652  56236 1523732    0    0     0  1116 11601 20258 28 15 56  1  0
 3  0      0 3910920  56236 1524184    0    0     0     4 7078 11801 32  7 61  0  0
 2  0      0 3807872  56236 1524356    0    0     0     0 7764 13091 32  8 60  0  0
 3  0      0 3565400  56236 1536424    0    0     0    60 11601 16364 27 12 59  1  0
 2  0      0 3435632  56236 1536856    0    0     0     4 7067 11492 31  8 61  0  0
 1  0      0 3415116  56244 1538852    0    0     0   336 7494 12153 31  8 61  0  0
 2  0      0 3346300  56244 1545068    0    0     0   320 9397 14369 31  7 62  1  0
 3  0      0 3337600  56244 1549160    0    0     0  4852 8714 13529 30  7 62  0  0
 2  0      0 3308460  56244 1554832    0    0     0    60 9631 14928 30  9 60  1  0
 3  0      0 3258328  56244 1559236    0    0     0    76 8472 13220 31  7 62  0  0
 2  0      0 3285836  56248 1560312    0    0     0  1556 8118 12914 34  5 61  0  0
 5  0      0 3280872  56280 1560416    0    0     0   244 7691 12983 35  5 59  0  0
 4  1      0 3261292  56324 1560652    0    0     0   644 12674 22923 40 14 44  2  0
procs -----------memory---------- ---swap-- -----io---- -system-- ------cpu-----
 r  b   swpd   free   buff  cache   si   so    bi    bo   in   cs us sy id wa st
 3  0      0 3955212  56356 1562708    0    0     0  1272 10975 19299 32 18 48  1  0
 2  0      0 3917196  56356 1563160    0    0     0    40 7937 12089 30  8 61  0  0
 2  0      0 3755708  56356 1563260    0    0     0    16 7366 11419 31  8 61  0  0
 2  0      0 3516436  56356 1576636    0    0     0    12 13469 18229 25 13 60  2  0
 2  0      0 3184192  56356 1581384    0    0     0    80 10429 15278 27 11 62  0  0
 2  0      0 3146752  56364 1585920    0    0     0   324 9019 14225 28  8 63  1  0
 3  0      0 3113492  56364 1590136    0    0     0    44 8241 12530 26  7 66  0  0
 2  0      0 3053036  56364 1595628    0    0     0   308 8966 13692 26  7 66  0  0
 3  0      0 3002084  56364 1601104    0    0     0    12 8373 13118 28  6 66  0  0
 2  0      0 2973132  56364 1603280    0    0     0    56 8556 13727 30  6 64  0  0
 2  0      0 2925116  56364 1607992    0    0     0   224 7626 12420 32  6 62  0  0
 2  0      0 2835012  56364 1615656    0    0     0    52 8750 13290 28  7 65  1  0
 1  0      0 2792576  56364 1620616    0    0     0    56 8208 12919 30  7 64  0  0
 1  0      0 2680100  56364 1625728    0    0     0    20 8596 13388 29  8 63  0  0
 2  0      0 2492396  56364 1631060    0    0     0    16 8230 13154 29  8 63  0  0
 2  0      0 2383048  56364 1640436    0    0     0  5416 8550 13565 29  8 62  1  0
 2  0      0 1868724  56364 1662220    0    0     0    28 14732 20521 25 13 60  2  0
 0  0      0 1738740  56364 1673152    0    0     0 53232 10517 15702 24 10 66  1  0
 1  3      0 1569384  56364 1684464    0    0     0  1080 12549 17898 23  9 59 10  0
 0  0      0 1452500  56364 1696992    0    0     0    32 13502 19525 24  9 64  3  0
 2  5      0 1378896  56368 1713508    0    0     0  9092 12947 18042 24  9 65  2  0
procs -----------memory---------- ---swap-- -----io---- -system-- ------cpu-----
 r  b   swpd   free   buff  cache   si   so    bi    bo   in   cs us sy id wa st
 1  0      0 1284328  56368 1724676    0    0     0    36 12365 17560 22  8 64  6  0
 2  1      0 1116300  56368 1737620    0    0     0    20 12320 17674 23 10 67  1  0
 2  0      0 1104240  56368 1751908    0    0     0    96 9761 14043 28  6 64  1  0
 2  0      0 974108  56368 1757688    0    0     0   260 8222 12159 29  6 64  0  0
 1  0      0 1606592  56376 1764880    0    0     0   292 10359 15609 15 10 74  0  0
 1  0      0 1485472  56376 1769904    0    0     0     8 10201 15185 14  8 77  0  0
 1  0      0 1381000  56376 1776556    0    0     0    48 10690 16183 15  9 76  0  0
 1  0      0 1284516  56376 1782032    0    0     0     4 9947 14834 14  8 78  0  0
 2  0      0 1178708  56376 1789452    0    0     0    48 11375 17479 15  8 76  1  0
 2  0      0 1100692  56380 1797212    0    0     0   148 10162 15090 14  8 77  1  0
 1  0      0 1126664  56380 1801404    0    0     0    16 9829 14622 12  6 81  0  0
 2  0      0 1100620  56380 1805764    0    0     0    32 10491 15721 15  8 77  0  0
 1  0      0 1085232  56380 1808704    0    0     0     8 9933 14978 14  7 79  0  0
 1  0      0 1001084  56380 1812856    0    0     0    92 8239 12811 12  7 81  0  0
 1  0      0 962360  56388 1821096    0    0     0   180 9688 15512 13  6 81  1  0
 1  0      0 862460  56388 1831736    0    0     0     4 11043 15851 12  8 80  1  0
 1  0      0 791608  56388 1838344    0    0     0    44 9830 15026 15  7 78  0  0
 1  0      0 2838356  56392 1839320    0    0     0   276 9081 13704 17  7 76  0  0
 1  0      0 2838060  56392 1839360    0    0     0    32 10917 17161 20  7 73  0  0
 2  0      0 3991072  56396 1839396    0    0     0   236 9650 14902 14 11 75  1  0
 0  0      0 3990860  56396 1839420    0    0     0    12 7924 12683  1  7 92  0  0
procs -----------memory---------- ---swap-- -----io---- -system-- ------cpu-----
 r  b   swpd   free   buff  cache   si   so    bi    bo   in   cs us sy id wa st
 1  0      0 3989872  56396 1839440    0    0     0    60 8314 13387  2  7 91  0  0
 0  0      0 3989872  56396 1839484    0    0     0     0 8709 13326  1  6 93  0  0
 0  0      0 3990128  56396 1839528    0    0     0    32 8426 13117  1  6 93  0  0
 0  0      0 3989888  56400 1839544    0    0     0   128 8059 13077  2  5 93  0  0
 0  0      0 3989888  56400 1839564    0    0     0     0 6867 10876  1  5 94  0  0
 1  0      0 3989888  56400 1839592    0    0     0    44 7634 12493  1  7 92  0  0
 0  0      0 3989888  56400 1839636    0    0     0  3932 7647 12125  1  5 94  0  0
 0  0      0 3989888  56400 1839660    0    0     0    24 9130 14965  2  7 91  0  0
 0  0      0 3989888  56408 1839668    0    0     0   176 7205 11782  1  6 93  0  0
 0  0      0 3989888  56408 1839692    0    0     0  1412 7438 11999  2  6 93  0  0
 3  0      0 3989888  56408 1839744    0    0     0    24 7785 13167  3  7 90  0  0
 1  0      0 3989888  56408 1839764    0    0     0 32152 7315 11978  1  6 93  0  0
 0  0      0 3989636  56408 1839792    0    0     0   632 8889 13826  1  7 92  0  0
 0  0      0 3989636  56416 1839804    0    0     0   600 8176 12990  2  6 92  1  0
 0  0      0 3989636  56416 1839840    0    0     0  4128 7432 11703  1  5 94  0  0
 0  0      0 3989656  56416 1839880    0    0     0     8 8248 13153  1  6 92  0  0
 0  0      0 3989416  56416 1839904    0    0     0    56 7954 12640  2  5 93  0  0
 1  0      0 3989116  56416 1839928    0    0     0 21056 8415 13783  2  8 91  0  0
 1  0      0 3989200  56420 1839948    0    0     0   328 6386 10439  1  4 94  0  0
