procs -----------memory---------- ---swap-- -----io---- -system-- ------cpu-----
 r  b   swpd   free   buff  cache   si   so    bi    bo   in   cs us sy id wa st
 2  0      0 4480160  88432 1368188    0    0     3     6   14   10  1  1 98  0  0
 1  0      0 4483024  88432 1368212    0    0     0     0 4857 7771  9  7 84  0  0
 0  0      0 4483024  88436 1368216    0    0     0    80 1554 1805  1  1 98  0  0
 0  0      0 4482776  88436 1368216    0    0     0     0 1204 1252  0  1 99  0  0
 0  0      0 4482528  88436 1368220    0    0     0     0 1179 1232  0  2 98  0  0
 0  0      0 4482528  88436 1368224    0    0     0    28 1884 2554  1  2 98  0  0
 0  0      0 4482528  88436 1368232    0    0     0    20 1178 1267  0  1 99  0  0
 0  0      0 4482304  88436 1368232    0    0     0   116 1517 1723  0  1 98  0  0
 0  0      0 4482304  88440 1368232    0    0     0    56 1144 1249  1  1 98  0  0
 0  0      0 4482304  88440 1368244    0    0     0     0  961  990  0  1 99  0  0
 0  0      0 4482304  88440 1368244    0    0     0     0 1647 2120  1  1 98  0  0
 0  0      0 4482304  88440 1368252    0    0     0    36 1161 1137  0  1 98  0  0
 0  0      0 4482304  88440 1368256    0    0     0     4 1666 1957  0  1 98  0  0
 0  0      0 4482304  88448 1368248    0    0     0    56 1143 1259  1  1 98  0  0
 0  0      0 4482304  88448 1368264    0    0     0     0 1377 1514  1  2 97  0  0
 0  0      0 4482304  88456 1368256    0    0     0    60 2665 3872  2  2 96  0  0
 1  0      0 4474636  88468 1368556    0    0     0  1064 9579 15638  8 10 80  2  0
 1  0      0 4447484  88480 1370220    0    0     0   612 4226 6135 13  7 80  1  0
 1  0      0 4281044  88480 1370424    0    0     0   512 2066 2371 15  3 82  1  0
 1  0      0 4266200  88480 1370592    0    0     0     0 1287 1264 16  1 82  0  0
 1  0      0 4251344  88480 1371024    0    0     0    24 1730 1964 16  2 82  0  0
procs -----------memory---------- ---swap-- -----io---- -system-- ------cpu-----
 r  b   swpd   free   buff  cache   si   so    bi    bo   in   cs us sy id wa st
 1  0      0 4232192  88480 1371048    0    0     0     0 1298 1432 16  2 82  0  0
 1  0      0 4224380  88480 1371052    0    0     0   116 1706 1807 17  2 81  0  0
 1  0      0 4210032  88480 1371120    0    0     0    36 1456 1686 16  2 82  0  0
 1  0      0 4205256  88480 1371328    0    0     0     4 1621 1718 17  2 81  0  0
 1  0      0 4196448  88480 1371504    0    0     0     0 2193 2796 17  2 82  0  0
 1  0      0 4182084  88480 1371656    0    0     0     0 1427 1398 17  1 82  0  0
 1  0      0 4168916  88484 1371756    0    0     0   316 1985 2133 17  1 81  1  0
 1  0      0 4162628  88492 1371852    0    0     0    96 1908 2226 17  1 81  0  0
 6  0      0 4148852  88512 1372120    0    0     0  1048 7198 11320 22  8 68  2  0
 2  0      0 4114556  88532 1376008    0    0  1764   588 5469 8744 26 10 63  1  0
 2  0      0 3942056  88532 1376508    0    0     0     0 1905 2080 31  4 65  0  0
 2  0      0 3673068  88532 1389356    0    0     0     0 7456 7871 27  8 64  2  0
 2  0      0 3506408  88532 1393516    0    0     0     8 3505 3342 26  4 69  1  0
 2  0      0 3469660  88532 1398528    0    0     0    52 4036 4096 27  4 69  1  0
 2  0      0 3431988  88536 1403684    0    0     0   224 4608 5419 27  4 68  1  0
 2  0      0 3410160  88536 1408516    0    0     0     8 3932 3793 27  3 70  1  0
 1  0      0 3377996  88536 1412740    0    0     0  8432 4170 4333 27  4 69  1  0
 2  0      0 3354860  88536 1418056    0    0     0     4 3905 3891 27  3 70  1  0
 2  0      0 3360800  88536 1421344    0    0     0   580 3462 3358 29  4 67  1  0
 2  0      0 3357428  88536 1421520    0    0     0   216 2496 2673 35  2 64  0  0
 1  0      0 4108712  88536 1421660    0    0     0     8 1767 1509 24  5 71  0  0
procs -----------memory---------- ---swap-- -----io---- -system-- ------cpu-----
 r  b   swpd   free   buff  cache   si   so    bi    bo   in   cs us sy id wa st
 1  0      0 4103924  88536 1421744    0    0     0     4 1662 1941 17  2 81  0  0
 1  0      0 4094612  88536 1421888    0    0     0     0 1173 1239 16  2 82  0  0
 1  0      0 4089576  88536 1422028    0    0     0    16 1469 1671 17  3 81  0  0
 3  0      0 4043088  88540 1422092    0    0     0   104 2443 3425 17  3 81  0  0
 3  0      0 3667972  88552 1436060    0    0     0   256 9381 10585 11 10 76  2  0
 1  0      0 3625104  88564 1439264    0    0     0   980 8948 14867 17 11 69  2  0
 2  0      0 3600756  88572 1442724    0    0     0   588 4756 6705 23  9 68  0  0
 4  0      0 3422940  88572 1444812    0    0     0  5124 2669 2962 26  5 69  0  0
 2  0      0 3395008  88580 1446844    0    0     0   160 3175 3582 29  4 68  0  0
 4  0      0 3350120  88592 1452108    0    0  2868   632 5999 8571 29  8 59  4  0
 3  0      0 3309256  88608 1455988    0    0     0  1156 8573 14809 38 15 46  1  0
 3  0      0 3147520  88608 1458744    0    0     0     8 2829 2755 42  5 53  0  0
 3  0      0 3147444  88608 1459580    0    0     0     8 2315 1942 49  4 47  0  0
 3  0      0 3759352  88608 1460176    0    0     0     4 3298 4034 48  4 47  0  0
 2  0      0 3841460  88608 1460652    0    0     0     4 1888 1800 33  4 63  0  0
 2  0      0 3810416  88616 1460972    0    0     0  5772 1958 2055 32  3 65  0  0
 2  0      0 3799100  88616 1461240    0    0     0    32 1593 1456 33  2 65  0  0
 3  0      0 3772084  88616 1461640    0    0     0    12 1560 1442 32  3 65  0  0
 2  0      0 3762772  88616 1462076    0    0     0    12 2178 2609 32  2 65  0  0
 2  0      0 3746152  88616 1462476    0    0     0     0 1610 1673 32  2 66  0  0
 2  0      0 3728436  88620 1462824    0    0     0   188 1913 1846 32  3 65  0  0
procs -----------memory---------- ---swap-- -----io---- -system-- ------cpu-----
 r  b   swpd   free   buff  cache   si   so    bi    bo   in   cs us sy id wa st
 2  0      0 3672352  88620 1463080    0    0     0     0 1988 2162 31  4 66  0  0
 2  0      0 3100800  88620 1477216    0    0     0  1184 7434 7637 26 10 62  2  0
 1  0      0 3026872  88620 1484652    0    0     0    12 3551 4245 31  3 67  0  0
 2  0      0 3009352  88620 1489460    0    0     0    12 2820 2792 27  3 70  0  0
 2  0      0 2943240  88624 1494996    0    0     0   156 3106 3197 27  3 69  0  0
 2  0      0 2633140  88624 1498820    0    0     0     0 3501 3913 23  6 71  0  0
 2  0      0 2473780  88624 1504056    0    0     0  8472 4474 4670 23  4 74  0  0
 4  0      0 2422536  88624 1508932    0    0     0    28 4190 4432 24  3 73  0  0
 2  0      0 2376788  88624 1515344    0    0     0    12 4461 5264 24  4 72  0  0
 3  0      0 2269316  88632 1524832    0    0     0  6720 4738 5194 24  5 71  1  0
 3  0      0 2143372  88636 1529548    0    0     4 16532 4409 4803 23  4 69  4  0
 2  0      0 2046564  88636 1537464    0    0     0     0 3762 3758 26  3 70  0  0
 1  0      0 1936816  88636 1545824    0    0     0     0 5036 5671 25  5 69  0  0
 1  0      0 1768788  88636 1556300    0    0     0    40 4232 4416 24  5 71  0  0
 2  0      0 1794184  88644 1566236    0    0     0   196 3070 3146 29  4 67  1  0
 2  0      0 1696756  88644 1574900    0    0     0 13608 3898 4326 31  3 66  0  0
 1  0      0 2276424  88644 1582524    0    0     0     0 3037 3029 15  6 78  0  0
 1  0      0 2184716  88644 1594312    0    0     0   280 3412 3086 14  3 82  1  0
 1  0      0 2094684  88644 1602176    0    0     0     0 2861 3073 15  3 83  0  0
 1  0      0 1944912  88648 1610956    0    0     0   220 3233 3162 13  4 82  0  0
 1  0      0 1896784  88648 1622360    0    0     0     8 3778 3849 14  3 83  1  0
procs -----------memory---------- ---swap-- -----io---- -system-- ------cpu-----
 r  b   swpd   free   buff  cache   si   so    bi    bo   in   cs us sy id wa st
 1  0      0 1708264  88648 1628292    0    0     0     4 2848 2739 13  4 82  0  0
 1  0      0 1611052  88648 1636404    0    0     0     0 3805 4600 14  4 82  0  0
 1  0      0 1486096  88648 1643916    0    0     0     0 3129 2969 15  3 82  0  0
 2  0      0 1321712  88656 1649608    0    0     0   100 2986 2927 13  5 82  0  0
 1  0      0 1228440  88656 1656308    0    0     0     0 2727 2588 13  3 84  0  0
 1  0      0 1094696  88656 1664276    0    0     0     8 3426 3370 14  3 83  0  0
 0  0      0 1129068  88656 1671612    0    0     0     8 2463 2307 13  2 85  0  0
 1  0      0 1102096  88656 1675372    0    0     0     0 3390 3918 14  2 84  0  0
 1  0      0 1096372  88664 1678644    0    0     0    72 2843 2969 13  2 84  0  0
 2  0      0 986656  88664 1683480    0    0     0    24 3229 3350 13  3 85  0  0
 1  0      0 961172  88664 1691624    0    0     0     0 2719 2677 13  3 84  0  0
 1  0      0 844624  88664 1703240    0    0     0    12 5324 6384 13  4 83  1  0
 1  0      0 2713928  88664 1710728    0    0     0     4 2043 1730 15  3 81  0  0
 1  0      0 3069412  88668 1710868    0    0     0    72 2715 2975 17  3 80  0  0
 1  0      0 4111700  88668 1710880    0    0     0     8 2660 2972 14  5 81  0  0
 0  0      0 4111624  88668 1710828    0    0     0    28 1224 1332  1  2 97  0  0
