procs -----------memory---------- ---swap-- -----io---- -system-- ------cpu-----
 r  b   swpd   free   buff  cache   si   so    bi    bo   in   cs us sy id wa st
 4  0      0 4045432 157656 2013248    0    0     7     3    2    3  1  2 97  0  0
 0  0      0 4043384 157656 2013268    0    0     0     0 5925 9639 13  9 78  0  0
 0  0      0 4043384 157656 2013276    0    0     0     0 1691 2087  1  3 96  0  0
 0  0      0 4043384 157656 2013276    0    0     0     0 1602 2100  1  1 98  0  0
 0  0      0 4043384 157656 2013284    0    0     0    72 2526 3679  2  2 96  0  0
 0  0      0 4043384 157656 2013292    0    0     0    12 1455 1901  1  1 98  0  0
 0  0      0 4043384 157656 2013296    0    0     0    24 1325 1602  1  1 98  0  0
 0  0      0 4043384 157656 2013296    0    0     0     0 1537 1934  1  2 98  0  0
 0  0      0 4043384 157656 2013304    0    0     0     0 1536 1890  1  2 98  0  0
 0  0      0 4043384 157656 2013312    0    0     0   108 2245 2965  1  3 96  0  0
 1  0      0 4043384 157656 2013320    0    0     0    20 2767 4167  2  2 96  0  0
 0  0      0 4043384 157656 2013324    0    0     0    16 1723 2160  2  2 97  0  0
 0  0      0 4043384 157656 2013324    0    0     0    24 1817 2239  1  3 96  0  0
 0  0      0 4043160 157656 2013332    0    0     0     0 2656 3757  2  2 96  0  0
 0  0      0 4043160 157656 2013336    0    0     0    52 2528 3711  2  3 96  0  0
 0  0      0 4043160 157656 2013344    0    0     0     0 2024 2732  2  2 96  0  0
 0  0      0 4043160 157656 2013348    0    0     0     4 1544 1754  1  1 97  0  0
 0  0      0 4043160 157656 2013356    0    0     0     8 2263 3210  1  2 97  0  0
 0  0      0 4042920 157656 2013360    0    0     0    28 1413 1834  1  2 98  0  0
 0  0      0 4042668 157656 2013368    0    0     0    96 2058 2804  1  3 97  0  0
 0  0      0 4042668 157656 2013376    0    0     0     0 2649 4094  2  3 96  0  0
procs -----------memory---------- ---swap-- -----io---- -system-- ------cpu-----
 r  b   swpd   free   buff  cache   si   so    bi    bo   in   cs us sy id wa st
 0  0      0 4042668 157656 2013384    0    0     0     8 1868 2578  1  2 97  0  0
 0  0      0 4042444 157656 2013384    0    0     0     0 2160 2987  4  2 94  0  0
 0  0      0 4042444 157656 2013388    0    0     0     8 1655 2052  1  2 97  0  0
 0  0      0 4042444 157656 2013392    0    0     0    84 2570 3650  1  3 96  0  0
 0  0      0 4042444 157656 2013408    0    0     0     8 1492 1914  1  2 98  0  0
 0  0      0 4042444 157656 2013412    0    0     0     0 2238 3189  1  2 97  0  0
 0  0      0 4042444 157656 2013416    0    0     0     8 1661 2174  1  2 98  0  0
 0  0      0 4042444 157656 2013416    0    0     0     0 1531 1892  1  1 98  0  0
 0  0      0 4044632 157656 2013424    0    0     0   108 2138 2823  1  2 97  0  0
 0  0      0 4044160 157656 2013432    0    0     0    28 3438 5420  3  4 93  0  0
 2  0      0 4044160 157656 2013436    0    0     0     0 1707 2109  1  2 97  0  0
 0  0      0 4044160 157656 2013440    0    0     0     4 1770 2264  1  2 97  0  0
 0  0      0 4044160 157656 2013452    0    0     0     0 1652 2041  1  2 97  0  0
 0  0      0 4044160 157656 2013460    0    0     0    84 2828 4004  2  3 95  0  0
 0  0      0 4039136 157656 2013472    0    0     0   972 7498 11999  7  8 82  3  0
 0  0      0 4038660 157656 2013564    0    0     0     4 2807 4067  2  2 96  0  0
 0  0      0 4038660 157656 2013568    0    0     0     0 1734 2318  1  2 98  0  0
 0  0      0 4038660 157656 2013572    0    0     0     8 1409 1766  1  2 98  0  0
 0  0      0 4038408 157656 2013576    0    0     0   160 2727 3777  1  3 96  0  0
 0  0      0 4038160 157656 2013584    0    0     0   132 3231 4987  2  2 95  0  0
 1  0      0 4038160 157656 2013596    0    0     0    24 1640 2125  1  2 97  0  0
procs -----------memory---------- ---swap-- -----io---- -system-- ------cpu-----
 r  b   swpd   free   buff  cache   si   so    bi    bo   in   cs us sy id wa st
 0  0      0 4037920 157656 2013600    0    0     0     4 1730 2263  2  3 96  0  0
 0  0      0 4037920 157656 2013604    0    0     0     8 1493 1900  1  2 97  0  0
 0  0      0 4037416 157656 2013612    0    0     0     0 3528 5355  5  4 92  0  0
 0  0      0 4037416 157656 2013624    0    0     0   100 1684 2191  1  2 97  0  0
 0  0      0 4037416 157656 2013628    0    0     0   140 1806 2250  1  2 97  0  0
 0  0      0 4037416 157656 2013628    0    0     0     8 1641 1947  1  2 97  0  0
 0  0      0 4037192 157656 2013632    0    0     0    12 1924 2607  1  2 98  0  0
 0  0      0 4037192 157656 2013640    0    0     0     0 2123 2932  1  2 96  0  0
 0  0      0 4037192 157656 2013652    0    0     0    36 2776 4281  1  3 96  0  0
 0  0      0 4037192 157656 2013660    0    0     0    96 1587 1950  1  1 98  0  0
 0  0      0 4037192 157656 2013664    0    0     0     0 2507 3696  2  3 95  0  0
 0  0      0 4033096 157656 2013664    0    0     0    16 1458 1869  1  2 98  0  0
 0  0      0 4033096 157656 2013668    0    0     0     4 2636 3842  2  2 96  0  0
 0  0      0 4033096 157656 2013684    0    0     0     0 1620 2165  1  1 98  0  0
 0  0      0 4033096 157656 2013688    0    0     0   144 1575 2015  1  2 98  0  0
 4  0      0 4033096 157656 2013692    0    0     0     0 1537 1857  1  1 98  0  0
 0  0      0 4033096 157656 2013696    0    0     0     0 1340 1522  1  1 98  0  0
 0  0      0 4033096 157656 2013704    0    0     0    16 1958 2474  1  2 97  0  0
 3  0      0 4032844 157656 2013712    0    0     0     4 2525 3746  3  2 95  0  0
 0  0      0 4032844 157656 2013716    0    0     0    88 1748 2151  1  2 97  0  0
 0  0      0 4032844 157656 2013720    0    0     0     0 1749 2241  2  3 95  0  0
procs -----------memory---------- ---swap-- -----io---- -system-- ------cpu-----
 r  b   swpd   free   buff  cache   si   so    bi    bo   in   cs us sy id wa st
 0  0      0 4032844 157656 2013724    0    0     0     0 1663 1984  1  1 98  0  0
 0  0      0 4032844 157656 2013728    0    0     0     0 2787 4083  2  2 96  0  0
 0  0      0 4032844 157656 2013732    0    0     0    16 1746 2376  1  2 98  0  0
 0  0      0 4032844 157656 2013744    0    0     0   144 1697 2084  1  2 97  0  0
 0  0      0 4032844 157656 2013748    0    0     0     0 1587 2082  1  2 98  0  0
 0  0      0 4032844 157656 2013748    0    0     0     0 1538 2056  1  1 98  0  0
 0  0      0 4032844 157656 2013752    0    0     0     0 2036 2665  2  2 96  0  0
 0  0      0 4032844 157656 2013760    0    0     0     8 1535 1982  1  1 98  0  0
 0  0      0 4032844 157656 2013772    0    0     0    92 2844 4332  2  2 96  0  0
 0  0      0 4032844 157656 2013776    0    0     0    12 1783 2343  1  3 96  0  0
 0  0      0 4028748 157656 2013780    0    0     0     0 1589 1889  1  2 97  0  0
10  0      0 4028748 157656 2013784    0    0     0     0 2500 3652  3  2 95  0  0
 0  0      0 4028748 157656 2013792    0    0     0     0 1887 2533  2  2 96  0  0
 0  0      0 4028748 157656 2013800    0    0     0   108 1632 1927  1  2 97  0  0
 0  0      0 4028748 157656 2013808    0    0     0     8 1744 2338  1  1 98  0  0
 0  0      0 4028748 157656 2013812    0    0     0     4 1516 1975  1  1 98  0  0
 0  0      0 4028748 157656 2013812    0    0     0     0 2091 2870  1  2 97  0  0
 0  0      0 4028748 157656 2013820    0    0     0     0 1583 1981  1  2 97  0  0
 0  0      0 4028748 157656 2013828    0    0     0   168 2829 4251  2  3 96  0  0
 0  0      0 4028748 157656 2013836    0    0     0     8 1772 2184  2  3 96  0  0
 0  0      0 4028748 157656 2013840    0    0     0     0 1549 1841  1  1 98  0  0
procs -----------memory---------- ---swap-- -----io---- -system-- ------cpu-----
 r  b   swpd   free   buff  cache   si   so    bi    bo   in   cs us sy id wa st
 0  0      0 4028748 157656 2013840    0    0     0     4 2575 3658  2  3 96  0  0
 0  0      0 4028748 157656 2013848    0    0     0     0 1473 1917  1  2 98  0  0
 0  0      0 4028748 157656 2013852    0    0     0    68 1710 2195  1  1 97  0  0
 0  0      0 4028748 157656 2013860    0    0     0    24 1713 2358  1  2 97  0  0
 0  0      0 4028748 157656 2013860    0    0     0     8 1524 1870  1  2 97  0  0
 0  0      0 4028496 157656 2013868    0    0     0     8 1898 2510  1  2 97  0  0
 0  0      0 4028496 157656 2013880    0    0     0     0 1465 1813  1  2 97  0  0
 0  0      0 4028496 157656 2013884    0    0     0   116 2940 4457  3  3 94  0  0
 0  0      0 4028496 157656 2013888    0    0     0     8 1897 2481  2  3 94  0  0
 0  0      0 4028496 157656 2013896    0    0     0    24 1660 2025  0  2 97  0  0
 0  0      0 4028244 157656 2013908    0    0     0     8 2408 3437  2  2 96  0  0
 0  0      0 4028244 157656 2013912    0    0     0     4 1585 1997  1  2 97  0  0
 0  0      0 4028244 157656 2013916    0    0     0    72 1922 2614  1  2 97  0  0
 1  0      0 4028244 157656 2013920    0    0     0     0 1533 1835  1  2 98  0  0
