procs -----------memory---------- ---swap-- -----io---- -system-- ------cpu-----
 r  b   swpd   free   buff  cache   si   so    bi    bo   in   cs us sy id wa st
 1  2      0 3826612  60140 1992280    0    0     6    33    7    3  2  9 89  0  0
 1  3      0 3828264  60148 1992412    0    0     0  1296 15204 25531 11 23 45 21  0
 4  0      0 3821608  60160 1991892    0    0     0   608 21436 33104  4 28 52 16  0
 2  0      0 3967444  60160 1879364    0    0     0  2060 25854 41819  6 37 42 15  0
 1  0      0 3966740  60160 1879384    0    0     0     0 23207 37697  3 22 75  0  0
 1  0      0 3966500  60160 1879488    0    0     0     0 23178 38944  3 16 81  0  0
 3  0      0 3966500  60160 1879568    0    0     0     0 23213 39346  2 14 84  0  0
 0  0      0 3966012  60160 1879680    0    0     0     0 23749 40523  2 14 84  0  0
 1  0      0 3965788  60172 1879760    0    0     0  1252 24440 40749  2 15 83  1  0
 1  0      0 3966108  60172 1879904    0    0     0    56 23709 39701  2 16 82  0  0
 2  0      0 3966108  60172 1880028    0    0     0     0 23312 39877  3 15 82  0  0
 0  0      0 3966108  60176 1880124    0    0     0   580 23195 39301  2 15 83  1  0
 2  0      0 3966108  60176 1880244    0    0     0     0 23291 39332  2 16 82  0  0
 1  0      0 3966120  60176 1880352    0    0     0   856 23761 39987  3 15 82  0  0
 1  0      0 3943932  60196 1880568    0    0     0  2460 27894 48437  8 23 66  3  0
 3  0      0 3931368  60232 1882624    0    0     0  1956 26396 48361 17 28 52  2  0
 5  0      0 3800928  60244 1885020    0    0     0   788 21208 39026 27 21 51  1  0
 3  0      0 3607968  60244 1885352    0    0     0     0 18100 34310 32 15 53  0  0
 5  0      0 3554136  60244 1885876    0    0     0     4 18111 34368 34 14 53  0  0
 2  0      0 3524172  60244 1886476    0    0     0  2016 19731 35893 33 16 49  2  0
 3  0      0 3492168  60244 1886720    0    0     0    12 18672 35509 33 15 52  0  0
procs -----------memory---------- ---swap-- -----io---- -system-- ------cpu-----
 r  b   swpd   free   buff  cache   si   so    bi    bo   in   cs us sy id wa st
 4  0      0 3389616  60248 1899504    0    0     0   644 25999 42307 26 18 54  1  0
 2  0      0 3287228  60248 1899992    0    0     0     0 19273 36247 31 17 52  0  0
 2  0      0 3257772  60248 1900448    0    0     0     0 17953 34376 35 11 53  0  0
 3  0      0 3238128  60248 1900768    0    0     0   520 18484 34848 35 13 52  0  0
 2  0      0 3219984  60248 1901080    0    0     0   332 18204 34593 35 14 51  0  0
 2  0      0 3208416  60256 1901408    0    0     0   696 17993 34257 35 13 52  0  0
 3  0      0 2955544  60256 1904884    0    0  3028     4 18782 35249 32 14 53  1  0
 3  0      0 2679640  60256 1906572    0    0  1380     0 18067 34014 33 15 52  0  0
 3  0      0 2570260  60256 1909652    0    0     0   124 20456 36944 25 15 57  2  0
 3  0      0 2498192  60256 1914128    0    0     0   728 25710 42917 24 19 55  3  0
 1  1      0 2520896  60264 1915336    0    0     0  1592 24250 40936 22 17 58  3  0
 2  0      0 2513352  60264 1917044    0    0     0     0 21777 38468 22 15 60  3  0
 4  1      0 2507852  60264 1919268    0    0     0   228 22532 39853 22 16 58  3  0
 1  1      0 2472424  60264 1922508    0    0     0  1016 22629 39300 22 18 57  3  0
 2  1      0 2420088  60264 1926144    0    0     0   716 21843 37492 24 18 56  2  0
 1  2      0 2421456  60280 1928032    0    0     0  1208 22087 38905 25 19 52  4  0
 6  1      0 2394752  60296 1929932    0    0    71  1732 25243 45843 30 24 40  5  0
 4  0      0 2411360  60432 1932376    0    0     0  1316 19668 35612 42 19 37  2  0
 2  0      0 3743244  60432 1932572    0    0     0    24 18331 34932 39 20 40  0  0
 2  0      0 3695464  60432 1932872    0    0     0   976 19326 36221 18 14 68  0  0
 2  0      0 3684904  60432 1933276    0    0     0   572 19014 35705 18 13 69  0  0
procs -----------memory---------- ---swap-- -----io---- -system-- ------cpu-----
 r  b   swpd   free   buff  cache   si   so    bi    bo   in   cs us sy id wa st
 2  0      0 3666004  60432 1933464    0    0     0     4 18659 35392 18 13 69  0  0
 4  0      0 3652916  60444 1933640    0    0     0   700 18790 35415 18 13 69  1  0
 2  0      0 3407956  60444 1947272    0    0     0     4 28590 44812 10 21 68  1  0
 3  0      0 3141324  60444 1951936    0    0     0    40 21841 39288 15 17 67  1  0
 1 43      0 3121924  60452 1955552    0    0     0  4356 24944 41981 15 17 52 16  0
 0  0      0 3079360  60476 1960300    0    0     0  2632 24928 43094 16 20 48 15  0
 1  0      0 3065464  60476 1964856    0    0     0    44 21929 37564 14 16 68  1  0
 1  0      0 3015860  60476 1969588    0    0     0     0 23246 39473 14 14 70  1  0
 2  0      0 2978668  60476 1972352    0    0     0     0 20430 37763 18 14 68  0  0
 1  0      0 2922084  60476 1979168    0    0     0     0 20775 36815 15 14 70  1  0
 4  0      0 2852896  60480 1986172    0    0     0  1120 23029 39819 14 16 69  2  0
 1  0      0 2744032  60480 1991764    0    0     0   332 21597 37256 14 15 70  1  0
 3  0      0 2601844  60480 1998068    0    0     0     0 20924 37233 15 14 70  1  0
 1  0      0 2499668  60480 2007780    0    0     0     0 23331 39149 14 18 66  1  0
 1  0      0 2411332  60480 2017380    0    0     0     0 25175 40972 14 17 68  1  0
 2  0      0 2256528  60488 2024040    0    0     0   676 22461 38299 17 21 61  1  0
 0  0      0 2147588  60488 2031256    0    0     0   708 22271 38633 14 16 69  1  0
 1  0      0 2067452  60488 2040616    0    0     0     4 24095 39950 13 17 69  1  0
 1  0      0 1959984  60488 2048668    0    0     0     0 24540 41475 13 21 66  1  0
 2  0      0 1895464  60488 2056068    0    0     0     0 24718 40929 13 18 68  1  0
 2  0      0 1791496  60492 2062548    0    0     0  1500 24264 40614 12 21 66  1  0
procs -----------memory---------- ---swap-- -----io---- -system-- ------cpu-----
 r  b   swpd   free   buff  cache   si   so    bi    bo   in   cs us sy id wa st
 1  0      0 1731956  60492 2071956    0    0     0   596 25759 41886 13 20 66  2  0
 2  0      0 1611012  60492 2076144    0    0     0   212 21369 37865 10 19 70  1  0
 4  1      0 1552168  60492 2082952    0    0     0    16 22197 39399 12 19 69  1  0
 3  1      0 1456660  60492 2088956    0    0     0     0 21627 38717 13 16 71  1  0
 6  0      0 1332676  60496 2091760    0    0     0   496 24543 41353 11 23 65  1  0
 2  0      0 1175180  60496 2098028    0    0     0   360 24604 41270 13 19 67  1  0
 0  0      0 1131128  60496 2103228    0    0     0   488 22501 39104 14 16 70  1  0
 3  0      0 999360  60496 2109316    0    0     0     8 25600 42518 14 19 66  1  0
 2  0      0 951348  60496 2115560    0    0     0     4 24426 40580 13 17 68  1  0
 1  0      0 971076  60496 2122636    0    0     0   540 24803 41239 14 15 68  3  0
 5  0      0 943948  60496 2126032    0    0     0     0 23638 39591 16 15 68  1  0
 1  0      0 939680  60496 2129172    0    0     0  1340 21597 38309 15 14 71  1  0
 1  0      0 853608  60496 2133908    0    0     0     8 22878 40047 14 16 68  1  0
 0  0      0 816628  60496 2141768    0    0     0     0 22801 39302 13 15 71  1  0
 1  0      0 708952  60504 2153204    0    0     0  1296 24347 40707 13 16 69  2  0
 4  0      0 574824  60504 2159040    0    0     0  1232 23556 39642 13 18 68  1  0
 1  0      0 2940296  60504 2160808    0    0     0   632 24391 40933 16 20 64  0  0
 4  0      0 3689272  60504 2160920    0    0     0   184 23767 41083  5 19 75  0  0
 0  0      0 3686784  60504 2161048    0    0     0     0 22725 38896  2 14 83  0  0
