procs -----------memory---------- ---swap-- -----io---- -system-- ------cpu-----
 r  b   swpd   free   buff  cache   si   so    bi    bo   in   cs us sy id wa st
 3  0      0 4768800  17148 1102476    0    0     9     5   16    1  1  6 93  0  0
 0  0      0 4763816  17152 1102536    0    0     4    32 21265 36317 11 17 72  0  0
 8  0      0 4763564  17152 1102584    0    0     0    32 18784 31514  1 12 87  0  0
 1  0      0 4763564  17152 1102640    0    0     0     8 18900 31227  1 10 88  0  0
 0  0      0 4763564  17152 1102700    0    0     0    12 18652 30975  2 11 87  0  0
 3  0      0 4763316  17160 1102748    0    0     0   444 19346 32085  2 10 88  0  0
 0  0      0 4763316  17160 1102808    0    0     0   440 19604 31879  2 10 88  0  0
 0  0      0 4763316  17160 1102840    0    0     0    16 19297 31682  2 11 87  0  0
 1  0      0 4763316  17160 1102884    0    0     0    20 19121 31196  1 12 87  0  0
 0  0      0 4763064  17160 1102944    0    0     0     8 19401 31998  2 13 85  0  0
 1  0      0 4763064  17172 1102988    0    0     0   264 18521 30457  1  9 89  0  0
 2  0      0 4763064  17172 1103048    0    0     0    40 20063 32970  2 11 87  0  0
 0  0      0 4762816  17172 1103100    0    0     0   148 19120 31539  1 12 87  0  0
 0  0      0 4762816  17172 1103152    0    0     0    40 18860 31309  1 10 89  0  0
 2  0      0 4765076  17172 1103196    0    0     0     8 19236 31699  2 11 87  0  0
 2  0      0 4765076  17180 1103584    0    0   328   420 20307 33207  2 13 85  0  0
 1  0      0 4765076  17196 1103644    0    0     0   268 19975 32780  2 10 87  0  0
 2  0      0 4735992  17216 1109796    0    0  6024  1260 24814 42076  9 19 68  4  0
 2  0      0 4715956  17216 1137152    0    0 27164    20 21438 36515  4 17 72  7  0
 0  1      0 4649188  17220 1203972    0    0 66440    20 21387 34796  3 15 70 13  0
 2  0      0 4605948  17296 1247436    0    0 42608   904 20945 34806  4 15 70 11  0
procs -----------memory---------- ---swap-- -----io---- -system-- ------cpu-----
 r  b   swpd   free   buff  cache   si   so    bi    bo   in   cs us sy id wa st
 2  0      0 4575904  17328 1261024    0    0 13228  1212 20019 33931 12 12 70  5  0
 3  0      0 4518224  17328 1309796    0    0 48652    40 20073 33236  4 13 72 11  0
 1  0      0 4376240  17332 1310696    0    0   972    28 19109 31471 16 13 71  1  0
 3  0      0 4362884  17344 1313624    0    0  2564    32 19394 32052 17 11 71  2  0
 2  0      0 4348292  17376 1316588    0    0  2740   240 20613 34392 16 12 70  2  0
 7  0      0 4332920  17380 1317648    0    0   856    32 19260 31980 15 12 72  1  0
 2  0      0 4317800  17396 1319420    0    0  1660    64 19433 32178 16 12 71  1  0
 1  0      0 4202640  17412 1353796    0    0 22432    44 24390 37760  8 17 69  6  0
 3  0      0 4172704  17472 1360428    0    0  6564     8 17786 31329 14 13 71  3  0
 5  1      0 4141204  17520 1390900    0    0 30260   296 19793 32473  9 12 70  9  0
 1  0      0 4130128  17576 1394724    0    0  3728    32 20339 33622 16 11 70  2  0
 2  1      0 4118536  17616 1397764    0    0  2863    32 18953 31760 16 12 70  2  0
 2  0      0 4106696  17684 1401236    0    0  3460    28 19277 32039 15 13 70  2  0
 1  0      0 4098872  17744 1404656    0    0  3368    20 18870 31979 15 12 71  2  0
 1  0      0 3991196  17796 1411532    0    0  6568   188 20476 33816 15 13 70  2  0
 1  0      0 3810700  17832 1442620    0    0 31044   364 19843 32582  9 12 71  8  0
 3  0      0 3795580  17880 1450792    0    0  8128   340 18493 31654 15 12 70  3  0
 1  0      0 3743236  17880 1459288    0    0  3096    16 19519 32335 12 12 74  3  0
 1  0      0 3740212  17880 1462308    0    0     0    28 19690 33051 13 13 71  2  0
 2  0      0 3733700  17900 1466796    0    0  1436   420 21090 35138 13 15 69  3  0
 2  0      0 3700156  17920 1471576    0    0     0  1152 24309 41787 19 20 57  4  0
procs -----------memory---------- ---swap-- -----io---- -system-- ------cpu-----
 r  b   swpd   free   buff  cache   si   so    bi    bo   in   cs us sy id wa st
 2  0      0 3629600  17944 1477840    0    0   104   712 20592 35331 23 17 57  3  0
 3  0      0 3518672  17944 1480416    0    0     0    44 18522 31352 27 13 58  2  0
 2  0      0 3472540  17944 1480924    0    0     0   612 14740 26938 33 11 56  0  0
 1  0      0 4165156  17944 1481252    0    0     0   680 17201 30638 26 15 59  0  0
 1  0      0 4148304  17944 1481460    0    0     0    44 19245 32019 17 12 71  0  0
 2  0      0 4135996  17956 1481572    0    0     0   312 19124 32321 20 13 67  0  0
 2  0      0 4049992  17972 1481808    0    0     0   460 20440 34171 16 15 68  0  0
 2  0      0 3998588  17992 1482676    0    0   524  1152 23080 40081 24 19 54  2  0
 2  0      0 3988764  18016 1485200    0    0     0   672 17974 32343 27 16 56  1  0
 4  0      0 3852136  18016 1485588    0    0     0    28 15628 28637 34 11 55  0  0
 2  0      0 3791792  18016 1486028    0    0     0   312 14841 27227 33 11 56  0  0
 3  0      0 3578412  18020 1486716    0    0     4    68 14899 27291 31 12 57  0  0
 3  0      0 3515008  18020 1487204    0    0     0    32 15182 27824 33 11 56  0  0
 3  0      0 3470756  18032 1490144    0    0  1496  1204 18428 32446 28 12 57  3  0
 2  0      0 3352444  18040 1507812    0    0  2052    48 22882 34916 22 15 59  4  0
 3  1      0 2927084  18040 1549760    0    0 40620    40 19637 32976 18 17 57  8  0
 3  0      0 2895748  18040 1556044    0    0  2048    76 19909 32843 19 14 63  4  0
 1  0      0 2824912  18040 1566252    0    0  5204    68 18754 31513 19 15 63  4  0
 2  1      0 2811556  18048 1570308    0    0     0   332 19182 31765 18 13 65  4  0
 5  0      0 2842080  18068 1573832    0    0     4   236 18043 30990 26 12 60  2  0
 2  0      0 3496100  18068 1576152    0    0     0    36 17198 30077 23 15 61  1  0
procs -----------memory---------- ---swap-- -----io---- -system-- ------cpu-----
 r  b   swpd   free   buff  cache   si   so    bi    bo   in   cs us sy id wa st
 1  0      0 3487548  18068 1578744    0    0     0    24 20515 32824 10 13 75  1  0
 1  0      0 3474816  18068 1581488    0    0     0    64 19614 32167 10 12 77  1  0
 1  0      0 3464764  18068 1584092    0    0     0    20 20051 32995 10 13 75  1  0
 1  0      0 3452472  18076 1586696    0    0     0   204 19959 32472  9 13 77  2  0
 2  1      0 3443008  18076 1589700    0    0     0   148 20789 33460 10 12 76  1  0
 3  0      0 3432284  18076 1592896    0    0     0   240 20155 32461 10 13 76  1  0
 1  0      0 4248336  18076 1592944    0    0     0   148 18829 31396 14 17 69  0  0
 2  0      0 4248336  18076 1592996    0    0     0     0 19141 31401  2 13 86  0  0
 0  0      0 4248084  18088 1593048    0    0     0   244 19935 32688  2 11 87  0  0
 0  0      0 4248084  18088 1593112    0    0     0    44 19076 31290  2 11 87  0  0
 0  0      0 4247832  18088 1593152    0    0     0   100 19028 31468  2 11 87  0  0
 1  0      0 4247832  18088 1593196    0    0     0    16 19558 31883  2 12 87  0  0
 2  0      0 4247584  18088 1593256    0    0     0   644 20241 33603  1 10 88  0  0
 0  0      0 4247332  18096 1593316    0    0     0   192 19574 31907  1 11 88  0  0
 0  0      0 4247080  18096 1593356    0    0     0    20 19700 32443  1 12 87  0  0
 0  0      0 4247080  18096 1593424    0    0     0   140 19116 31668  2 11 87  0  0
 1  0      0 4238764  18096 1601664    0    0     0    60 19793 32546  3 12 85  0  0
 1  0      0 4238764  18096 1601704    0    0     0    48 18953 31423  1 12 87  0  0
 1  0      0 4238764  18104 1601768    0    0     0   220 20298 33328  2 11 87  0  0
 0  0      0 4238764  18104 1601816    0    0     0    12 19418 31877  1 12 87  0  0
 3  0      0 4238764  18104 1601872    0    0     0   136 19791 32003  2 11 87  0  0
procs -----------memory---------- ---swap-- -----io---- -system-- ------cpu-----
 r  b   swpd   free   buff  cache   si   so    bi    bo   in   cs us sy id wa st
 0  0      0 4238764  18104 1601924    0    0     0    20 19107 31477  1 11 88  0  0
 4  0      0 4238764  18104 1601980    0    0     0    48 19856 32577  2 10 88  0  0
 0  0      0 4238764  18112 1602040    0    0     0   252 20251 32999  2 11 87  0  0
 0  0      0 4238764  18112 1602096    0    0     0    12 18591 31053  1 11 88  0  0
 0  0      0 4238512  18112 1602144    0    0     0   108 20603 33598  2 12 86  0  0
 0  0      0 4238512  18112 1602192    0    0     0    44 19851 32679  2 12 86  0  0
 0  0      0 4238512  18112 1602236    0    0     0    52 19172 31364  2 10 88  0  0
 0  0      0 4238260  18120 1602304    0    0     0   600 20267 33355  2 12 86  0  0
 0  0      0 4238260  18120 1602352    0    0     0    28 18949 31007  2 11 87  0  0
 0  0      0 4238260  18120 1602400    0    0     0    40 19850 32276  1 10 89  0  0
 1  0      0 4238008  18120 1602448    0    0     0    20 18689 30892  1 10 89  0  0
 2  0      0 4238008  18120 1602500    0    0     0    72 18952 31111  2 11 87  0  0
 0  0      0 4238008  18128 1602568    0    0     0   168 19898 33078  3 12 86  0  0
 0  0      0 4238008  18128 1602608    0    0     0    24 19224 31415  2 10 88  0  0
 1  0      0 4237756  18128 1602660    0    0     0   152 18949 31206  2 11 87  0  0
 0  0      0 4237252  18128 1602712    0    0     0    96 19571 32278  3 13 85  0  0
 1  0      0 4237252  18128 1602764    0    0     0   128 19236 31550  1 11 88  0  0
 0  0      0 4237252  18140 1602820    0    0     0   236 19789 32973  2 10 88  0  0
 0  0      0 4237252  18140 1602872    0    0     0    20 19012 31491  2 10 89  0  0
 0  0      0 4237252  18140 1602920    0    0     0    20 19442 32004  2 11 87  0  0
 0  0      0 4237000  18140 1602968    0    0     0    44 19043 31681  1 11 88  0  0
procs -----------memory---------- ---swap-- -----io---- -system-- ------cpu-----
 r  b   swpd   free   buff  cache   si   so    bi    bo   in   cs us sy id wa st
 0  0      0 4236748  18140 1603000    0    0     0    24 19050 31507  1 11 88  0  0
 0  0      0 4236748  18148 1603052    0    0     0   716 19890 32795  1 12 86  0  0
 0  0      0 4236748  18148 1603104    0    0     0    28 19554 32444  2 11 87  0  0
 0  0      0 4236748  18148 1603164    0    0     0    16 18791 31111  1 11 88  0  0
 1  0      0 4236244  18148 1603208    0    0     0    64 20070 32981  4 12 85  0  0
