procs -----------memory---------- ---swap-- -----io---- -system-- ------cpu-----
 r  b   swpd   free   buff  cache   si   so    bi    bo   in   cs us sy id wa st
 2  0      0 3926780 143972 2366608    0    0     7    41    1    3  2 10 87  1  0
 1  0      0 3927428 143972 2366652    0    0     0     0 9143 16055 14 12 75  0  0
 0  0      0 3927428 143972 2366672    0    0     0     0 5289 8366  1  4 95  0  0
 1  0      0 3927428 143980 2366684    0    0     0   120 5474 8357  2  5 94  0  0
 0  0      0 3927176 143980 2366704    0    0     0   104 6154 9940  1  6 93  0  0
 0  0      0 3927176 143980 2366736    0    0     0    12 6024 9763  1  5 94  0  0
 0  0      0 3927176 143980 2366756    0    0     0    36 5263 8756  1  5 94  0  0
 0  0      0 3927176 143980 2366780    0    0     0     0 6028 9845  1  4 94  0  0
 1  0      0 3927176 143984 2366804    0    0     0    88 4695 7665  2  4 94  0  0
 0  0      0 3926928 143984 2366832    0    0     0    76 5712 9231  1  5 93  0  0
 0  0      0 3926928 143984 2366856    0    0     0    56 5161 8258  1  4 95  0  0
 0  0      0 3926928 143984 2366876    0    0     0    64 5108 8389  2  4 94  0  0
 0  0      0 3926928 143984 2366888    0    0     0     4 5658 8971  1  4 95  0  0
 0  0      0 3926928 143988 2366912    0    0     0   248 5976 9712  1  4 95  0  0
 0  0      0 3926424 143988 2366936    0    0     0     4 5029 7837  1  5 95  0  0
 0  0      0 3926424 143988 2366960    0    0     0    96 5369 8604  1  4 95  0  0
 0  0      0 3926424 143988 2366992    0    0     0     4 6816 11282  2  4 94  0  0
 0  0      0 3926424 143988 2367020    0    0     0    56 5764 9361  1  6 93  0  0
 0  0      0 3926424 143988 2367048    0    0     0    84 5692 9329  1  5 93  0  0
 0  0      0 3926424 143988 2367064    0    0     0     0 4713 7695  1  5 95  0  0
 3  0      0 3925452 143992 2367124    0    0     0   264 7566 12044  5  9 86  0  0
procs -----------memory---------- ---swap-- -----io---- -system-- ------cpu-----
 r  b   swpd   free   buff  cache   si   so    bi    bo   in   cs us sy id wa st
 0  0      0 3902960 144008 2367520    0    0     0  1084 12928 21792 11 15 73  2  0
 1  0      0 3903420 144032 2368856    0    0     0   600 9003 14445 10 13 77  0  0
 1  0      0 3765752 144032 2369092    0    0     0   592 7178 10665 16  7 77  0  0
 1  0      0 3705596 144032 2369148    0    0     0   292 7063 10543 16  6 78  0  0
 1  0      0 3702584 144032 2369348    0    0     0    16 7317 10756 17  5 78  0  0
 3  0      0 3688672 144032 2369632    0    0     0   116 6898 10475 16  5 79  0  0
 1  0      0 3671488 144044 2369828    0    0     0   284 7436 11521 17  6 78  0  0
 3  0      0 3656296 144044 2369920    0    0     0     0 6766 9905 17  5 78  0  0
 1  0      0 3649768 144044 2370140    0    0     0    92 6599 9994 17  5 78  0  0
 1  0      0 3638176 144044 2370248    0    0     0     4 6524 9785 17  5 78  0  0
 1  0      0 3634428 144044 2370444    0    0     0    80 6688 10264 17  5 78  0  0
 4  0      0 3540948 144044 2383048    0    0     0   600 10343 13842 12 10 76  2  0
 1  0      0 3508460 144044 2383340    0    0     0    36 6144 9308 15  6 78  0  0
 3  0      0 3504932 144044 2383440    0    0     0     0 6861 10186 17  5 78  0  0
 1  0      0 3494372 144072 2383596    0    0     0   420 8376 12889 19  8 74  0  0
 2  0      0 3455248 144084 2384056    0    0     0  1068 12518 20870 26 14 58  2  0
 2  0      0 3455300 144108 2386016    0    0     0   736 10680 18166 26 14 59  1  0
 2  0      0 3323276 144108 2386280    0    0     0     8 5288 8361 31  7 62  0  0
 2  0      0 3247988 144108 2386416    0    0     0     0 5408 8425 32  6 62  0  0
 3  0      0 3234648 144108 2386676    0    0     0   616 5399 8516 32  5 62  0  0
 2  0      0 2948180 144108 2387864    0    0     0    16 6046 9147 26  9 64  0  0
procs -----------memory---------- ---swap-- -----io---- -system-- ------cpu-----
 r  b   swpd   free   buff  cache   si   so    bi    bo   in   cs us sy id wa st
 2  0      0 2919640 144112 2392488    0    0     0   380 7233 10614 26  7 66  1  0
 2  0      0 2895740 144112 2396784    0    0     0  2848 8488 11965 26  8 65  1  0
 1  0      0 2870420 144112 2401180    0    0     0     8 8112 11575 27  6 66  0  0
 2  1      0 2843304 144112 2405852    0    0     0     4 8064 11461 25  9 66  0  0
 2  0      0 2822664 144112 2409752    0    0     0    56 8675 12815 27  7 66  0  0
 2  0      0 2797912 144120 2414472    0    0     0   572 8553 13025 28  7 65  1  0
 2  0      0 2667912 144120 2431364    0    0     0    56 11923 15402 22 12 64  2  0
 4  0      0 2649268 144120 2431620    0    0     0     4 5150 8147 34  4 62  0  0
 2  0      0 2643988 144120 2431732    0    0     0    40 5747 9208 33  5 62  0  0
 3  0      0 2646560 144120 2431832    0    0     0     8 5241 8332 33  4 63  0  0
 1  0      0 3416112 144128 2431956    0    0     0   524 7546 11893 22 12 65  1  0
 3  0      0 3407040 144128 2432092    0    0     0   168 7321 11096 17  5 78  0  0
 1  0      0 3405028 144128 2432168    0    0     0    28 6713 10047 17  5 78  0  0
 1  0      0 3396220 144128 2432304    0    0     0   308 6967 10595 17  5 79  0  0
 2  0      0 3135388 144128 2432952    0    0     0     8 6604 10050 14  6 80  0  0
 1  0      0 2924836 144132 2437052    0    0     0   400 7859 12271 15  7 77  1  0
 1  0      0 2908572 144132 2444244    0    0     0   120 5780 8729 15  5 80  0  0
 0  0      0 2855768 144132 2450108    0    0     0    52 7076 10697 13  6 81  0  0
 1  0      0 2819324 144132 2454748    0    0     0    12 6303 9445 14  5 81  0  0
 1  0      0 2789724 144132 2457824    0    0     0 16764 7929 12092 16  5 79  0  0
 1  0      0 2750740 144132 2461216    0    0     0   636 7471 10964 16  4 79  1  0
procs -----------memory---------- ---swap-- -----io---- -system-- ------cpu-----
 r  b   swpd   free   buff  cache   si   so    bi    bo   in   cs us sy id wa st
 1  0      0 2638272 144132 2469880    0    0     0 11152 7930 11241 13  6 80  0  0
 1  0      0 2530408 144132 2476204    0    0     0   128 8138 11832 16  6 79  0  0
 1  0      0 2424440 144132 2482100    0    0     0    16 7334 10762 14  6 79  0  0
 1  0      0 2276684 144132 2489320    0    0     0    16 6637 9788 14  5 80  0  0
 1  0      0 2220888 144140 2499940    0    0     0   436 7696 12347 16  6 77  1  0
 1  0      0 2076876 144140 2508844    0    0     0    36 7053 10473 15  7 78  0  0
 2  0      0 1956132 144140 2515200    0    0     0    40 6736 10164 14  9 77  0  0
 2  0      0 1850760 144144 2525788    0    0     0    84 7095 10434 15 10 75  0  0
 1  0      0 1714928 144144 2533964    0    0     0    20 6676 9889 11  9 79  1  0
 2  0      0 1664100 144148 2543308    0    0     0   604 6616 9941 14  7 79  1  0
 1  0      0 1561964 144148 2547328    0    0     0    24 6073 9471  8 12 79  0  0
 1  0      0 1512948 144148 2558360    0    0     0    32 6483 9837 13  9 78  0  0
 1  0      0 1355076 144148 2563140    0    0     0    80 6420 9688 11 10 79  0  0
 0  1      0 1326408 144148 2570176    0    0     0    44 6912 10789 12  9 79  0  0
 2  0      0 1230960 144156 2573596    0    0     0   172 7267 11789 11 11 78  0  0
 1  0      0 1068576 144156 2578600    0    0     0    12 7238 10743 13 11 76  0  0
 2  0      0 1006908 144156 2584696    0    0     0    40 7715 11554 12  9 78  0  0
 3  0      0 953900 144156 2588776    0    0     0    72 6560 10048 10 11 79  0  0
 2  1      0 848960 144156 2593940    0    0     0 60536 7534 11827 13 10 77  1  0
 0  3      0 751756 144156 2598684    0    0     0   472 7471 11016 10 11 77  2  0
 0  1      0 753788 144160 2606408    0    0     0    56 7967 11939 12  6 68 14  0
procs -----------memory---------- ---swap-- -----io---- -system-- ------cpu-----
 r  b   swpd   free   buff  cache   si   so    bi    bo   in   cs us sy id wa st
 1  0      0 719504 144160 2610160    0    0     0    48 6710 10014 15  6 79  0  0
 1  0      0 714076 144160 2614100    0    0     0    96 5679 8692 16  4 80  0  0
 1  0      0 708156 144160 2618348    0    0     0 32660 6077 9298 13  6 81  0  0
 1  0      0 629260 144164 2623328    0    0     0   228 8065 12423 13  9 77  1  0
 1  0      0 522948 144164 2634596    0    0    72   236 8575 12483 13  6 80  1  0
 2  0      0 389400 144164 2644964    0    0     0    60 7709 11185 12  9 79  1  0
 1  0      0 2362920 143852 2628540    0    0    68    20 5939 9261 14 14 72  0  0
 1  0      0 2726136 143852 2628552    0    0     0    64 5683 9062 17  5 79  0  0
 1  0      0 2725888 143860 2628572    0    0     0   184 5990 9911 19  3 78  0  0
 1  0      0 3065440 143860 2628600    0    0     0     0 6177 9459 16  6 79  0  0
 2  0      0 3668292 143864 2628608    0    0     4    16 5599 8825  1  9 90  0  0
 1  0      0 3659856 143864 2628640    0    0     0    44 5739 8682  3  5 92  0  0
