2026-07-14 20:20:43.997 procs -----------memory---------- ---swap-- -----io---- -system-- ------cpu-----
2026-07-14 20:20:44.000 r  b   swpd   free   buff  cache   si   so    bi    bo   in   cs us sy id wa st
2026-07-14 20:20:44.003 4  0      0 3909480  69084 2096684    0    0     6    33    7    7  2  9 89  0  0
2026-07-14 20:20:44.998 2  0      0 3906484  69088 2096776    0    0     0  1260 23651 40501  4 16 78  2  0
2026-07-14 20:20:45.998 0  0      0 3905796  69088 2096852    0    0     0   160 23205 39410  2 14 83  0  0
2026-07-14 20:20:46.998 0  0      0 3905556  69088 2096904    0    0     0     0 22989 39199  2 16 82  0  0
2026-07-14 20:20:47.997 1  0      0 3905068  69088 2096980    0    0     0     0 22819 38741  2 15 84  0  0
2026-07-14 20:20:48.999 4  0      0 3907084  69088 2097076    0    0     0     0 23098 39644  3 16 81  0  0
2026-07-14 20:20:50.000 1  0      0 3906860  69096 2097168    0    0     0   588 22621 38371  2 15 83  1  0
2026-07-14 20:20:51.000 0  0      0 3906608  69096 2097252    0    0     0   644 23520 39730  2 15 83  0  0
2026-07-14 20:20:52.000 0  0      0 3906360  69096 2097324    0    0     0     0 24033 40489  2 17 81  0  0
2026-07-14 20:20:53.001 1  0      0 3905888  69096 2097420    0    0     0     0 23882 40164  4 14 82  0  0
2026-07-14 20:20:54.000 2  0      0 3905888  69104 2097504    0    0     0   484 23553 40241  2 15 82  1  0
2026-07-14 20:20:55.002 3  0      0 3883828  69112 2097624    0    0     0   908 26011 44805  8 20 70  2  0
2026-07-14 20:20:56.002 1  0      0 3883272  69120 2098880    0    0     0  1988 24552 43527 10 23 66  1  0
2026-07-14 20:20:57.003 1  0      0 3775276  69120 2099348    0    0     0   188 22955 38813 16 18 66  0  0
2026-07-14 20:20:58.004 1  0      0 3708808  69120 2099456    0    0     0     0 22427 38394 17 15 68  0  0
2026-07-14 20:20:59.003 4  0      0 3696484  69120 2099916    0    0     0     0 22718 39496 19 16 65  0  0
2026-07-14 20:21:00.004 2  0      0 3672304  69120 2100088    0    0     0    72 22615 38559 17 15 68  0  0
2026-07-14 20:21:01.003 2  0      0 3663248  69128 2100284    0    0     0   488 22898 39471 17 17 66  0  0
2026-07-14 20:21:02.005 2  0      0 3599628  69132 2100676    0    0     0  1796 25888 43816 18 20 60  2  0
2026-07-14 20:21:03.003 2  0      0 3545648  69160 2115180    0    0     0  1484 27809 47606 23 28 48  2  0
2026-07-14 20:21:04.006 2  0      0 3419708  69160 2115848    0    0     0     0 17401 32951 34 14 52  0  0
2026-07-14 20:21:05.006 procs -----------memory---------- ---swap-- -----io---- -system-- ------cpu-----
2026-07-14 20:21:05.009 r  b   swpd   free   buff  cache   si   so    bi    bo   in   cs us sy id wa st
2026-07-14 20:21:05.012 5  0      0 3339192  69160 2116136    0    0     0    40 17406 33114 34 14 52  0  0
2026-07-14 20:21:06.006 4  0      0 3317808  69160 2116644    0    0     0     0 18356 34373 34 15 52  0  0
2026-07-14 20:21:07.007 2  0      0 3293376  69160 2117000    0    0     0   432 19459 36632 33 14 53  0  0
2026-07-14 20:21:08.006 3  0      0 3263084  69164 2117336    0    0     0   824 19294 36148 32 15 52  1  0
2026-07-14 20:21:09.008 2  0      0 3016888  69164 2118084    0    0     0     4 21720 37471 30 18 52  0  0
2026-07-14 20:21:10.008 1  0      0 2550184  69164 2132568    0    0     0     0 24078 39358 22 20 55  3  0
2026-07-14 20:21:11.008 2  1      0 2478664  69164 2141148    0    0     0  2748 25543 41363 19 20 56  5  0
2026-07-14 20:21:12.009 4  0      0 2458048  69164 2145516    0    0     0    16 23749 38692 22 16 59  3  0
2026-07-14 20:21:13.009 6  0      0 2441336  69172 2151012    0    0     0  1584 25470 41391 18 17 61  3  0
2026-07-14 20:21:14.010 6  0      0 2427136  69172 2156280    0    0     0    12 23515 38780 18 17 62  3  0
2026-07-14 20:21:15.008 1  1      0 2415248  69180 2161684    0    0     0   436 23728 39668 22 20 56  3  0
2026-07-14 20:21:16.011 2  0      0 2365732  69192 2168752    0    0     0  1432 25407 43755 24 24 47  5  0
2026-07-14 20:21:17.011 3  0      0 2346692  69216 2176408    0    0     0   772 22406 39606 27 22 47  3  0
2026-07-14 20:21:18.012 5  0      0 2207852  69216 2182004    0    0     0   224 20127 34892 35 17 45  3  0
2026-07-14 20:21:19.012 4  0      0 2172912  69216 2187012    0    0     0   436 20160 34872 38 17 42  3  0
2026-07-14 20:21:20.012 5  0      0 2762888  69216 2187620    0    0     0     0 16155 30512 48 15 37  0  0
2026-07-14 20:21:21.011 1  0      0 3566260  69216 2187820    0    0     0    12 19002 35711 19 20 61  0  0
2026-07-14 20:21:22.014 4  0      0 3556324  69224 2187964    0    0     0   564 19493 36563 18 14 68  0  0
2026-07-14 20:21:23.014 2  0      0 3455560  69224 2201020    0    0     0    52 26413 42459 11 19 68  1  0
2026-07-14 20:21:24.015 1  0      0 3058812  69224 2206060    0    0     0   360 24893 41376 13 20 66  1  0
2026-07-14 20:21:25.015 1  0      0 3017384  69224 2211224    0    0     0   264 24215 40791 15 14 70  1  0
2026-07-14 20:21:26.015 procs -----------memory---------- ---swap-- -----io---- -system-- ------cpu-----
2026-07-14 20:21:26.018 r  b   swpd   free   buff  cache   si   so    bi    bo   in   cs us sy id wa st
2026-07-14 20:21:26.021 1  0      0 2993824  69224 2215924    0    0     0     4 24074 40410 14 17 68  2  0
2026-07-14 20:21:27.014 0  0      0 2946780  69232 2221668    0    0     0   616 25234 41517 14 16 68  2  0
2026-07-14 20:21:28.017 2  0      0 2910640  69232 2227024    0    0     0    12 23475 40567 14 15 70  1  0
2026-07-14 20:21:29.017 2  0      0 2859012  69232 2229928    0    0     0  1776 21102 38183 17 15 66  1  0
2026-07-14 20:21:30.016 1  0      0 2825516  69232 2236232    0    0     0   424 21492 37998 14 15 69  1  0
2026-07-14 20:21:31.018 2  0      0 2733904  69232 2243100    0    0     0    48 22093 38569 14 14 71  1  0
2026-07-14 20:21:32.016 2  0      0 2638620  69240 2248892    0    0     0   920 25593 42906 16 17 64  2  0
2026-07-14 20:21:33.019 2  0      0 2440700  69240 2254276    0    0     0   108 22268 39153 16 15 68  1  0
2026-07-14 20:21:34.019 2  0      0 2379276  69240 2264048    0    0     0    44 25391 41790 15 17 67  1  0
2026-07-14 20:21:35.019 1  0      0 2279772  69240 2274012    0    0     0   404 23839 40284 14 15 69  1  0
2026-07-14 20:21:36.020 1  1      0 2148388  69240 2281432    0    0     0   324 23866 40329 16 20 63  1  0
2026-07-14 20:21:37.021 3  0      0 2018176  69244 2288496    0    0     0   604 24777 40991 15 18 66  1  0
2026-07-14 20:21:38.021 1  0      0 1939036  69244 2297824    0    0     0     0 23109 39038 14 15 69  1  0
2026-07-14 20:21:39.022 2  0      0 1837684  69244 2304564    0    0     0    12 24948 41273 13 22 64  1  0
2026-07-14 20:21:40.022 1  0      0 1770020  69244 2313260    0    0     0   192 25090 41201 13 19 67  1  0
2026-07-14 20:21:41.020 1  0      0 1666284  69244 2319764    0    0     0   716 23944 40622 13 20 67  1  0
2026-07-14 20:21:42.023 2  0      0 1609152  69252 2329000    0    0     0  2524 23458 40278 12 18 65  5  0
2026-07-14 20:21:43.024 1  0      0 1502012  69252 2333260    0    0     0   228 22532 39171 10 21 69  1  0
2026-07-14 20:21:44.024 6  0      0 1431616  69252 2339268    0    0     0     0 21577 38490 12 18 70  1  0
2026-07-14 20:21:45.024 2  0      0 1284776  69252 2343776    0    0     0    32 21434 37624 11 21 68  1  0
2026-07-14 20:21:46.025 2  0      0 1251320  69252 2348816    0    0     0   400 24441 40835 11 21 68  1  0
2026-07-14 20:21:47.025 procs -----------memory---------- ---swap-- -----io---- -system-- ------cpu-----
2026-07-14 20:21:47.028 r  b   swpd   free   buff  cache   si   so    bi    bo   in   cs us sy id wa st
2026-07-14 20:21:47.031 1  0      0 1164844  69256 2355164    0    0     0   872 21059 37541 13 17 68  2  0
2026-07-14 20:21:48.026 3  0      0 1048828  69256 2360212    0    0     0     0 21540 38263 13 17 69  1  0
2026-07-14 20:21:49.027 2  0      0 934580  69256 2366240    0    0     0     0 21158 38012 13 19 67  1  0
2026-07-14 20:21:50.027 3  0      0 822248  69256 2371516    0    0     0    24 21393 37556 13 17 70  1  0
2026-07-14 20:21:51.028 5  0      0 848064  69256 2378872    0    0     0   256 22264 38688 14 15 71  1  0
2026-07-14 20:21:52.036 14  0      0 827888  69260 2382832    0    0     0   844 22019 39080 16 15 69  1  0
2026-07-14 20:21:53.037 2  0      0 822288  69260 2385944    0    0     0    24 20408 36390 16 13 70  1  0
2026-07-14 20:21:54.037 2  0      0 732052  69260 2390740    0    0     0     0 25285 41468 12 17 70  1  0
2026-07-14 20:21:55.038 3  0      0 695092  69260 2398616    0    0     0     0 23152 39484 13 16 70  1  0
2026-07-14 20:21:56.038 4  0      0 600780  69260 2410144    0    0     0    64 23865 40156 12 16 70  2  0
2026-07-14 20:21:57.039 3  0      0 598480  69268 2386828    0    0     0  1484 20754 37295 13 19 57 11  0
2026-07-14 20:21:58.039 2  0      0 2909312  69268 2388532    0    0     0   204 19273 35107 15 15 70  0  0
2026-07-14 20:21:59.039 2  0      0 3717292  69268 2388580    0    0     0     0 24407 41370  7 21 71  0  0
2026-07-14 20:22:00.040 3  0      0 3717092  69268 2388656    0    0     0     0 22821 38576  2 15 84  0  0
2026-07-14 20:22:01.040 1  0      0 3716368  69268 2388716    0    0     0    12 23296 39564  2 16 82  0  0
