procs -----------memory---------- ---swap-- -----io---- -system-- ------cpu-----
 r  b   swpd   free   buff  cache   si   so    bi    bo   in   cs us sy id wa st
 2  0      0 867708 201232 5103752    0    0     6    28   15   39  2  6 91  1  0
 0  0      0 870208 201232 5103872    0    0     0   156 18258 31936 12 18 70  0  0
 0  0      0 869956 201232 5103928    0    0     0    64 15226 26047  3 13 85  0  0
 0  0      0 869956 201232 5103992    0    0     0     0 13869 23731  2 11 87  0  0
 1  0      0 869956 201232 5104084    0    0     0  2252 15973 27092  2 11 80  7  0
 1  0      0 869708 201232 5104152    0    0     0    48 15515 25185  2 12 86  0  0
 2  0      0 869484 201232 5104224    0    0     0   220 16297 25987  2 12 86  0  0
 0  0      0 869484 201232 5104304    0    0     0   100 13911 23015  2 12 86  0  0
 4  0      0 869484 201232 5104372    0    0     0     8 16934 27521  2 17 82  0  0
 0  0      0 869484 201236 5104408    0    0     0   320 15292 25654  2 10 88  1  0
 1  0      0 869484 201236 5104508    0    0     0    16 14530 24814  3 11 87  0  0
 1  0      0 869484 201236 5104584    0    0     0   216 12949 21746  1 10 89  0  0
 0  0      0 869232 201236 5104664    0    0     0   148 16074 27311  2 13 85  0  0
 2  0      0 869232 201236 5104704    0    0     0    24 15247 25972  2 12 85  0  0
11  0      0 869232 201240 5104780    0    0     0   568 15320 25344  3 12 82  4  0
 0  0      0 869232 201240 5104876    0    0     0    16 13298 21966  2  9 89  0  0
 1  0      0 869232 201240 5104900    0    0     0    92 15847 26827  2 13 85  0  0
 4  0      0 871904 201240 5105008    0    0     0   252 14832 25183  7 15 78  0  0
 1  0      0 865780 201240 5105084    0    0     0    72 18200 32292 14 18 68  0  0
 2  0      0 869844 201240 5105160    0    0     0   284 17873 31128 13 17 68  1  0
 2  0      0 869592 201240 5105208    0    0     0    16 15633 27161  5 15 80  0  0
procs -----------memory---------- ---swap-- -----io---- -system-- ------cpu-----
 r  b   swpd   free   buff  cache   si   so    bi    bo   in   cs us sy id wa st
 0  0      0 869592 201240 5105280    0    0     0    20 14109 23862  2  9 89  0  0
 1  0      0 869592 201240 5105388    0    0     0   128 15299 25311  2 12 87  0  0
 1  0      0 869592 201240 5105432    0    0     0   248 15655 26319  2 12 86  0  0
19  1      0 869592 201240 5105500    0    0     0   396 14627 24763  2 10 61 27  0
 1  3      0 869592 201240 5105568    0    0     0     0 11420 19007  1 11 60 28  0
 2  0      0 869592 201240 5105624    0    0     0   176 13940 22877  2 11 67 20  0
 4  0      0 858264 201244 5105736    0    0     0  1208 20770 34912 11 21 66  2  0
 1  0      0 855672 201244 5107748    0    0     0   912 19909 35223 12 21 67  0  0
 2  0      0 747592 201244 5108388    0    0   360    32 14628 26362 17 11 72  0  0
 4  0      0 658656 201244 5108700    0    0     0     4 14554 26230 17 10 73  0  0
 1  0      0 655152 201244 5108832    0    0     0   752 17955 29380 18 11 71  0  0
 1  0      0 646104 201244 5109296    0    0     0    64 17729 29610 17 11 72  0  0
 1  0      0 630676 201244 5109428    0    0     0   432 18072 30339 17 12 71  0  0
 2  0      0 615888 201244 5109620    0    0     0   484 18297 31045 21 14 65  0  0
 1  0      0 605480 201244 5109732    0    0     0   876 18950 37268 30 20 50  0  0
 3  0      0 596216 201260 5110168    0    0   236    28 16167 31457 28 17 55  0  0
 2  0      0 589676 201260 5110416    0    0     4    52 16276 30530 25 14 60  0  0
 1  0      0 581624 201260 5110668    0    0     0  1296 14895 27263 18  9 73  0  0
 1  0      0 480372 201260 5122708    0    0     8   104 20784 33299 15 17 67  1  0
 1  0      0 462984 201260 5122868    0    0     0    32 17523 29642 18 11 71  0  0
 1  0      0 457916 201260 5122948    0    0     0    40 17885 29559 17 12 71  0  0
procs -----------memory---------- ---swap-- -----io---- -system-- ------cpu-----
 r  b   swpd   free   buff  cache   si   so    bi    bo   in   cs us sy id wa st
 2  0      0 447868 201260 5123152    0    0     0    72 17845 29639 18 11 71  0  0
 4  0      0 444128 201260 5123364    0    0     0   400 18475 30950 18 12 69  1  0
 2  0      0 435068 201260 5123552    0    0     0   108 18015 30127 18 10 72  0  0
 4  0      0 435608 201260 5123784    0    0     0    80 18346 29985 18 11 71  0  0
 2  0      0 426788 201260 5123908    0    0     0     0 17929 30016 18 12 70  0  0
 1  0      0 189080 201260 5126644    0    0  1696    48 18071 30340 15 14 71  1  0
 1  0      0 143752 201260 5133452    0    0     0   828 20471 33252 15 14 69  2  0
 1  0      0 137604 201260 5137400    0    0     0   116 20937 34564 17 14 69  1  0
 1  0      0 112156 201260 5142620    0    0     0    88 17621 29927 14 12 73  1  0
 2  0      0 101632 201192 5127324    0    0   148    32 18416 30395 18 14 68  1  0
 3  0      0 121524 201192 5127160    0    0  1128  9424 18996 33718 30 20 45  5  0
 5  0      0 103980 201192 5127628    0    0    36   688 18136 34048 28 18 54  0  0
 3  0      0 118600 201192 5127744    0    0    16    68 17670 31651 23 13 65  0  0
 2  0      0 838328 201192 5128576    0    0   784   624 18400 31897 17 18 64  0  0
 1  0      0 838612 201192 5128696    0    0     0    64 15446 26043  2 12 86  0  0
 0  0      0 838492 201192 5128744    0    0     0     8 15753 27046  1 12 86  0  0
 0  0      0 838748 201192 5128832    0    0     0   960 16044 26963  3 12 85  1  0
 0  0      0 838748 201192 5128904    0    0     0    96 16261 27601  2 13 85  0  0
 1  0      0 838500 201192 5128960    0    0     0   144 15351 24808  2 13 85  0  0
 0  0      0 838500 201192 5129048    0    0     0    48 14012 23714  2 12 86  0  0
 1  0      0 838500 201192 5129088    0    0     0    24 16004 26980  2 13 85  0  0
procs -----------memory---------- ---swap-- -----io---- -system-- ------cpu-----
 r  b   swpd   free   buff  cache   si   so    bi    bo   in   cs us sy id wa st
 2  0      0 838500 201192 5129144    0    0     0   280 14732 24612  2 13 85  1  0
 0  0      0 838500 201192 5129260    0    0     0    96 15024 26044  2 12 86  0  0
 1  0      0 838500 201192 5129292    0    0     0   520 14822 24520  2 11 88  0  0
 1  0      0 838500 201192 5129396    0    0     0   944 15764 26023  3 12 86  0  0
 0  0      0 838500 201192 5129444    0    0     0    40 15462 25999  5 13 83  0  0
 2  0      0 838248 201192 5129560    0    0     0  1080 16736 26277  1 15 83  1  0
 1  0      0 838248 201192 5129612    0    0     0    36 15829 26513  3 13 84  0  0
 1  0      0 838420 201192 5129728    0    0     0    80 17486 30811 17 19 64  0  0
 4  0      0 846268 201192 5129772    0    0     0   128 17883 30753  9 16 75  0  0
 0  0      0 845088 201192 5129872    0    0     0    72 15368 25625  5 15 80  0  0
 0  0      0 845092 201192 5129932    0    0     0   300 17640 30749  8 16 76  0  0
 0  0      0 845092 201192 5130028    0    0     0    16 13793 23112  2  9 89  0  0
 0  0      0 851600 201192 5121860    0    0     0    80 16636 27310  2 14 84  0  0
 4  0      0 851600 201192 5121960    0    0     0   136 14095 24088  2 11 87  0  0
 0  0      0 851352 201192 5122052    0    0     0    80 14841 24688  2 10 88  0  0
 0  0      0 851100 201192 5122072    0    0     0   652 16103 27088  2 12 86  0  0
 1  0      0 851624 201192 5122168    0    0     0    12 15464 27112  3 13 84  0  0
 1  0      0 851624 201192 5122192    0    0     0    48 14845 25143  2 12 85  0  0
 1  0      0 851624 201192 5122284    0    0     0   148 15452 26399  1 11 87  0  0
 0  0      0 851624 201192 5122392    0    0     0   444 14134 24063  2 11 88  0  0
 1  0      0 851372 201196 5122420    0    0     0   296 16489 27333  2 13 85  1  0
procs -----------memory---------- ---swap-- -----io---- -system-- ------cpu-----
 r  b   swpd   free   buff  cache   si   so    bi    bo   in   cs us sy id wa st
 2  0      0 851120 201196 5122528    0    0     0    20 13777 22343  2 11 87  0  0
 0  0      0 851120 201196 5122600    0    0     0   540 14920 24559  2 12 86  0  0
 1  0      0 851120 201196 5122644    0    0     0   116 15376 26418  1 13 86  0  0
 0  0      0 849184 201196 5122744    0    0     0   100 14772 25156  4 12 84  0  0
 0  0      0 846236 201196 5122804    0    0     0   436 18798 33442 15 21 63  1  0
 0  0      0 842684 201196 5122908    0    0     0    12 16935 30042 13 17 70  0  0
 3  0      0 841968 201196 5122968    0    0     0    24 15269 26700  6 13 81  0  0
 0  0      0 844212 201196 5123040    0    0     0    72 16065 27996  7 15 78  0  0
 0  0      0 844212 201196 5123104    0    0     0   140 16389 27868  3 14 83  0  0
 6  0      0 844220 201200 5123188    0    0     0   628 14441 23802  2 11 85  2  0
 0  0      0 843972 201200 5123276    0    0     0     8 14772 25006  3 13 85  0  0
 0  0      0 843972 201200 5123304    0    0     0    20 15138 25604  2 12 86  0  0
22  0      0 843972 201200 5123384    0    0     0   536 14602 23833  2 13 84  0  0
 0  0      0 843972 201200 5123492    0    0     0   840 13505 22457  2 11 87  0  0
 2  0      0 843972 201200 5123532    0    0     0   504 17285 28765  3 16 81  1  0
 2  0      0 843972 201200 5123580    0    0     0    52 16895 27963  3 14 84  0  0
 0  0      0 843972 201200 5123700    0    0     0    12 14901 25075  3 11 87  0  0
 0  0      0 843972 201200 5123748    0    0     0    40 15575 26609  1 11 88  0  0
 2  0      0 843972 201200 5123836    0    0     0   168 14411 24479  2 11 87  0  0
 1  0      0 843972 201200 5123908    0    0     0   680 15069 24987  3 11 85  1  0
 1  0      0 842276 201200 5123972    0    0     0    52 16212 26799  4 15 81  0  0
procs -----------memory---------- ---swap-- -----io---- -system-- ------cpu-----
 r  b   swpd   free   buff  cache   si   so    bi    bo   in   cs us sy id wa st
 1  0      0 843732 201200 5124076    0    0     0    12 17965 32106 19 21 60  0  0
 0  0      0 843136 201200 5124116    0    0     0    16 17458 31003 13 18 69  0  0
 1  0      0 845364 201200 5124180    0    0     0   108 15256 25435  4 12 84  0  0
 0  0      0 845364 201200 5124272    0    0     0   676 15820 27053  4 15 81  0  0
 0  0      0 845116 201200 5124312    0    0     0    64 17505 29672  3 13 83  0  0
 4  0      0 845116 201200 5124368    0    0     0    24 14633 24118  2 10 89  0  0
 0  0      0 845116 201200 5124512    0    0     0    24 14339 24131  2 12 86  0  0
 1  0      0 845116 201200 5124524    0    0     0    12 15793 26240  2 13 85  0  0
 1  0      0 845116 201200 5124636    0    0     0   524 14359 23999  2 11 88  0  0
 9  0      0 842628 201200 5124716    0    0     0   652 19188 33819  9 21 70  1  0
 2  0      0 839104 201200 5126668    0    0     0  1356 16237 27837 10 20 69  1  0
 4  0      0 800340 201200 5131352    0    0  4280     8 14799 26841 15 13 70  1  0
 1  0      0 636744 201200 5131516    0    0     0   556 14402 26310 16 12 72  0  0
 2  0      0 629252 201200 5131832    0    0     0   144 15372 27779 19 10 71  0  0
 1  0      0 618680 201200 5132108    0    0     0   752 15591 28077 19 11 70  0  0
 1  0      0 606164 201200 5132404    0    0     0   424 14148 25704 17 10 73  0  0
 1  0      0 596472 201200 5132556    0    0     0    16 14302 25793 16 10 73  0  0
 2  0      0 583112 201200 5132612    0    0     0    16 17724 32401 32 20 49  0  0
 2  0      0 574276 201200 5134088    0    0  1276    68 17537 32714 25 19 55  0  0
 4  0      0 567244 201200 5134384    0    0     0   136 17242 30328 22 12 66  0  0
 1  0      0 559180 201200 5134576    0    0     0   416 14446 26898 21 12 68  0  0
procs -----------memory---------- ---swap-- -----io---- -system-- ------cpu-----
 r  b   swpd   free   buff  cache   si   so    bi    bo   in   cs us sy id wa st
 1  0      0 477700 201200 5134688    0    0     0    24 14647 26869 15 13 72  0  0
 1  0      0 460564 201200 5134880    0    0     0   372 13935 25736 17 10 73  0  0
 1  0      0 454264 201200 5135024    0    0     0   768 14772 26924 18 11 72  0  0
 1  0      0 443956 201200 5135224    0    0     0   212 15189 27636 19 10 71  0  0
 1  0      0 439672 201200 5135352    0    0     0   620 14254 25945 17 10 72  1  0
 1  0      0 430612 201200 5135544    0    0     0    28 14196 25828 18  9 73  0  0
 2  0      0 428848 201200 5135704    0    0     0    16 14359 26107 17 10 72  0  0
 1  0      0 420032 201200 5135860    0    0     0    20 15283 27838 18 11 71  0  0
 4  0      0 184324 201200 5138404    0    0  2020   136 14920 26804 16 14 69  0  0
 1  0      0 140596 201200 5141336    0    0     0   456 15085 27305 16 11 72  1  0
 2  0      0 138620 201200 5142940    0    0     0    76 15293 26770 17 11 72  0  0
 2  0      0 110272 201200 5145556    0    0     0    44 17770 29267 15 13 72  0  0
 1  0      0 103804 201164 5139388    0    0     0    32 18875 31320 16 13 70  0  0
 2  0      0 130828 201136 5133916    0    0     0  9696 20282 33658 18 14 68  0  0
 1  8      0 130948 201136 5134040    0    0     0   712 18068 30199 18 10 71  1  0
 2  0      0 130948 201136 5134080    0    0     0    96 18124 29819 18 11 70  1  0
 2  0      0 841012 201136 5134156    0    0     0    92 16775 28051  9 16 74  0  0
 1  0      0 844556 201140 5134444    0    0   164    20 18177 32617 17 21 62  0  0
 0  0      0 840856 201140 5134508    0    0    16    96 19370 33620 12 20 68  0  0
 3  0      0 840368 201140 5134588    0    0     0   368 14555 24947  5 13 82  0  0
 0  0      0 840368 201140 5134676    0    0     0    96 16020 27183  9 15 76  0  0
procs -----------memory---------- ---swap-- -----io---- -system-- ------cpu-----
 r  b   swpd   free   buff  cache   si   so    bi    bo   in   cs us sy id wa st
 0  0      0 840120 201140 5134736    0    0     0   116 14400 24368  2 11 87  0  0
 0  0      0 840120 201140 5134764    0    0     0   512 14719 25328  3 11 87  0  0
 1  0      0 840120 201140 5134864    0    0     0    48 17497 28986  3 14 82  0  0
 0  0      0 839872 201140 5134952    0    0     0   372 14238 23847  3 11 86  0  0
 0  0      0 839872 201140 5134976    0    0     0  1008 16439 27315  1 12 87  0  0
 0  0      0 839872 201140 5135088    0    0     0   144 14866 24708  2 12 86  0  0
 0  0      0 839872 201140 5135136    0    0     0     8 15292 25508  2 13 85  0  0
 1  0      0 839872 201140 5135232    0    0     0    16 15526 26159  2 12 86  0  0
 2  0      0 839872 201140 5135288    0    0     0   288 14761 24155  2 10 88  0  0
 0  0      0 839872 201140 5135376    0    0     0    84 15934 26884  3 14 83  0  0
 1  0      0 833192 201140 5135460    0    0     0   132 17603 31681 17 19 63  0  0
 3  0      0 834876 201140 5135528    0    0     0   184 17605 30731 12 19 69  0  0
 8  0      0 836596 201140 5135600    0    0     0   908 16239 27957  5 15 81  0  0
 0  0      0 836640 201144 5135664    0    0     0   636 16314 28233  6 15 78  0  0
 0  0      0 836392 201144 5135688    0    0     0   116 14665 24631  2 11 88  0  0
 4  0      0 836392 201144 5135832    0    0     0    68 15528 24998  2 12 86  0  0
 2  0      0 836392 201144 5135876    0    0     0   148 16100 27643  1 12 86  0  0
 1  0      0 836392 201144 5135952    0    0     0    36 14386 24678  2 11 87  0  0
 1  0      0 836392 201144 5136056    0    0     0   260 16390 26847  2 10 88  0  0
 1  0      0 836392 201144 5136120    0    0     0   576 15798 24526  2 14 84  0  0
 0  0      0 836392 201144 5136208    0    0     0   124 14595 23260  3 15 82  0  0
procs -----------memory---------- ---swap-- -----io---- -system-- ------cpu-----
 r  b   swpd   free   buff  cache   si   so    bi    bo   in   cs us sy id wa st
 1  0      0 836392 201144 5136228    0    0     0   164 15752 25931  2 14 84  0  0
 0  0      0 835668 201144 5136344    0    0     0    16 16407 27887  4 13 83  0  0
 0  0      0 835416 201144 5136364    0    0     0   400 15400 26343  2 12 85  0  0
20  0      0 831128 201144 5136444    0    0     0    64 18257 32310 16 22 62  0  0
 2  0      0 832276 201144 5136544    0    0     0   124 16942 30192 12 19 69  0  0
 5  0      0 832024 201144 5136636    0    0     0   132 15478 26364  4 12 84  0  0
 0  0      0 834336 201144 5136728    0    0     0    40 16444 27603  8 15 77  0  0
 0  1      0 834336 201144 5136740    0    0     0   368 15434 25501  1 14 85  0  0
 0  0      0 834336 201144 5136864    0    0     0    36 15404 25608  2 11 87  0  0
 0  0      0 834336 201144 5136932    0    0     0    80 13645 23570  1 12 87  0  0
 0  0      0 834088 201144 5136996    0    0     0   168 16615 28064  3 14 84  0  0
 2  0      0 833640 201144 5137076    0    0     0   584 16300 27107  3 12 85  0  0
 0  0      0 833640 201148 5137176    0    0     0    32 15279 25340  2 12 87  0  0
 0  0      0 833640 201148 5137184    0    0     0   332 14375 24157  2 13 85  0  0
 0  0      0 833464 201148 5137400    0    0    88    84 15778 26886  3 11 86  0  0
 3  0      0 833464 201148 5137436    0    0     0   180 15945 26386  3 13 85  0  0
 0  0      0 833224 201148 5137560    0    0     0    56 14725 25338  2 13 85  0  0
 1  0      0 833224 201148 5137596    0    0     0    48 15201 25242  2 12 86  0  0
 0  0      0 833224 201148 5137700    0    0     0   312 14226 23353  2 10 87  1  0
 0  0      0 833224 201148 5137748    0    0     0    32 15983 26379  2 14 84  0  0
13  0      0 833224 201148 5137820    0    0     0    92 14421 23783  4 12 84  0  0
procs -----------memory---------- ---swap-- -----io---- -system-- ------cpu-----
 r  b   swpd   free   buff  cache   si   so    bi    bo   in   cs us sy id wa st
 2  0      0 832972 201148 5137908    0    0     0   180 17287 29441  3 14 83  0  0
 8  0      0 832972 201148 5137940    0    0     0   588 15508 26065  2 13 85  0  0
 2  0      0 832972 201148 5138076    0    0     0   580 15418 25356  2 12 85  1  0
 0  0      0 832972 201148 5138088    0    0     0    72 15382 25252  2 12 86  0  0
 0  0      0 832972 201148 5138212    0    0     0    64 15735 26402  3 13 84  0  0
 0  0      0 832972 201148 5138292    0    0     0   100 15312 25933  2 10 88  0  0
 7  1      0 832972 201148 5138332    0    0     0   392 15663 26285  2 12 87  0  0
 1  0      0 832972 201152 5138420    0    0     0    16 15337 25828  2 11 86  0  0
 0  0      0 832972 201152 5138464    0    0     0    72 14438 23573  2 11 86  0  0
 0  0      0 832972 201152 5138564    0    0     0    60 16300 26359  1 11 87  0  0
 1  0      0 832720 201152 5138632    0    0     0    88 15690 26669  4 13 83  0  0
 0  0      0 832720 201152 5138680    0    0     0    64 16058 27253  2 12 86  0  0
 0  0      0 832720 201152 5138784    0    0     0   916 15197 25114  2 13 85  0  0
 0  0      0 832720 201152 5138856    0    0     0    52 14271 24450  2 10 89  0  0
 1  0      0 832720 201152 5138888    0    0     0    40 14838 25041  1 13 86  0  0
 1  0      0 832468 201152 5139000    0    0     0   100 16138 26195  2 14 84  0  0
 0  0      0 832468 201152 5139064    0    0     0    96 14222 23268  1 10 89  0  0
 0  0      0 832468 201152 5139144    0    0     0   304 14529 23701  3 13 83  1  0
 0  0      0 832468 201152 5139144    0    0     0    48 15897 27069  2 12 86  0  0
 1  0      0 832468 201152 5139280    0    0     0    56 15796 26151  2 12 85  0  0
 5  0      0 832468 201152 5139384    0    0     0   112 16753 28765  3 15 82  0  0
procs -----------memory---------- ---swap-- -----io---- -system-- ------cpu-----
 r  b   swpd   free   buff  cache   si   so    bi    bo   in   cs us sy id wa st
 2  0      0 832468 201152 5139432    0    0     0   560 14925 25752  2 10 88  0  0
 0  0      0 832468 201156 5139484    0    0     0   332 13956 23870  2 10 87  1  0
 3  0      0 832468 201156 5139540    0    0     0    48 15897 27080  2 13 85  0  0
 0  0      0 832468 201156 5139644    0    0     0    48 14491 24115  1 12 87  0  0
 0  0      0 832216 201156 5139724    0    0     0   412 15004 25181  2 12 86  0  0
 1  0      0 832216 201156 5139772    0    0     0   112 15472 26291  3 12 85  0  0
 5  0      0 819928 201156 5139836    0    0     0   308 15003 25766  4 11 85  0  0
