procs -----------memory---------- ---swap-- -----io---- -system-- ------cpu-----
 r  b   swpd   free   buff  cache   si   so    bi    bo   in   cs us sy id wa st
 7  0      0 4000744  21228 1627100    0    0    10     6    9   13  1  6 93  0  0
 0  0      0 4002580  21228 1627172    0    0     0    60 23496 41360 11 19 70  0  0
 0  0      0 4002332  21228 1627240    0    0     0     8 20889 35266  2 11 87  0  0
 0  0      0 4002332  21236 1627300    0    0     0   220 21674 36299  2 12 87  0  0
 3  0      0 4002084  21236 1627352    0    0     0    40 21438 36552  2 12 87  0  0
 4  0      0 4001832  21236 1627416    0    0     0   696 21977 36570  1 14 85  0  0
 1  0      0 4001832  21236 1627484    0    0     0   164 21636 36102  3 11 86  0  0
 1  0      0 4001832  21236 1627540    0    0     0     8 22459 37413  2 13 85  0  0
 0  1      0 4001832  21240 1627608    0    0     0   300 21521 36104  2 14 85  0  0
 1  0      0 4001580  21244 1627680    0    0     0    36 21739 36256  2 12 87  0  0
 1  0      0 4001580  21244 1627736    0    0     0   108 22101 36912  1 14 85  0  0
 2  0      0 4001580  21244 1627816    0    0     0   208 21509 35915  2 13 85  0  0
 0  0      0 4001580  21244 1627860    0    0     0    36 22083 36145  1 12 86  0  0
 0  1      0 4001332  21252 1627912    0    0     0   176 21471 36197  2 12 86  0  0
 2  0      0 4001332  21252 1627988    0    0     0    24 22107 36944  1 13 86  0  0
 2  0      0 4001080  21252 1628052    0    0     0   124 22198 36624  2 12 86  0  0
 0  0      0 4001080  21252 1628120    0    0     0    52 21492 35734  1 13 86  0  0
 0  0      0 4001080  21252 1628184    0    0     0   176 22108 36787  3 13 84  0  0
 0  1      0 4001080  21256 1628248    0    0     0   176 21820 36312  1 14 85  0  0
 0  0      0 4001080  21260 1628320    0    0     0    20 20873 34973  1 12 86  0  0
 3  0      0 4001080  21260 1628380    0    0     0   108 21593 36069  1 13 86  0  0
procs -----------memory---------- ---swap-- -----io---- -system-- ------cpu-----
 r  b   swpd   free   buff  cache   si   so    bi    bo   in   cs us sy id wa st
 1  0      0 4001080  21260 1628444    0    0     0    52 21656 36033  2 14 84  0  0
 0  0      0 4001080  21260 1628496    0    0     0    84 21271 35660  2 13 85  0  0
 0  1      0 4000828  21264 1628548    0    0     0   324 21007 35384  2 12 86  0  0
 1  0      0 4000108  21284 1628628    0    0     0   588 23616 39248  4 16 79  1  0
 2  0      0 3985056  21304 1629048    0    0     0  1212 26185 45432  8 21 69  2  0
 2  0      0 3974800  21324 1630608    0    0     0   928 22821 39466 12 19 68  1  0
 2  0      0 3841768  21324 1630780    0    0     0    36 22128 37044 16 16 68  0  0
 3  0      0 3794452  21324 1631000    0    0     0    48 21064 35375 17 13 70  0  0
 4  0      0 3784900  21324 1631320    0    0     0    16 21019 35478 17 14 69  0  0
 2  0      0 3767424  21324 1631572    0    0     0   132 21409 35933 16 14 70  0  0
 1  0      0 3754092  21328 1631668    0    0     0   360 20220 34810 18 13 69  0  0
 1  0      0 3347680  21328 1645552    0    0     0    56 24641 39352 10 18 71  1  0
 2  0      0 3243048  21328 1647564    0    0     0     8 21890 36758  9 16 74  1  0
 1  0      0 3223800  21328 1650916    0    0     0   256 23099 38372 10 15 74  2  0
 1  0      0 3210752  21328 1653592    0    0     0    44 21985 36453  9 15 75  1  0
 1  0      0 3199440  21344 1656740    0    0     4   896 22852 37222 10 15 74  2  0
 1  0      0 3187748  21364 1659600    0    0     0   556 23822 39299 13 18 68  2  0
 0  1      0 3158216  21380 1663212    0    0    28  1068 25267 44244 18 19 60  3  0
 1  1      0 3127756  21404 1667932    0    0     0   692 22896 39123 21 20 57  2  0
 1  1      0 2971780  21404 1670500    0    0     0   148 22069 37091 25 15 58  1  0
 3  0      0 2942044  21404 1674080    0    0     0   104 22225 37425 26 15 58  1  0
procs -----------memory---------- ---swap-- -----io---- -system-- ------cpu-----
 r  b   swpd   free   buff  cache   si   so    bi    bo   in   cs us sy id wa st
 2  0      0 2916532  21404 1677420    0    0     0    76 22147 36425 25 15 60  1  0
 2  0      0 2993048  21404 1678764    0    0     0    36 18511 33281 32 11 57  0  0
 2  0      0 3697768  21412 1678856    0    0     0   252 19509 34551 21 18 61  0  0
 2  0      0 3602712  21412 1690972    0    0     0    20 22907 37622 13 16 69  1  0
 2  0      0 3583840  21428 1691220    0    0     0   584 18417 33847 20 13 67  0  0
 3  0      0 3543728  21452 1691536    0    0     0  1204 22337 40884 26 21 51  2  0
 3  0      0 3536988  21476 1693944    0    0     0   772 19042 34949 27 18 55  1  0
 2  0      0 3405612  21476 1694272    0    0     0    20 17303 31649 33 14 54  0  0
 3  0      0 3344276  21476 1694540    0    0     0    24 17090 31426 33 12 55  0  0
 2  0      0 3088808  21476 1695216    0    0     0    24 17302 31569 31 15 54  0  0
11  0      0 3051148  21476 1698096    0    0     0   180 19156 33568 29 13 57  2  0
 4  1      0 3000080  21484 1703336    0    0     0   392 21370 36449 29 15 54  2  0
 4  0      0 2701692  21484 1706384    0    0     0    20 19429 34481 24 17 57  2  0
 1  1      0 2497956  21484 1711168    0    0     0  1792 21627 35958 20 16 60  4  0
 1  0      0 2420280  21484 1717092    0    0     0     4 22585 37474 19 16 62  3  0
 3  0      0 2433376  21484 1720904    0    0     0   100 21880 37183 21 18 58  3  0
 2  0      0 2415288  21492 1723468    0    0     0   444 20167 34458 23 15 60  2  0
 2  0      0 2712668  21492 1724788    0    0     0    64 17981 32246 26 13 60  1  0
 5  0      0 3096084  21492 1725920    0    0     0    20 21135 35644  9 16 73  1  0
 0  0      0 3088524  21492 1727544    0    0     0     4 22357 37022 10 15 74  1  0
 1  0      0 3077744  21492 1728636    0    0     0    48 21592 35852 10 12 76  1  0
procs -----------memory---------- ---swap-- -----io---- -system-- ------cpu-----
 r  b   swpd   free   buff  cache   si   so    bi    bo   in   cs us sy id wa st
 0  0      0 3068272  21500 1729900    0    0     0   212 21942 36136  9 15 74  1  0
 0  0      0 3060360  21500 1731380    0    0     0   176 22557 37773 10 14 75  1  0
 3  0      0 3057180  21500 1732236    0    0     0    24 19947 34506 14 14 71  1  0
 1  0      0 3871272  21500 1732256    0    0     0    60 18645 33072  7 18 75  0  0
 3  0      0 3870784  21500 1732336    0    0     0   492 22327 36957  3 15 82  0  0
 1  0      0 3870536  21508 1732388    0    0     0   400 21788 36614  2 12 86  0  0
 0  0      0 3870328  21508 1732444    0    0     0    52 22110 36784  2 13 85  0  0
 2  0      0 3870328  21508 1732512    0    0     0   152 22144 36767  1 14 84  0  0
 0  0      0 3870076  21508 1732572    0    0     0    20 22030 36702  1 12 86  0  0
 0  0      0 3870076  21508 1732648    0    0     0    24 21617 35662  1 12 87  0  0
 1  0      0 3869824  21516 1732704    0    0     0   196 21351 35644  2 12 86  0  0
 0  0      0 3869824  21516 1732768    0    0     0    56 22312 37483  2 14 84  0  0
 1  0      0 3869824  21516 1732840    0    0     0    48 21328 35579  1 12 86  0  0
 0  0      0 3869572  21516 1732904    0    0     0   132 21885 36342  2 13 85  0  0
 0  0      0 3869572  21516 1732960    0    0     0   312 22134 36995  3 14 84  0  0
 0  0      0 3869572  21524 1733012    0    0     0   212 21600 35871  2 13 85  0  0
 0  0      0 3869320  21524 1733088    0    0     0    56 22016 36506  2 12 87  0  0
 3  0      0 3869320  21524 1733172    0    0     0    36 21568 35923  2 13 86  0  0
 0  0      0 3869320  21524 1733228    0    0     0    56 21554 36225  2 14 84  0  0
 0  0      0 3869320  21524 1733292    0    0     0   148 21784 35776  2 12 86  0  0
 2  0      0 3869600  21532 1733364    0    0     0   236 23534 38392  2 14 84  0  0
procs -----------memory---------- ---swap-- -----io---- -system-- ------cpu-----
 r  b   swpd   free   buff  cache   si   so    bi    bo   in   cs us sy id wa st
 0  0      0 3869640  21536 1733404    0    0     4   112 22349 37361  1 14 84  0  0
 1  0      0 3869640  21536 1733484    0    0     0    44 22106 36684  2 14 84  0  0
 4  0      0 3869640  21536 1733540    0    0     0    36 20795 35429  2 13 85  0  0
 0  0      0 3869640  21536 1733608    0    0     0    48 22472 37354  3 15 83  0  0
 2  0      0 3869388  21544 1733684    0    0     0   352 21828 36309  1 12 86  0  0
 1  0      0 3869388  21544 1733748    0    0     0   492 21916 36398  1 11 87  0  0
 0  0      0 3869388  21544 1733808    0    0     0    80 21567 36113  2 12 86  0  0
 0  0      0 3869388  21544 1733876    0    0     0    40 21661 36351  1 12 86  0  0
 0  0      0 3869388  21544 1733928    0    0     0    36 21320 35565  1 13 86  0  0
 0  0      0 3869388  21552 1733976    0    0     0   180 21631 36125  2 14 84  0  0
 0  0      0 3869388  21552 1734040    0    0     0   156 22475 37283  2 12 85  0  0
 0  0      0 3869388  21552 1734112    0    0     0    40 21548 35702  2 12 85  0  0
 1  0      0 3868884  21552 1734180    0    0     0    52 21750 36212  1 14 85  0  0
 0  0      0 3868884  21552 1734248    0    0     0   108 22211 37261  3 14 84  0  0
 0  0      0 3868884  21556 1734320    0    0     0   632 21549 35873  2 13 85  0  0
 1  0      0 3868884  21556 1734384    0    0     0   112 21836 36097  1 13 86  0  0
 1  0      0 3868884  21556 1734452    0    0     0   172 22001 36364  1 13 86  0  0
 0  0      0 3868632  21556 1734504    0    0     0    60 21402 35974  2 13 86  0  0
 2  0      0 3868632  21556 1734564    0    0     0    20 22084 36671  2 13 85  0  0
 0  0      0 3868632  21564 1734624    0    0     0   232 21803 36552  2 13 85  0  0
 0  0      0 3868632  21564 1734696    0    0     0    24 21732 36712  2 14 84  0  0
procs -----------memory---------- ---swap-- -----io---- -system-- ------cpu-----
 r  b   swpd   free   buff  cache   si   so    bi    bo   in   cs us sy id wa st
 0  0      0 3868632  21564 1734772    0    0     0    36 21169 35674  1 12 86  0  0
 2  0      0 3868408  21568 1734828    0    0     0   160 21479 35844  2 12 86  0  0
 4  0      0 3868408  21568 1734888    0    0     0   472 22335 37168  2 13 85  0  0
 2  0      0 3858452  21580 1734944    0    0     0   192 21661 35905  3 13 84  0  0
