procs -----------memory---------- ---swap-- -----io---- -system-- ------cpu-----
 r  b   swpd   free   buff  cache   si   so    bi    bo   in   cs us sy id wa st
 3  0      0 3999336  37492 1870616    0    0     8    15   22   23  2  2 96  0  0
 2  0      0 4002696  37492 1870680    0    0     0    60 14925 25624 10 15 75  0  0
 3  0      0 4002448  37496 1870712    0    0     0   236 11980 19765  1  9 89  0  0
 3  0      0 4002448  37496 1870740    0    0     0   136 10330 17463  1  8 90  0  0
 0  0      0 4002196  37496 1870772    0    0     0   384 11116 18466  3  8 89  0  0
 0  0      0 4002196  37496 1870824    0    0     0    40 11088 18413  2  9 89  0  0
 0  0      0 4002196  37496 1870860    0    0     0    72 11453 19464  3  8 89  0  0
 2  0      0 4001948  37504 1870920    0    0     0   372 10215 17137  1  8 90  1  0
 0  0      0 4001948  37504 1870972    0    0     0    52 11244 18725  1  9 90  0  0
 0  0      0 4001948  37504 1871036    0    0     0    44 10829 17713  2  9 89  0  0
 0  0      0 4001948  37504 1871072    0    0     0    32 11889 19917  2  8 90  0  0
 0  0      0 4001948  37504 1871104    0    0     0    24 10585 17370  1  8 91  0  0
 0  0      0 4001948  37516 1871148    0    0     0   304 11764 19761  1  9 90  0  0
 0  0      0 4001696  37516 1871168    0    0     0    32 10414 17387  1  9 90  0  0
 0  0      0 4001696  37516 1871208    0    0     0   236 10823 18464  2  8 89  0  0
 0  0      0 4001696  37516 1871264    0    0     0    52 9700 16333  1  8 91  0  0
 0  0      0 4001696  37516 1871320    0    0     0     0 11413 19623  2  9 88  0  0
 0  0      0 4001696  37524 1871364    0    0     0   220 11265 18533  1  7 91  0  0
 2  0      0 4001216  37540 1871456    0    0     0   368 10447 16803  5 10 84  0  0
 3  0      0 3979064  37552 1871972    0    0     0  1316 17816 31588 12 20 66  2  0
 1  0      0 3965516  37568 1873500    0    0     0   852 14249 25324 13 13 73  1  0
procs -----------memory---------- ---swap-- -----io---- -system-- ------cpu-----
 r  b   swpd   free   buff  cache   si   so    bi    bo   in   cs us sy id wa st
 1  0      0 3804216  37568 1873596    0    0     0     8 11017 19419 16  9 75  0  0
 1  0      0 3780300  37568 1873816    0    0     0   884 10273 18042 16  8 76  0  0
 1  0      0 3775764  37568 1874084    0    0     0    44 11412 18256 15  9 75  0  0
 2  0      0 3770988  37568 1874296    0    0     0   144 13710 21875 17 10 73  0  0
 2  0      0 3752352  37576 1874468    0    0     0   312 12902 20530 16 10 74  0  0
 4  0      0 3745296  37576 1874516    0    0     0    32 13511 21788 19  7 74  0  0
 1  0      0 3736488  37576 1874852    0    0     0     4 13296 21488 19  9 72  0  0
 2  0      0 3721388  37576 1875016    0    0     0    76 13645 21546 18  9 73  0  0
 1  0      0 3718364  37576 1875148    0    0     0   164 13343 21441 19  9 72  0  0
 2  0      0 3708548  37584 1875288    0    0     0   428 14954 23505 18 10 71  1  0
 1  0      0 3703520  37596 1875544    0    0     0   332 14337 23450 21 12 68  0  0
 2  0      0 3660956  37620 1876212    0    0     0  1216 18344 31911 26 17 54  2  0
 5  0      0 3657648  37644 1878008    0    0     0   800 13893 23230 26 15 58  1  0
 2  0      0 3520408  37644 1878276    0    0     0   220 12615 20266 31 11 57  0  0
 3  0      0 3367124  37644 1890668    0    0     0   436 17064 25133 28 15 56  1  0
 2  0      0 2992968  37644 1892796    0    0     0   152 12287 20094 27 13 60  0  0
 2  0      0 2959772  37644 1897428    0    0     0  1864 12071 19879 28 11 60  0  0
 2  0      0 2939976  37656 1901604    0    0     0   632 11853 19810 26 10 63  1  0
 2  0      0 2904576  37656 1906280    0    0     0    96 12210 20351 28 10 62  0  0
 4  0      0 2882440  37692 1911188    0    0     0   508 14143 24039 30 14 55  1  0
 4  0      0 2830684  37712 1915432    0    0     0  1344 17237 31239 36 22 39  3  0
procs -----------memory---------- ---swap-- -----io---- -system-- ------cpu-----
 r  b   swpd   free   buff  cache   si   so    bi    bo   in   cs us sy id wa st
 3  0      0 2800664  37740 1922988    0    0     0   920 13219 22584 37 15 47  1  0
 3  0      0 2610920  37740 1925436    0    0     0    24 10159 18018 46  9 45  0  0
 3  0      0 2589512  37740 1925772    0    0     0    56 9288 16988 49 10 42  0  0
 8  0      0 3411260  37740 1926156    0    0     0    52 9612 17364 44 14 42  0  0
 7  0      0 3388368  37740 1926436    0    0     0    76 10389 18421 34  9 57  0  0
 2  0      0 3372368  37748 1926680    0    0     0   312 10426 18200 32  9 59  0  0
 2  0      0 3357516  37748 1926784    0    0     0    84 10149 17911 33  8 59  0  0
 2  0      0 2969172  37748 1940560    0    0     0    40 15323 23265 26 17 56  1  0
 2  0      0 2826164  37748 1942288    0    0     0    48 11734 19513 27 11 62  0  0
 2  0      0 2813328  37748 1944240    0    0     0    92 14081 23204 27 11 62  0  0
 2  0      0 2789148  37756 1946048    0    0     0 12552 11794 19812 28  9 63  0  0
 2  0      0 2775832  37768 1947656    0    0     0   748 13530 22370 29 12 57  2  0
 4  1      0 2734084  37776 1949292    0    0     0  7984 14906 26237 32 18 46  5  0
 3  0      0 2692836  37808 1953360    0    0     0  1576 14719 26275 35 20 44  1  0
 4  0      0 2660856  37816 1955060    0    0     0  2660 12627 21238 44 14 40  3  0
 5  0      0 2448584  37816 1956860    0    0     0    60 10534 18190 40 13 46  0  0
 3  0      0 2026552  37816 1959324    0    0     0    28 11838 19622 38 14 48  0  0
 3  0      0 1994060  37816 1962236    0    0     0  1748 10831 18212 43  8 49  0  0
 3  0      0 2846036  37816 1965340    0    0     0    60 10786 18818 32 11 57  0  0
 2  0      0 2807904  37828 1968200    0    0     0   520 11737 20517 28  8 64  0  0
 2  0      0 2778448  37828 1970748    0    0     0    72 10982 19095 28  8 65  0  0
procs -----------memory---------- ---swap-- -----io---- -system-- ------cpu-----
 r  b   swpd   free   buff  cache   si   so    bi    bo   in   cs us sy id wa st
 2  0      0 2745952  37828 1973796    0    0     0    12 10890 18935 28  7 65  0  0
 3  0      0 2765624  37828 1974320    0    0     0    28 10478 18387 34  7 59  0  0
 2  0      0 2756048  37828 1974496    0    0     0   232 9856 17382 34  9 58  0  0
 3  0      0 3558348  37836 1974724    0    0     0  1216 10911 19320 25 11 63  2  0
 3  0      0 3541272  37836 1974904    0    0     0    56 10534 18631 18  7 75  0  0
 1  0      0 3542940  37836 1975056    0    0     0    48 10038 17699 17  7 76  0  0
 1  0      0 3533876  37836 1975192    0    0     0    32 10411 18393 18  8 74  0  0
 1  0      0 3281072  37836 1975376    0    0     0    40 10732 18876 14 10 76  0  0
 1  0      0 3040148  37848 1976508    0    0     0   468 13283 22281 11 11 78  0  0
 1  0      0 3023544  37848 1978884    0    0     0  3144 12916 20879 11  9 81  0  0
 2  0      0 3010720  37848 1980712    0    0     0    64 12599 20491 11  9 80  0  0
 1  0      0 3003692  37848 1982184    0    0     0 12488 13507 22203 13 10 77  0  0
 1  0      0 2992604  37848 1983988    0    0     0  6360 12844 20722 12  9 79  0  0
 0  0      0 2980256  37852 1985500    0    0     0  1016 12791 20435 10  9 80  0  0
 1  0      0 2970720  37852 1986752    0    0     0   120 12001 20360 15  9 77  0  0
 1  0      0 2959156  37852 1988608    0    0     0    76 12783 20532 11 10 80  0  0
 1  0      0 2954620  37852 1989684    0    0     0   828 11894 19639 16  8 76  0  0
 1  0      0 2954116  37852 1989756    0    0     0    12 10293 18312 18  7 75  0  0
 2  0      0 3055676  37860 1989812    0    0     0   268 12288 21594 19  7 74  0  0
 1  0      0 3841208  37860 1989844    0    0     0    76 11734 19823  1 14 85  0  0
 0  0      0 3840968  37860 1989868    0    0     0   120 11971 19797  1  8 90  0  0
procs -----------memory---------- ---swap-- -----io---- -system-- ------cpu-----
 r  b   swpd   free   buff  cache   si   so    bi    bo   in   cs us sy id wa st
 1  0      0 3840968  37860 1989900    0    0     0    36 11047 18286  2  7 91  0  0
 0  0      0 3840228  37860 1989936    0    0     0    20 11956 19612  2  9 90  0  0
 2  0      0 3840228  37872 1989988    0    0     0   624 11786 19278  3  8 89  0  0
 0  0      0 3840228  37872 1990032    0    0     0    52 12397 20875  2  9 89  0  0
 1  0      0 3840004  37872 1990084    0    0     0 10664 11970 20109  2  9 89  0  0
 1  0      0 3840004  37872 1990144    0    0     0    36 10949 17663  3  9 88  0  0
 5  0      0 3840004  37872 1990220    0    0     0    20 10516 17472  1  8 90  0  0
 0 56      0 3840004  37872 1990228    0    0     0   576 7828 12837  3  7  4 87  0
 0 59      0 3840004  37872 1990236    0    0     0    32 3083 4354  1  2  0 97  0
 0 63      0 3840004  37872 1990240    0    0     0    12 3639 4530  1  3  0 96  0
 1  0      0 3840004  37876 1990280    0    0     0   128 8284 13000  2  8 87  4  0
 1  0      0 3840004  37876 1990316    0    0     0    40 10326 15616  1 14 85  0  0
 0  0      0 3840004  37888 1990360    0    0     0   360 10631 17602  2  8 91  0  0
 0  0      0 3840004  37888 1990400    0    0     0   216 12306 20754  2 10 89  0  0
 5  0      0 3840004  37888 1990436    0    0     0     8 10934 18105  1  8 90  0  0
 2  0      0 3840004  37888 1990492    0    0     0   224 11920 19645  3  9 89  0  0
 2  0      0 3839752  37888 1990536    0    0     0    28 11097 18803  1  8 90  0  0
 0  0      0 3839752  37896 1990600    0    0     0   268 12099 20180  2  9 89  0  0
 1  0      0 3839752  37896 1990656    0    0     0    24 11270 18162  2  9 89  0  0
 0  0      0 3839500  37896 1990700    0    0     0     0 10210 16947  2  9 89  0  0
 2  0      0 3839500  37896 1990724    0    0     0   188 11619 19683  1  9 90  0  0
procs -----------memory---------- ---swap-- -----io---- -system-- ------cpu-----
 r  b   swpd   free   buff  cache   si   so    bi    bo   in   cs us sy id wa st
 0  0      0 3839500  37896 1990760    0    0     0    48 11597 19531  2 10 89  0  0
 0  0      0 3839276  37908 1990800    0    0     0   256 10937 18133  2  8 90  0  0
