procs -----------memory---------- ---swap-- -----io---- -system-- ------cpu-----
 r  b   swpd   free   buff  cache   si   so    bi    bo   in   cs us sy id wa st
 4  0      0 4743088  57600 1615032    0    0     6    33    1    2  2  9 89  0  0
 2  0      0 4748904  57600 1615132    0    0     0   736 25245 44558 11 21 68  0  0
 4  0      0 4748652  57600 1615252    0    0     0     0 22561 38934  2 16 82  0  0
 0  0      0 4748400  57600 1615364    0    0     0     0 23108 39362  2 15 84  0  0
 0  0      0 4748160  57600 1615480    0    0     0     0 22843 39031  2 15 83  0  0
 2  0      0 4748160  57604 1615572    0    0     0   472 22732 38906  2 14 84  0  0
 0  0      0 4747908  57604 1615680    0    0     0  1496 23896 39816  2 15 80  3  0
 1  0      0 4747416  57604 1615828    0    0     0   172 23677 40038  2 16 82  0  0
 1  0      0 4747416  57604 1615896    0    0     0     0 22847 39148  2 15 84  0  0
 2  0      0 4746660  58416 1616204    0    0  1012     0 24388 41252  2 15 82  1  0
 1  0      0 4737500  58428 1616304    0    0     0   996 24361 41699  5 16 77  2  0
 2  0      0 4737500  58428 1616388    0    0     0   188 23063 39280  2 14 83  0  0
 0  0      0 4738684  58428 1616472    0    0     0   436 23300 39501  2 15 83  0  0
 0  0      0 4738552  58428 1616632    0    0     0   148 23742 40442  2 15 83  0  0
 3  0      0 4738552  58428 1616720    0    0     0     0 23398 39421  2 14 84  0  0
 0  0      0 4738300  58432 1616824    0    0     0   460 22833 38703  1 16 83  0  0
 1  0      0 4738300  58432 1616936    0    0     0   104 23011 39438  2 15 82  0  0
 1  0      0 4738048  58432 1617092    0    0     0   480 23034 39686  2 14 84  0  0
 1  0      0 4738020  58432 1617156    0    0     0   208 23272 39797  2 17 81  0  0
 0  0      0 4738076  58432 1617256    0    0     0    44 24670 41045  2 16 83  0  0
 1  0      0 4738076  58444 1618372    0    0  1128   600 23612 40272  2 16 81  1  0
procs -----------memory---------- ---swap-- -----io---- -system-- ------cpu-----
 r  b   swpd   free   buff  cache   si   so    bi    bo   in   cs us sy id wa st
 2  1      0 4733656  58472 1619584    0    0   646  2536 27600 48342 10 26 60  4  0
 2  0      0 4663356  58528 1644264    0    0 23804  1308 26962 48597 10 27 52 11  0
 0  2      0 4612516  58528 1694784    0    0 49600   364 25940 43060  2 21 51 26  0
 0  2      0 4558888  58528 1751912    0    0 56488   108 26269 42057  3 18 54 25  0
 1  2      0 4544576  58580 1759744    0    0  7064  1452 21711 38855 22 19 50  8  0
 4  0      0 4492792  58584 1784272    0    0 23620   812 28328 46004  8 19 51 21  0
 2  0      0 4198080  58588 1784988    0    0   432   768 19714 36153 30 16 53  1  0
 2  0      0 4170640  58620 1785436    0    0   176   436 21162 38133 31 16 51  2  0
 3  0      0 4148504  58716 1786268    0    0   140   108 22782 39702 33 16 51  1  0
 3  0      0 4114332  58740 1786672    0    0   132   936 22527 38932 34 17 48  1  0
 5  0      0 4097924  58748 1780504    0    0  1720    16 21572 37706 32 15 52  0  0
 1  2      0 3949056  58788 1796480    0    0  5844    92 30855 48975 16 23 53  8  0
 0  0      0 3210868  58788 1825828    0    0 26160   344 24543 41219 14 24 55  7  0
 1  0      0 3190272  58792 1828548    0    0     8   248 25715 41762 16 19 63  2  0
 2  0      0 3166832  58796 1832164    0    0     0   728 25414 41574 16 20 61  3  0
 3  1      0 3148212  58796 1835536    0    0     0  1252 25551 41999 18 18 61  3  0
 2  0      0 3128836  58796 1838272    0    0     0   716 26005 42701 18 19 60  3  0
 2  0      0 3109220  58816 1841248    0    0     4  1620 26837 44740 20 21 55  4  0
 3  1      0 3062128  58824 1845516    0    0   272  1748 27868 48646 23 27 46  4  0
 2  1      0 3018164  58844 1849832    0    0     0  1056 22056 38004 31 21 43  5  0
 4  0      0 2852140  58844 1852816    0    0     0    24 21528 37875 35 16 46  3  0
procs -----------memory---------- ---swap-- -----io---- -system-- ------cpu-----
 r  b   swpd   free   buff  cache   si   so    bi    bo   in   cs us sy id wa st
 1  0      0 2816900  58844 1856620    0    0     0    48 21102 37170 34 18 45  3  0
 3  0      0 2787176  58844 1860220    0    0     0   184 20942 36752 35 17 46  3  0
 3  0      0 3024608  58844 1860720    0    0     0   304 16487 31569 49 14 36  0  0
 1  0      0 4230696  58852 1860840    0    0     0   808 18600 35006 19 18 63  0  0
 1  1      0 3884356  58868 1875264    0    0   724   612 29070 46637 11 26 61  2  0
12  0      0 3693244  58892 1909528    0    0 29692  1300 26796 46661 16 23 51 10  0
 3  0      0 3646828  58920 1916948    0    0     0   980 20892 37647 25 21 53  1  0
 2  0      0 3498440  58920 1921640    0    0     0   316 22570 39163 29 16 54  1  0
 4  0      0 3398684  58924 1927844    0    0     0   296 21906 38138 28 17 54  1  0
 2  0      0 3337880  58924 1933680    0    0     0    84 20877 37260 29 14 55  1  0
 4  0      0 3284216  58924 1936660    0    0     0    12 19467 35559 32 14 54  0  0
 2  1      0 3241508  58932 1942496    0    0     0   708 19889 36242 32 14 53  1  0
 4  0      0 2954668  58932 1963520    0    0     0   260 30234 46180 20 22 55  3  0
 3  1      0 2560884  58932 1976916    0    0  8280   312 23909 40373 20 20 57  3  0
 5  0      0 2471172  58944 1982552    0    0    24  5828 28711 46559 23 22 24 31  0
10  1      0 2315184  58960 1990132    0    0     0  1528 22402 36700 23 23 40 14  0
 0  0      0 2249888  58960 1999972    0    0     0    56 25349 42182 24 19 55  2  0
 5  0      0 2145040  58960 2010228    0    0   496    44 24530 41170 23 17 57  2  0
 3  0      0 2025296  58960 2018200    0    0     0     0 22610 38466 25 17 56  2  0
 2  0      0 1908528  58960 2027564    0    0     0     0 22601 38328 23 21 54  2  0
 6  1      0 1794080  58972 2039652    0    0     0   824 22956 39168 23 18 57  3  0
procs -----------memory---------- ---swap-- -----io---- -system-- ------cpu-----
 r  b   swpd   free   buff  cache   si   so    bi    bo   in   cs us sy id wa st
 3  0      0 1664368  58972 2048164    0    0     0   472 21782 37722 24 18 56  2  0
 3  0      0 1557688  58972 2057488    0    0     0     0 22151 37601 22 17 58  2  0
 4  0      0 1432124  58972 2064656    0    0     0     0 20996 37379 19 23 57  2  0
 6  0      0 2175992  58972 2072784    0    0    64     0 20850 37042 25 20 54  1  0
 2  0      0 2031896  58980 2079876    0    0     0  1088 21935 39146 15 16 68  1  0
 1  0      0 1952920  58980 2085644    0    0     0   572 21706 38270 12 19 69  1  0
 4  0      0 1840568  58980 2090624    0    0     0    20 21953 38799 14 17 69  1  0
 5  0      0 1729376  58980 2096868    0    0     0   144 22396 38771 15 17 67  1  0
 1  0      0 1661252  58980 2101876    0    0     0     0 23375 39363 12 18 69  1  0
 2  0      0 1557476  58992 2108184    0    0     0  1572 24837 41075 13 19 67  2  0
 4  0      0 1471840  58992 2111180    0    0     0   636 24818 41965 10 23 66  0  0
 3  0      0 1474932  58992 2118384    0    0     0   272 24690 40789 14 18 67  1  0
 2  0      0 1452132  58992 2122604    0    0     0    12 22348 38839 14 14 71  1  0
 4  0      0 1433900  58992 2126576    0    0     0     0 20311 36968 16 14 70  1  0
 1  0      0 1405896  59000 2131140    0    0     0   624 21958 38923 14 14 71  2  0
 2  0      0 1339808  59000 2136080    0    0     0   404 24978 41382 14 18 67  1  0
 2  0      0 1243888  59000 2147316    0    0     0   468 24024 41320 13 17 68  2  0
 2  1      0 1096256  59000 2157372    0    0     0    64 21866 38646 14 18 67  1  0
 2  0      0 3230928  59000 2159592    0    0     0     4 20606 36835 14 16 69  1  0
 0  0      0 4198676  59008 2159816    0    0     0   540 21744 38770 12 17 71  0  0
 0  0      0 4198376  59008 2159904    0    0     0   176 23163 39428  5 15 80  0  0
procs -----------memory---------- ---swap-- -----io---- -system-- ------cpu-----
 r  b   swpd   free   buff  cache   si   so    bi    bo   in   cs us sy id wa st
 2  0      0 4198128  59008 2160016    0    0     0   340 23303 39366  3 16 81  0  0
