procs -----------memory---------- ---swap-- -----io---- -system-- ------cpu-----
 r  b   swpd   free   buff  cache   si   so    bi    bo   in   cs us sy id wa st
 6  0      0 3412300 138292 2317844    0    0     7    42    3    7  2 10 87  1  0
 1  0      0 3416000 138292 2317880    0    0     0    36 11405 19845 13 13 74  0  0
 0  0      0 3415752 138292 2317916    0    0     0     0 7438 12152  1  5 94  0  0
 0  0      0 3415504 138292 2317940    0    0     0     0 7770 12436  1  6 93  0  0
 1  0      0 3415504 138292 2317976    0    0     0     0 7428 12028  1  7 92  0  0
 0  0      0 3415504 138296 2318008    0    0     0   212 6980 11451  1  5 94  0  0
 0  0      0 3415504 138296 2318028    0    0     0   208 6932 11214  1  4 95  0  0
 0  0      0 3415004 138296 2318060    0    0     0     0 6442 10405  1  4 95  0  0
 1  0      0 3414752 138296 2318100    0    0     0     0 7316 12075  2  6 92  0  0
 1  0      0 3414752 138296 2318128    0    0     0     0 8462 14010  2  6 92  0  0
 0  0      0 3414752 138296 2318160    0    0     0   160 7539 12526  1  5 93  0  0
 0  0      0 3414752 138296 2318192    0    0     0   192 6544 11147  1  7 92  0  0
 0  0      0 3413760 138308 2318256    0    0     0   360 10453 17123  7 10 83  0  0
 0  0      0 3394988 138320 2318688    0    0     0   984 14192 24414 13 16 69  2  0
 1  0      0 3392344 138328 2320200    0    0     0   588 9256 15514 11 12 77  0  0
 3  0      0 3252808 138328 2320404    0    0     0     0 6660 11237 15  7 78  0  0
 1  0      0 3217800 138328 2306736    0    0     0    48 6643 11135 16  7 77  0  0
 1  0      0 3209520 138328 2306972    0    0     0   188 6644 11250 16  5 79  0  0
 1  0      0 3192144 138328 2307248    0    0     0     8 6712 11320 17  6 77  0  0
 1  0      0 3177032 138332 2307432    0    0     0   800 7418 12584 16  7 77  1  0
 5  0      0 3170984 138332 2307500    0    0     0     0 6444 10754 17  4 79  0  0
procs -----------memory---------- ---swap-- -----io---- -system-- ------cpu-----
 r  b   swpd   free   buff  cache   si   so    bi    bo   in   cs us sy id wa st
 1  0      0 3165452 138332 2307708    0    0     0    36 6511 10959 16  5 79  0  0
 1  0      0 3153104 138332 2307824    0    0     0   140 6804 11482 17  5 78  0  0
 1  0      0 3147320 138332 2308068    0    0     0    24 6488 10852 17  5 78  0  0
 1  0      0 3055636 138336 2320360    0    0     0   220 10421 14953 12 10 76  2  0
 1  0      0 3036496 138336 2320556    0    0     0     0 6143 10250 17  5 79  0  0
 3  0      0 3032212 138336 2320684    0    0     0   468 7167 12020 18  5 78  0  0
 1  0      0 3024664 138336 2320768    0    0     0    96 8274 12660 17  5 78  0  0
 1  0      0 3015340 138336 2320888    0    0     0    96 8717 13434 18  7 75  0  0
 1  0      0 3007048 138348 2321076    0    0     0   456 10008 15818 20  8 72  0  0
 2  0      0 2972080 138364 2321268    0    0     0  1336 14982 25901 27 16 54  3  0
 4  0      0 2965408 138376 2323212    0    0     0   640 10525 17580 24 15 61  0  0
 2  0      0 2833176 138376 2323636    0    0     0    60 7130 11948 32  6 61  0  0
 1  1      0 2491508 138376 2325792    0    0   144   296 8188 12923 28 11 60  1  0
 2  0      0 2450680 138376 2331176    0    0     0    28 8151 12503 29  7 63  1  0
 2  0      0 2435688 138376 2333488    0    0   327    12 7716 12280 29  8 62  0  0
 2  0      0 2419892 138388 2336280    0    0     0   344 7717 11984 29  6 64  1  0
 3  0      0 2392652 138388 2339600    0    0     0    36 8053 12553 28  8 63  1  0
 2  0      0 2341124 138388 2343020    0    0     0    40 8255 12840 30  7 63  0  0
 2  0      0 2330776 138388 2345884    0    0     0    88 8436 13504 30  8 62  0  0
 2  0      0 2314188 138388 2347896    0    0     0     8 7487 11800 30  7 63  0  0
 2  0      0 2352400 138396 2348124    0    0     0   288 7034 11637 34  5 61  0  0
procs -----------memory---------- ---swap-- -----io---- -system-- ------cpu-----
 r  b   swpd   free   buff  cache   si   so    bi    bo   in   cs us sy id wa st
 2  0      0 2241876 138396 2361664    0    0     0    20 12677 17694 29 11 60  1  0
 2  0      0 2235956 138396 2362124    0    0     0    92 6927 10780 32  6 61  0  0
 1  0      0 2959868 138396 2362192    0    0     0   372 7820 12257 21 10 69  0  0
 2  0      0 2949788 138396 2362348    0    0     0    12 8449 13274 16  6 78  0  0
 1  0      0 2941484 138404 2362456    0    0     0   280 8549 13010 16  5 78  0  0
 1  0      0 2935688 138404 2362644    0    0     0     8 8503 13327 17  6 77  0  0
 1  0      0 2929388 138404 2362772    0    0     0    24 8098 12566 18  7 76  0  0
 1  0      0 2923860 138404 2362884    0    0     0    80 9559 14866 17  7 76  0  0
 1  0      0 2810252 138404 2363004    0    0     0    88 8503 13272 16  6 78  0  0
 1  0      0 2467948 138408 2364036    0    0     0   256 9157 13827 10 12 78  0  0
 1  0      0 2438492 138408 2367400    0    0     0     0 10821 15607 13  7 79  0  0
 1  0      0 2427360 138408 2370436    0    0     0  2336 10375 14967 10  8 81  1  0
 1  0      0 2409552 138408 2374748    0    0     0    68 10733 15532 10  6 83  0  0
 0  1      0 2399228 138408 2377968    0    0     0    92 10726 15465 10  7 82  0  0
 0  2      0 2383924 138412 2381316    0    0     0  2108 11072 16312  9  7 82  1  0
 0  0      0 2369904 138412 2384176    0    0     0   708 10846 15557 10  5 79  6  0
 0  0      0 2357196 138412 2387248    0    0     0    12 10778 15587  9  8 83  0  0
 0  0      0 2343968 138412 2391348    0    0     0    52 10509 15352 10  6 83  0  0
 1  0      0 2337312 138412 2393128    0    0     0    88 9246 13812 15  6 79  0  0
 4  0      0 2336052 138420 2393788    0    0   632   268 9219 14064 18  6 76  1  0
 1  0      0 2431600 138420 2393832    0    0     0     0 9042 13850 18  6 76  0  0
procs -----------memory---------- ---swap-- -----io---- -system-- ------cpu-----
 r  b   swpd   free   buff  cache   si   so    bi    bo   in   cs us sy id wa st
 0  0      0 3320604 138420 2393872    0    0     0     8 9040 13621  2 14 84  0  0
 2  0      0 3320356 138420 2393904    0    0     0  1048 7956 12730  1  5 94  0  0
 0  0      0 3320612 138420 2393948    0    0     0    88 7027 11118  1  5 94  0  0
 1  0      0 3320364 138428 2393972    0    0     0   268 7291 11939  1  4 94  1  0
 0  0      0 3320364 138428 2394012    0    0     0     8 7098 11368  1  5 93  0  0
 0  0      0 3320740 138428 2394028    0    0     0     0 7936 13198  3  7 90  0  0
 0  0      0 3320880 138428 2394068    0    0     0  7252 7625 12776  2  6 92  0  0
 0  0      0 3320880 138428 2394084    0    0     0    60 6461 10722  1  6 93  0  0
 2  0      0 3320880 138428 2394116    0    0     0    68 6469 10649  1  6 93  0  0
 0  0      0 3320880 138428 2394152    0    0     0   320 8219 13440  2  6 92  0  0
 0  0      0 3320840 138428 2394192    0    0     0 10556 7337 12034  1  7 92  0  0
 0  0      0 3320916 138428 2394224    0    0     0  1472 6096 9820  2  5 94  0  0
 1  0      0 3320916 138432 2394252    0    0     0   336 7261 11891  1  6 93  0  0
 0  0      0 3320916 138432 2394292    0    0     0    68 6594 10472  1  6 93  0  0
 0  0      0 3320916 138436 2394308    0    0     0  1180 7194 11518  1  5 93  2  0
 0  0      0 3320664 138436 2394340    0    0     0     4 7190 11680  2  7 91  0  0
 0  0      0 3320664 138436 2394360    0    0     0     0 8405 13827  2  6 93  0  0
 0  0      0 3320664 138436 2394400    0    0     0    32 5963 9582  1  5 93  0  0
 0  0      0 3320664 138436 2394436    0    0     0    32 7345 12249  1  7 92  0  0
 1  0      0 3320664 138436 2394480    0    0     0   220 7568 12113  2  6 92  0  0
 0  0      0 3320664 138436 2394504    0    0     0    16 6278 10206  2  5 94  0  0
