procs -----------memory---------- ---swap-- -----io---- -system-- ------cpu-----
 r  b   swpd   free   buff  cache   si   so    bi    bo   in   cs us sy id wa st
 5  0      0 3415212 138908 2303256    0    0     7    42    4    7  2 10 87  1  0
 0  0      0 3415180 138908 2303304    0    0     0     0 11247 19535 14 12 73  0  0
 0  0      0 3414680 138908 2303336    0    0     0     0 8218 13654  4  8 89  0  0
 1  0      0 3414432 138916 2303364    0    0     0   156 7118 11238  1  5 94  0  0
 0  0      0 3414184 138916 2303400    0    0     0  1484 9023 14300  2  6 86  6  0
 0  0      0 3414184 138916 2303436    0    0     0    12 8220 13669  1  6 92  0  0
 0  0      0 3414184 138916 2303464    0    0     0    52 6694 10986  2  5 93  0  0
 0  0      0 3414440 138916 2303488    0    0     0     0 6640 10868  1  7 92  0  0
 0  0      0 3414440 138924 2303520    0    0     0   212 7574 12466  2  5 93  0  0
 0  0      0 3414440 138924 2303556    0    0     0   188 7983 13029  1  7 91  0  0
 0  0      0 3414440 138924 2303584    0    0     0     0 6844 11500  2  6 93  0  0
 0  1      0 3414216 138928 2303608    0    0     0   212 6121 10015  1  5 94  0  0
 3  0      0 3406500 138936 2303684    0    0     0   396 12414 20696  9 15 74  2  0
 1  0      0 3385988 138952 2304088    0    0     0  1272 14961 25763 13 16 68  4  0
 1  0      0 3378240 138968 2305580    0    0     0   736 10552 17609 11 12 76  1  0
 2  0      0 3246388 138968 2305700    0    0     0   108 7270 12013 16  8 76  0  0
 2  0      0 3188752 138968 2305840    0    0     0     4 6347 10728 16  5 79  0  0
 2  0      0 3180208 138968 2306080    0    0     0    12 6886 11686 16  6 78  0  0
 1  0      0 3168628 138968 2306380    0    0     0    72 6665 11169 16  6 79  0  0
 1  0      0 3152752 138972 2306528    0    0     0   780 6912 11391 16  6 78  0  0
 1  0      0 3140360 138972 2306588    0    0     0   124 6942 11592 17  5 78  0  0
procs -----------memory---------- ---swap-- -----io---- -system-- ------cpu-----
 r  b   swpd   free   buff  cache   si   so    bi    bo   in   cs us sy id wa st
 1  0      0 3135836 138972 2306812    0    0     0    52 6895 11544 16  5 79  0  0
 2  0      0 3122736 138972 2306936    0    0     0     0 7464 12580 17  6 77  0  0
 1  0      0 3117456 138972 2307184    0    0     0     8 7022 11799 17  5 77  0  0
 3  0      0 3017416 138976 2319452    0    0     0   640 10858 15825 13 10 76  2  0
 1  0      0 3001644 138976 2319620    0    0     0    84 8543 13684 17  6 77  0  0
 1  0      0 2997360 138976 2319664    0    0     0   120 8661 13760 17  5 77  0  0
 2  0      0 2988552 138976 2319756    0    0     0     8 8590 13653 17  6 77  0  0
 2  0      0 2979984 138988 2319912    0    0     0   372 8173 12850 17  5 78  0  0
 1  0      0 2972436 138988 2320060    0    0     0    12 8613 13535 17  6 77  0  0
 1  0      0 2968908 138988 2320152    0    0     0    92 8753 13651 17  6 76  0  0
 1  0      0 2966400 138988 2320320    0    0     0   160 8506 13504 16  6 78  0  0
 1  0      0 2867356 138988 2320428    0    0     0    16 9658 15480 17  7 75  0  0
 2  0      0 2674020 139016 2322716    0    0     0  1456 14806 25230 22 18 58  2  0
 2  0      0 2611572 139048 2330236    0    0     0  1724 16795 30113 28 26 44  2  0
 3  0      0 2577920 139056 2334224    0    0     0  4200 11303 19412 37 16 46  1  0
 3  0      0 2383280 139056 2336732    0    0     0   200 7983 12039 42 10 48  0  0
 4  0      0 2211736 139056 2340076    0    0     0    56 7975 12193 43 10 47  0  0
 3  0      0 2139504 139056 2343820    0    0     0    24 8425 13514 45  9 46  0  0
 6  0      0 2115908 139056 2346936    0    0     0     0 7128 11206 45  8 47  0  0
 4  0      0 2077856 139060 2348876    0    0     0   404 7568 12008 45  9 46  0  0
 3  0      0 2100320 139060 2349328    0    0     0    60 6958 10672 47  8 45  0  0
procs -----------memory---------- ---swap-- -----io---- -system-- ------cpu-----
 r  b   swpd   free   buff  cache   si   so    bi    bo   in   cs us sy id wa st
 4  0      0 2089040 139060 2349632    0    0     0   128 7545 12464 50  7 42  0  0
 3  0      0 2064848 139060 2349880    0    0     0    40 6077 10186 49  6 45  0  0
 3  0      0 2790316 139060 2350256    0    0     0     4 5955 10115 42 11 47  0  0
 2  1      0 2720300 139060 2357992    0    0     0   404 9673 14726 31  9 59  1  0
 3  0      0 2712364 139060 2363356    0    0     0    40 9472 14197 34  5 61  1  0
 3  0      0 2615848 139060 2376064    0    0     0    96 11796 16651 30 11 59  1  0
 1  0      0 2917040 139060 2376168    0    0     0   100 6527 10902 20  7 73  0  0
 3  0      0 2911280 139060 2376304    0    0     0     8 6798 11506 17  5 78  0  0
 2  0      0 2901960 139064 2376432    0    0     0  1460 7366 11933 18  5 77  0  0
 2  0      0 2896680 139064 2376588    0    0     0    32 6600 10907 17  5 78  0  0
 1  0      0 2887356 139064 2376728    0    0     0    52 8033 13641 18  5 77  0  0
 1  0      0 2885340 139064 2376836    0    0     0    72 7628 12824 17  5 78  0  0
 1  0      0 2876532 139064 2376936    0    0     0    92 6993 11639 17  5 78  0  0
 0  0      0 2494256 139072 2377532    0    0     0  6940 7934 13128 14  9 77  1  0
 0  0      0 2411420 139072 2384748    0    0     0    20 9026 13848 15  7 78  0  0
 1  0      0 2397476 139072 2389808    0    0     0    32 9899 15179 15  8 77  0  0
 1  0      0 2342256 139072 2396480    0    0     0    84 10145 15416 13  6 80  0  0
 1  0      0 2312148 139072 2401316    0    0     0    52 8397 13233 14  6 80  0  0
 1  0      0 2246272 139076 2405144    0    0     0 17788 8647 13724 16  7 62 15  0
 1  0      0 2217268 139076 2409476    0    0     0    12 5155 8260 16  3 81  0  0
 1  0      0 2122472 139076 2418268    0    0     0    36 8898 14779 15  8 77  0  0
procs -----------memory---------- ---swap-- -----io---- -system-- ------cpu-----
 r  b   swpd   free   buff  cache   si   so    bi    bo   in   cs us sy id wa st
 1  0      0 2049948 139076 2424292    0    0     0    72 8055 13049 14  6 80  0  0
 1  0      0 1842820 139076 2429540    0    0     0    28 8622 13167 14  6 79  0  0
10  0      0 1733996 139080 2438524    0    0     0   224 11523 18143 16 10 73  1  0
 0  1      0 1716032 139088 2439484    0    0     0 28792 9273 13727  8  9 28 54  0
 2  0      0 1622872 139088 2448340    0    0     0     0 10563 17324 18 20 62  0  0
 1  0      0 1549644 139088 2454096    0    0     0    56 10722 16506 13 12 74  1  0
 1  0      0 1450392 139088 2460732    0    0     0     0 9690 14457 13 11 76  0  0
 2  0      0 1348204 139088 2469512    0    0     0    44 9823 14663 12 11 76  1  0
 1  0      0 1200672 139088 2475396    0    0     0     0 9067 14012 10 11 79  0  0
 1  0      0 1175092 139100 2484756    0    0     0   616 8601 13737 13  9 77  1  0
 1  0      0 1032992 139100 2488744    0    0     0    96 8128 13008  9 13 77  0  0
 1  0      0 1024012 139100 2497816    0    0     0     0 7583 12061 12 10 78  0  0
 2  0      0 883988 139100 2504632    0    0     0    44 7648 12671 12  9 78  1  0
 3  2      0 837296 139108 2508892    0    0     0   236 7518 12111 11 10 79  0  0
 1  0      0 740780 139112 2515056    0    0     0   200 8142 13172 13 10 77  0  0
 1  0      0 590960 139112 2520060    0    0     0    12 7326 11492 12  9 80  0  0
 1  0      0 458852 139112 2526244    0    0     0     0 7311 11705 12  9 79  0  0
 1  0      0 417504 139112 2531360    0    0     0     0 8041 12917 12 10 78  0  0
 1  0      0 273760 139112 2537352    0    0     0     0 9821 14892 12 11 77  0  0
 2  0      0 219316 139116 2542848    0    0     0   760 10254 15936 12 12 76  1  0
 1  0      0 253536 139116 2549924    0    0     0    76 8833 14121 15  7 78  0  0
procs -----------memory---------- ---swap-- -----io---- -system-- ------cpu-----
 r  b   swpd   free   buff  cache   si   so    bi    bo   in   cs us sy id wa st
 1  0      0 225920 139116 2553800    0    0     0    12 8876 13390 15  6 78  0  0
 1  0      0 221736 139116 2556860    0    0     0     0 10562 15819 16  8 76  0  0
 1  0      0 245508 138496 2530028    0    0    28     0 9259 14964 14 10 76  0  0
 0  1      0 284744 138052 2524044    0    0   148   292 9869 15357 14 10 76  1  0
 2  0      0 469080 132880 2424256    0    0     0   104 8831 13904 11 13 75  1  0
 1  0      0 1382776 132880 2431240    0    0    36     0 7330 12382 13  9 78  0  0
 1  0      0 2746280 132880 2431388    0    0     0    20 6584 11117 16  7 77  0  0
 2  0      0 2745780 132880 2432528    0    0  1112     0 7411 12414 18  4 78  0  0
 3  1      0 2753100 132880 2439124    0    0  6552   512 9333 14098 16  5 77  2  0
 0  0      0 3646908 132880 2450808    0    0 11656    52 11192 17289  8 13 76  3  0
 1  0      0 3639224 132880 2450848    0    0     0    40 7748 12414  2  6 92  0  0
