2026-07-14 21:12:34.224 procs -----------memory---------- ---swap-- -----io---- -system-- ------cpu-----
2026-07-14 21:12:34.227 r  b   swpd   free   buff  cache   si   so    bi    bo   in   cs us sy id wa st
2026-07-14 21:12:34.230 2  0      0 3653548 101240 2346744    0    0     7    43    0    7  2 10 87  1  0
2026-07-14 21:12:35.225 0  0      0 3650328 101240 2346964    0    0    88     0 2993 5156  4  4 91  0  0
2026-07-14 21:12:36.226 0  0      0 3649576 101244 2346960    0    0     0    20 2529 3990  1  2 96  0  0
2026-07-14 21:12:37.227 0  0      0 3649328 101244 2346968    0    0     0     0 1900 2944  1  2 97  0  0
2026-07-14 21:12:38.228 0  0      0 3649328 101244 2346972    0    0     0     0 2328 3366  2  3 96  0  0
2026-07-14 21:12:39.228 0  0      0 3649328 101244 2346972    0    0     0     0 1159 1624  1  2 98  0  0
2026-07-14 21:12:40.230 0  0      0 3649328 101244 2346972    0    0     0     0 1238 1640  2  2 97  0  0
2026-07-14 21:12:41.231 0  0      0 3649328 101252 2346968    0    0     0    16 1631 2242  1  2 97  0  0
2026-07-14 21:12:42.229 0  0      0 3649328 101252 2346972    0    0     0     0 1240 1709  1  1 98  0  0
2026-07-14 21:12:43.232 0  0      0 3649328 101252 2346972    0    0     0     0 1401 1872  3  2 96  0  0
2026-07-14 21:12:44.233 0  0      0 3649328 101252 2346972    0    0     0     0 1066 1481  2  2 97  0  0
2026-07-14 21:12:45.234 0  0      0 3649328 101252 2346972    0    0     0     0 1164 1535  1  1 98  0  0
2026-07-14 21:12:46.233 0  0      0 3649328 101252 2346972    0    0     0    16 1646 2140  1  2 97  0  0
2026-07-14 21:12:47.236 0  0      0 3649328 101260 2346972    0    0     0    16 2372 3691  1  3 96  0  0
2026-07-14 21:12:48.236 0  0      0 3649328 101260 2346972    0    0     0     0 1993 2846  1  3 96  0  0
2026-07-14 21:12:49.238 0  0      0 3649328 101260 2346976    0    0     0     0 1490 2023  1  1 98  0  0
2026-07-14 21:12:50.236 0  0      0 3649328 101260 2346976    0    0     0     0  977 1306  0  1 98  0  0
2026-07-14 21:12:51.238 1  1      0 3644356 101288 2346972    0    0     0   464 5918 9596  7  9 83  1  0
2026-07-14 21:12:52.240 1  0      0 3617252 101308 2347664    0    0     0   608 8417 14095  8 13 78  1  0
2026-07-14 21:12:53.241 1  0      0 3606792 101336 2370852    0    0 21744   572 4898 7232  9  8 78  4  0
2026-07-14 21:12:54.241 1  0      0 3472724 101336 2371188    0    0   140     0 1808 2318 15  4 81  0  0
2026-07-14 21:12:55.241 procs -----------memory---------- ---swap-- -----io---- -system-- ------cpu-----
2026-07-14 21:12:55.244 r  b   swpd   free   buff  cache   si   so    bi    bo   in   cs us sy id wa st
2026-07-14 21:12:55.247 1  0      0 3413072 101336 2371208    0    0     0     0 1770 2174 16  3 82  0  0
2026-07-14 21:12:56.242 1  0      0 3404516 101336 2371528    0    0     0     4 1518 1759 16  2 81  0  0
2026-07-14 21:12:57.242 1  0      0 3394952 101336 2371656    0    0     0    28 2389 3471 16  3 81  0  0
2026-07-14 21:12:58.243 1  0      0 3383372 101344 2371896    0    0     0   100 2543 3542 17  4 80  0  0
2026-07-14 21:12:59.244 1  0      0 3369928 101344 2371944    0    0     0     0 1363 1483 17  2 82  0  0
2026-07-14 21:13:00.245 3  2      0 3362452 101348 2371752    0    0    24   656 3575 5522 18  5 76  0  0
2026-07-14 21:13:01.246 1  0      0 3357856 101388 2364312    0    0     4   588 9909 17440 26 14 58  2  0
2026-07-14 21:13:02.246 1  0      0 3350068 101388 2364292    0    0     0   112 2559 3380 17  2 80  0  0
2026-07-14 21:13:03.247 3  0      0 3309344 101388 2327112    0    0     0    76 5312 5160 13  8 78  2  0
2026-07-14 21:13:04.248 1  0      0 3378540 101400 2221200    0    0     0   732 3866 5217 18  7 75  1  0
2026-07-14 21:13:05.249 1  0      0 3358348 101412 2221840    0    0     8   928 9312 15714 27 13 59  2  0
2026-07-14 21:13:06.248 3  0      0 3344540 101428 2223316    0    0     0   584 4971 7527 29  9 61  1  0
2026-07-14 21:13:07.250 2  0      0 3180860 101428 2223720    0    0     0     4 2531 3239 31  5 64  0  0
2026-07-14 21:13:08.251 2  0      0 3149108 101428 2223904    0    0    76     0 2343 2982 33  3 64  0  0
2026-07-14 21:13:09.252 2  0      0 3134504 101428 2224308    0    0     4     0 1708 1759 32  3 65  0  0
2026-07-14 21:13:10.252 2  0      0 3113612 101428 2224544    0    0   168     0 1568 1519 32  3 65  0  0
2026-07-14 21:13:11.252 2  0      0 3088928 101432 2224876    0    0     0   204 1742 1785 32  3 65  0  0
2026-07-14 21:13:12.254 2  0      0 2816052 101432 2226772    0    0     0     4 2794 2806 27  5 68  0  0
2026-07-14 21:13:13.253 1  0      0 2792320 101432 2231108    0    0     0     4 3775 3833 26  5 69  0  0
2026-07-14 21:13:14.255 3  0      0 2765956 101432 2235384    0    0     0     0 3580 3417 26  4 69  1  0
2026-07-14 21:13:15.256 2  0      0 2748136 101432 2239536    0    0     0     0 3654 3656 28  4 68  0  0
2026-07-14 21:13:16.255 procs -----------memory---------- ---swap-- -----io---- -system-- ------cpu-----
2026-07-14 21:13:16.256 r  b   swpd   free   buff  cache   si   so    bi    bo   in   cs us sy id wa st
2026-07-14 21:13:16.257 2  1      0 2648716 101436 2251432    0    0     0   140 6471 7094 24  7 68  1  0
2026-07-14 21:13:17.258 1  0      0 2592372 101436 2257660    0    0     0    16 5905 7090 25  6 68  1  0
2026-07-14 21:13:18.259 2  0      0 2569192 101436 2262400    0    0     0     0 4486 5291 28  5 67  0  0
2026-07-14 21:13:19.260 2  0      0 2546336 101436 2266648    0    0     0     0 4529 5091 28  4 67  1  0
2026-07-14 21:13:20.260 2  0      0 2538976 101436 2266744    0    0     0     0 1609 1562 33  2 65  0  0
2026-07-14 21:13:21.261 2  0      0 2533520 101440 2266852    0    0     0  1112 2740 3408 34  2 64  0  0
2026-07-14 21:13:22.262 2  0      0 2537560 101440 2266972    0    0     0     0 1872 2107 33  2 65  0  0
2026-07-14 21:13:23.262 1  0      0 3297168 101440 2267020    0    0     0     0 2120 2554 18  8 74  0  0
2026-07-14 21:13:24.263 1  0      0 3290364 101440 2267132    0    0     0     0 1615 1891 16  2 82  0  0
2026-07-14 21:13:25.264 1  0      0 2875896 101440 2268400    0    0     0     0 1946 2285 12  6 82  0  0
2026-07-14 21:13:26.264 2  0      0 2824624 101444 2272848    0    0     0    64 2010 2396 14  3 83  0  0
2026-07-14 21:13:27.265 1  0      0 2801408 101444 2276904    0    0     0     0 3102 4312 15  3 83  0  0
2026-07-14 21:13:28.266 1  0      0 2763644 101444 2281052    0    0     0     0 2947 3914 15  4 82  0  0
2026-07-14 21:13:29.266 1  0      0 2709660 101444 2284248    0    0     0     0 1977 2376 14  2 84  0  0
2026-07-14 21:13:30.267 1  0      0 2673616 101444 2286520    0    0     0     0 1446 1609 17  1 82  0  0
2026-07-14 21:13:31.268 3  0      0 2615740 101452 2291844    0    0     0    48 2133 2628 15  2 83  0  0
2026-07-14 21:13:32.269 0  0      0 2549420 101452 2296944    0    0     0    40 1935 2216 14  2 84  0  0
2026-07-14 21:13:33.269 1  0      0 2395360 101452 2300888    0    0     0     0 2050 2534 15  3 82  0  0
2026-07-14 21:13:34.270 1  0      0 2275612 101452 2305704    0    0     0     0 1376 1507 15  3 82  0  0
2026-07-14 21:13:35.271 1  0      0 2107616 101452 2311388    0    0     0     0 1968 2483 14  3 82  0  0
2026-07-14 21:13:36.271 1  0      0 2046936 101456 2319376    0    0     0    76 2348 3328 15  4 81  0  0
2026-07-14 21:13:37.273 procs -----------memory---------- ---swap-- -----io---- -system-- ------cpu-----
2026-07-14 21:13:37.275 r  b   swpd   free   buff  cache   si   so    bi    bo   in   cs us sy id wa st
2026-07-14 21:13:37.278 2  0      0 1897584 101456 2323272    0    0     0    32 3152 4271 15 10 75  0  0
2026-07-14 21:13:38.274 1  0      0 1832128 101456 2328864    0    0     0     0 2180 2753 14  6 80  0  0
2026-07-14 21:13:39.274 1  0      0 1694728 101456 2335416    0    0     0     0 1702 2180 12  6 82  0  0
2026-07-14 21:13:40.275 1  0      0 1659152 101456 2339716    0    0     0     0 1583 1895 10  8 82  0  0
2026-07-14 21:13:41.274 1  0      0 1518116 101464 2344788    0    0     0    52 1441 1657 11  7 82  0  0
2026-07-14 21:13:42.278 0  0      0 1449700 101464 2347784    0    0     0     0 1937 2528 10  9 82  0  0
2026-07-14 21:13:43.278 2  0      0 1384912 101464 2355636    0    0     0     0 1969 2423 14  4 82  0  0
2026-07-14 21:13:44.279 2  0      0 1259052 101464 2357776    0    0     0     0 1691 2131  8 10 82  0  0
2026-07-14 21:13:45.280 2  0      0 1222188 101464 2360964    0    0     0     0 1497 1785  9  9 82  0  0
2026-07-14 21:13:46.280 2  0      0 1114320 101464 2364644    0    0     0    88 2073 2693 13  5 82  0  0
2026-07-14 21:13:47.280 2  0      0 1010876 101464 2367964    0    0     0  9420 2965 4243 12  7 80  0  0
2026-07-14 21:13:48.281 1  0      0 903876 101464 2371732    0    0     0     0 2307 3103 14  7 79  0  0
2026-07-14 21:13:49.281 2  0      0 789724 101464 2374848    0    0     0     0 1531 1971 11  7 82  0  0
2026-07-14 21:13:50.283 2  0      0 728268 101464 2379308    0    0     0     0 1669 2097 11  7 82  0  0
2026-07-14 21:13:51.284 2  0      0 717764 101472 2384476    0    0     0 60808 2455 3634 13  5 80  2  0
2026-07-14 21:13:52.282 2  0      0 693528 101472 2387296    0    0     0  4560 2156 2445 15  3 82  0  0
2026-07-14 21:13:53.285 2  1      0 680552 101472 2390392    0    0     0    16 3772 5254 18  4 77  2  0
2026-07-14 21:13:54.286 2  1      0 667052 101472 2394156    0    0     0     0 2024 2087 15  3 67 16  0
2026-07-14 21:13:55.286 2  1      0 574848 101472 2398692    0    0     0     0 2247 2725 13  5 66 16  0
2026-07-14 21:13:56.286 1  6      0 500344 101476 2404264    0    0     0   300 1860 2008 10  3 51 36  0
2026-07-14 21:13:57.288 1  8      0 498588 101476 2404264    0    0     0    80 3551 5090  1  4  9 86  0
2026-07-14 21:13:58.288 procs -----------memory---------- ---swap-- -----io---- -system-- ------cpu-----
2026-07-14 21:13:58.290 r  b   swpd   free   buff  cache   si   so    bi    bo   in   cs us sy id wa st
2026-07-14 21:13:58.293 1  5      0 403496 101424 2385412    0    0     0 56052 3762 5335  9  7 45 39  0
2026-07-14 21:13:59.289 3  0      0 1633416 101312 2358420    0    0     4   268 3088 4785 15 10 72  4  0
2026-07-14 21:14:00.290 2  0      0 2734948 101312 2358556    0    0     0    76 2690 3434 17  6 77  0  0
2026-07-14 21:14:01.290 2  0      0 2734784 101312 2359132    0    0   572     0 1688 2044 17  1 82  0  0
2026-07-14 21:14:02.291 1  1      0 2746304 101312 2363720    0    0  4648   256 2874 3444 15  2 81  2  0
