2026-07-14 21:12:34.224 procs -----------memory---------- ---swap-- -----io---- -system-- ------cpu-----
2026-07-14 21:12:34.227 r  b   swpd   free   buff  cache   si   so    bi    bo   in   cs us sy id wa st
2026-07-14 21:12:34.230 3  0      0 3636872  74128 2393892    0    0     6    33    4    6  2  9 89  0  0
2026-07-14 21:12:35.227 10  0      0 3633628  74132 2393976    0    0     0  1848 23552 40050  4 17 78  1  0
2026-07-14 21:12:36.226 1  0      0 3633388  74132 2394060    0    0     0   120 23852 40307  3 14 83  0  0
2026-07-14 21:12:37.227 0  0      0 3633140  74132 2394164    0    0     0   192 24454 41068  2 16 82  0  0
2026-07-14 21:12:38.227 0  0      0 3633140  74132 2394276    0    0     0   208 23843 39663  2 16 82  0  0
2026-07-14 21:12:39.226 0  0      0 3632888  74132 2394340    0    0     0   168 23307 39570  3 16 81  0  0
2026-07-14 21:12:40.228 2  0      0 3632888  74136 2394428    0    0     0   596 23905 40012  2 15 82  1  0
2026-07-14 21:12:41.228 0  0      0 3632648  74136 2394536    0    0     0    60 23365 39393  2 14 84  0  0
2026-07-14 21:12:42.228 0  0      0 3632648  74136 2394632    0    0     0   116 23201 39105  1 15 83  0  0
2026-07-14 21:12:43.230 3  0      0 3632648  74136 2394680    0    0     0   204 23591 39679  2 15 83  0  0
2026-07-14 21:12:44.230 5  0      0 3632396  74140 2394764    0    0     0   748 24149 40408  2 16 82  0  0
2026-07-14 21:12:45.231 3  0      0 3623416  74152 2394840    0    0     0  1088 26190 45670  6 20 72  1  0
2026-07-14 21:12:46.230 2  0      0 3610956  74172 2397528    0    0     0  1360 23735 42021 10 23 66  2  0
2026-07-14 21:12:47.232 2  0      0 3493324  74172 2398136    0    0     0    68 22310 38615 17 16 67  0  0
2026-07-14 21:12:48.232 1  0      0 3424612  74172 2398348    0    0     0   192 23021 39382 18 17 66  0  0
2026-07-14 21:12:49.232 1  0      0 3416060  74172 2398984    0    0     0   184 22931 39802 18 18 64  0  0
2026-07-14 21:12:50.231 2  0      0 3392396  74172 2399488    0    0   164  1068 23986 40949 19 15 66  0  0
2026-07-14 21:12:51.232 2  0      0 3381028  74172 2399584    0    0     0   664 22900 39522 17 15 67  0  0
2026-07-14 21:12:52.234 2  0      0 3278688  74172 2412284    0    0     0    40 26866 42771 11 19 70  1  0
2026-07-14 21:12:53.234 2  0      0 3263644  74172 2413108    0    0     0   104 22750 38847 17 15 68  0  0
2026-07-14 21:12:54.235 3  0      0 3255828  74172 2413464    0    0     0   216 23006 39181 18 15 67  0  0
2026-07-14 21:12:55.236 procs -----------memory---------- ---swap-- -----io---- -system-- ------cpu-----
2026-07-14 21:12:55.238 r  b   swpd   free   buff  cache   si   so    bi    bo   in   cs us sy id wa st
2026-07-14 21:12:55.241 2  0      0 3247008  74176 2413540    0    0     0   848 22997 39393 18 15 66  1  0
2026-07-14 21:12:56.237 4  0      0 3237724  74176 2413940    0    0     0   112 22590 38846 17 15 68  0  0
2026-07-14 21:12:57.235 1  0      0 3231928  74176 2414012    0    0     0   472 23256 40672 19 15 66  0  0
2026-07-14 21:12:58.239 3  0      0 2999000  74188 2414328    0    0     0   936 25269 43719 20 22 55  2  0
2026-07-14 21:12:59.239 4  0      0 2943528  74200 2417704    0    0     0  1580 23678 43514 25 23 49  3  0
2026-07-14 21:13:00.241 4  1      0 2848452  74204 2421180    0    0     0   348 21328 38519 30 20 48  2  0
2026-07-14 21:13:01.240 3  5      0 2694720  74232 2418304    0    0     0  6848 24716 44331 32 24 17 27  0
2026-07-14 21:13:02.241 3  0      0 2692444  74232 2419792    0    0   248   400 20881 38848 33 22 39  6  0
2026-07-14 21:13:03.240 1  1      0 2676512  74232 2421796    0    0     0   168 20411 36596 30 16 53  2  0
2026-07-14 21:13:04.242 4  0      0 2653568  74232 2424536    0    0     0   108 20067 36109 29 16 54  2  0
2026-07-14 21:13:05.243 1  0      0 2642660  74232 2427348    0    0     0     4 21133 36635 26 16 57  2  0
2026-07-14 21:13:06.241 1  1      0 2147576  74232 2430884    0    0     0     0 22966 39575 20 21 57  2  0
2026-07-14 21:13:07.243 4  0      0 2126236  74232 2433800    0    0     0  1320 22944 38714 21 16 60  3  0
2026-07-14 21:13:08.244 4  0      0 2148932  74232 2435780    0    0     0   116 23248 38758 21 17 59  2  0
2026-07-14 21:13:09.245 4  0      0 2149872  74232 2437348    0    0     0     0 22292 38390 27 17 55  1  0
2026-07-14 21:13:10.245 0  0      0 2828376  74240 2438928    0    0     0   752 24169 41331 14 21 63  2  0
2026-07-14 21:13:11.244 5  0      0 2795316  74248 2440352    0    0     0  1184 25818 46144 17 23 58  2  0
2026-07-14 21:13:12.246 4  0      0 2778948  74264 2443404    0    0     0  1152 21936 40019 21 19 57  3  0
2026-07-14 21:13:13.245 3  0      0 2633760  74264 2444708    0    0     0   472 20089 36421 25 17 57  1  0
2026-07-14 21:13:14.247 2  0      0 2588688  74264 2446212    0    0     0     0 19172 35709 27 15 57  1  0
2026-07-14 21:13:15.247 3  0      0 2568636  74264 2448180    0    0     0     0 19052 35686 26 15 58  1  0
2026-07-14 21:13:16.246 procs -----------memory---------- ---swap-- -----io---- -system-- ------cpu-----
2026-07-14 21:13:16.247 r  b   swpd   free   buff  cache   si   so    bi    bo   in   cs us sy id wa st
2026-07-14 21:13:16.248 2  0      0 2531192  74264 2449468    0    0     0     4 19263 36002 27 14 58  1  0
2026-07-14 21:13:17.249 6  0      0 2606808  74272 2449876    0    0     0   656 19669 36638 34 14 51  1  0
2026-07-14 21:13:18.249 1  0      0 2935604  74272 2450288    0    0     0   396 22467 39496 13 24 63  0  0
2026-07-14 21:13:19.249 0  0      0 2882644  74272 2451476    0    0     0   364 23364 39939 11 17 71  1  0
2026-07-14 21:13:20.250 1  0      0 2871304  74272 2453220    0    0     0     0 24212 40665 11 17 70  2  0
2026-07-14 21:13:21.251 2  0      0 2858724  74272 2454888    0    0     0     0 23664 39898 11 17 71  1  0
2026-07-14 21:13:22.251 1  0      0 2850288  74280 2456340    0    0     0  1704 22434 38441 11 15 65  9  0
2026-07-14 21:13:23.252 3  0      0 2843608  74280 2457664    0    0     0   184 21891 37973 14 15 70  1  0
2026-07-14 21:13:24.252 0  0      0 2830016  74280 2459292    0    0     0   464 23069 38993 12 16 71  1  0
2026-07-14 21:13:25.253 1  0      0 2820860  74280 2460724    0    0     0     4 23277 38909 11 15 73  2  0
2026-07-14 21:13:26.253 2  0      0 2814776  74280 2461536    0    0     0     0 20422 36265 13 15 72  1  0
2026-07-14 21:13:27.254 4  0      0 2802376  74284 2463028    0    0     0   464 24094 40922 10 17 70  3  0
2026-07-14 21:13:28.254 1  0      0 2852960  74284 2464552    0    0     0    92 21831 37393 13 14 72  1  0
2026-07-14 21:13:29.255 0  0      0 3544740  74284 2464836    0    0     0   404 21054 36466 11 18 71  0  0
2026-07-14 21:13:30.255 0  0      0 3544628  74284 2464920    0    0     0   336 24405 41088  2 16 82  0  0
2026-07-14 21:13:31.256 1  0      0 3544644  74284 2465028    0    0     0     0 23065 38864  3 14 83  0  0
2026-07-14 21:13:32.257 0  0      0 3544644  74284 2465080    0    0     0   856 23418 39466  2 16 81  1  0
2026-07-14 21:13:33.257 0  0      0 3544644  74284 2465160    0    0     0   980 24193 40530  2 16 82  0  0
2026-07-14 21:13:34.258 0  0      0 3544420  74284 2465236    0    0     0   148 23508 39688  2 16 82  0  0
2026-07-14 21:13:35.258 1  0      0 3546664  74284 2465304    0    0     0   500 24631 40300  3 16 81  0  0
2026-07-14 21:13:36.259 1  0      0 3546160  74284 2465396    0    0     0    12 24441 40978  3 15 82  0  0
2026-07-14 21:13:37.259 procs -----------memory---------- ---swap-- -----io---- -system-- ------cpu-----
2026-07-14 21:13:37.261 r  b   swpd   free   buff  cache   si   so    bi    bo   in   cs us sy id wa st
2026-07-14 21:13:37.264 1  0      0 3540820  74288 2465464    0    0     0  1216 25792 43648  3 17 79  1  0
2026-07-14 21:13:38.260 1  0      0 3540124  74288 2465532    0    0     0   216 23341 39563  6 15 79  0  0
2026-07-14 21:13:39.260 0  0      0 3539160  74288 2465632    0    0     0    40 23767 40247  2 16 81  0  0
2026-07-14 21:13:40.261 0  0      0 3539160  74288 2465712    0    0     0   416 24020 40733  2 17 81  0  0
2026-07-14 21:13:41.262 0  0      0 3539160  74288 2465796    0    0     0   296 23695 39885  2 14 84  0  0
2026-07-14 21:13:42.262 2  0      0 3539160  74288 2465892    0    0     0   600 22726 38718  1 15 83  1  0
2026-07-14 21:13:43.263 1  0      0 3539160  74288 2466004    0    0     0    92 23457 39782  3 15 82  0  0
2026-07-14 21:13:44.263 2  0      0 3539160  74288 2466072    0    0     0     4 23290 39346  2 15 84  0  0
2026-07-14 21:13:45.264 1  0      0 3539160  74288 2466132    0    0     0   172 23736 39878  2 15 84  0  0
2026-07-14 21:13:46.265 1  0      0 3531348  74288 2474296    0    0     0   504 23342 39604  2 14 84  0  0
2026-07-14 21:13:47.265 0  0      0 3531124  74288 2474460    0    0     0   504 24003 40468  2 15 82  1  0
2026-07-14 21:13:48.266 0  0      0 3530872  74288 2474572    0    0     0    84 22796 38873  2 15 84  0  0
2026-07-14 21:13:49.266 1  0      0 3530368  74288 2474636    0    0     0     8 23631 39789  3 15 82  0  0
2026-07-14 21:13:50.267 0  0      0 3530368  74288 2474764    0    0     0    52 23925 40387  2 16 82  0  0
2026-07-14 21:13:51.267 3  0      0 3530368  74288 2474840    0    0     0   440 24607 41301  2 15 83  0  0
2026-07-14 21:13:52.268 2  0      0 3530368  74292 2474908    0    0     0   780 23453 39637  2 15 83  1  0
2026-07-14 21:13:53.268 1  0      0 3530368  74292 2474992    0    0     0  1256 23827 39761  2 15 83  0  0
2026-07-14 21:13:54.269 2  0      0 3530116  74292 2475092    0    0     0     4 23874 40041  2 17 81  0  0
2026-07-14 21:13:55.269 1  0      0 3530116  74292 2475188    0    0     0     8 23164 39153  2 14 84  0  0
2026-07-14 21:13:56.270 3  0      0 3530116  74292 2475276    0    0     0   220 23474 39422  2 15 84  0  0
2026-07-14 21:13:57.270 2  0      0 3529892  74300 2475324    0    0     0   820 24536 41413  3 15 82  0  0
2026-07-14 21:13:58.270 procs -----------memory---------- ---swap-- -----io---- -system-- ------cpu-----
2026-07-14 21:13:58.273 r  b   swpd   free   buff  cache   si   so    bi    bo   in   cs us sy id wa st
2026-07-14 21:13:58.276 2  0      0 3529892  74300 2475412    0    0     0    32 23450 39387  2 16 82  0  0
2026-07-14 21:13:59.271 0  0      0 3529640  74300 2475476    0    0     0    96 23383 39708  3 15 81  0  0
2026-07-14 21:14:00.272 2  0      0 3529640  74300 2475544    0    0     0     8 24252 41263  2 16 82  0  0
2026-07-14 21:14:01.272 0  0      0 3529640  74300 2475628    0    0     0    48 23276 39304  2 15 83  0  0
2026-07-14 21:14:02.271 0  0      0 3529640  74304 2475728    0    0     0   912 23560 39558  1 15 83  1  0
