procs -----------memory---------- ---swap-- -----io---- -system-- ------cpu-----
 r  b   swpd   free   buff  cache   si   so    bi    bo   in   cs us sy id wa st
 2  0      0 4019024 170900 1791308    0    0     2     8    7   17  1  1 98  0  0
 0  0      0 4021396 170900 1791328    0    0     0     0 6264 10831 13  8 79  0  0
 0  0      0 4021396 170900 1791332    0    0     0    84 1539 1936  1  1 97  0  0
 0  0      0 4020920 170900 1791336    0    0     0     0 2033 2734  1  1 98  0  0
 0  0      0 4020920 170900 1791336    0    0     0     0 2312 3359  1  2 97  0  0
 0  0      0 4020920 170900 1791344    0    0     0    24 1334 1588  0  1 99  0  0
 0  0      0 4020680 170900 1791348    0    0     0    24 1414 1576  1  1 99  0  0
 0  0      0 4020852 170900 1791352    0    0     0   152 1546 1731  0  1 98  0  0
 0  0      0 4020700 170900 1791356    0    0     0     0 1861 2408  1  2 97  0  0
 0  0      0 4020700 170900 1791364    0    0     0     4 1382 1686  0  1 99  0  0
 0  0      0 4020700 170900 1791372    0    0     0     0 2153 3068  1  2 97  0  0
 0  0      0 4020448 170900 1791376    0    0     0    16 1770 2299  1  1 98  0  0
 0  0      0 4020448 170900 1791376    0    0     0    28 1311 1594  1  1 98  0  0
 0  0      0 4020380 170900 1791380    0    0     0    52 2043 2741  0  2 97  0  0
 0  0      0 4021728 170900 1791384    0    0     0     0 1344 1646  1  1 98  0  0
 0  0      0 4021728 170900 1791388    0    0     0     0 1305 1455  0  1 99  0  0
 0  0      0 4021648 170900 1791400    0    0     0     0 1360 1486  1  1 98  0  0
 0  0      0 4021728 170900 1791400    0    0     0    16 1487 1911  0  1 99  0  0
 0  0      0 4021728 170900 1791404    0    0     0    68 1659 2175  1  3 97  0  0
 0  0      0 4021728 170900 1791408    0    0     0     0 2567 3739  1  2 98  0  0
 1  0      0 4019576 170900 1791420    0    0     0     0 4285 6455  7  6 87  0  0
procs -----------memory---------- ---swap-- -----io---- -system-- ------cpu-----
 r  b   swpd   free   buff  cache   si   so    bi    bo   in   cs us sy id wa st
 3  0      0 4018900 170900 1791428    0    0     0     0 5416 8809 11  8 82  0  0
 0  0      0 4017824 170900 1791448    0    0     0     4 4042 6217  6  4 90  0  0
 0  0      0 4017584 170900 1791448    0    0     0    52 3871 5999  6  4 90  0  0
 0  0      0 4017584 170900 1791448    0    0     0    48 1545 1901  1  1 98  0  0
 0  0      0 4017584 170900 1791464    0    0     0    12 1476 1760  1  1 98  0  0
 0  0      0 4017584 170900 1791464    0    0     0     0 1306 1541  0  1 99  0  0
 0  0      0 4017584 170900 1791468    0    0     0     0 1272 1426  0  1 99  0  0
 2  0      0 4017584 170900 1791468    0    0     0    76 1855 2437  1  3 96  0  0
 0  0      0 4017584 170900 1791476    0    0     0     8 1956 2439  1  1 98  0  0
 0  0      0 4017332 170900 1791476    0    0     0    28 2229 3128  2  2 97  0  0
 0  0      0 4017332 170900 1791484    0    0     0     0 1860 2442  1  1 98  0  0
 0  0      0 4017332 170900 1791484    0    0     0     0 1251 1517  1  1 98  0  0
 0  0      0 4017332 170900 1791496    0    0     0    60 1774 2479  1  1 98  0  0
 0  0      0 4017084 170900 1791496    0    0     0     0 2562 3769  1  2 97  0  0
 0  0      0 4017084 170900 1791504    0    0     0    32 1324 1588  0  1 99  0  0
 0  0      0 4017084 170900 1791508    0    0     0     4 1520 1996  1  1 98  0  0
 0  0      0 4014124 170900 1791516    0    0     0     0 4633 7164 10  6 85  0  0
 1  0      0 4005264 170900 1791532    0    0     0    68 5854 9685 11  7 82  0  0
 0  0      0 4017520 170900 1791532    0    0     0     8 3629 5541  5  4 90  0  0
 0  0      0 4017628 170900 1791540    0    0     0    32 3912 6213  5  5 91  0  0
 0  0      0 4017980 170900 1791544    0    0     0     8 1620 2065  1  1 98  0  0
procs -----------memory---------- ---swap-- -----io---- -system-- ------cpu-----
 r  b   swpd   free   buff  cache   si   so    bi    bo   in   cs us sy id wa st
 0  0      0 4017904 170900 1791552    0    0     0    12 1300 1575  1  1 99  0  0
 0  0      0 4018076 170900 1791552    0    0     0   148 1989 2668  1  1 98  0  0
 0  0      0 4017912 170900 1791560    0    0     0     8 1485 1834  0  2 98  0  0
 0  0      0 4017644 170900 1791560    0    0     0    20 1380 1671  1  1 98  0  0
 0  0      0 4017700 170900 1791572    0    0     0     0 1350 1580  1  1 99  0  0
 0  0      0 4017700 170900 1791572    0    0     0     8 1245 1479  0  1 99  0  0
 0  0      0 4017700 170900 1791580    0    0     0    64 1341 1618  2  2 96  0  0
 0  0      0 4017452 170900 1791584    0    0     0     8 2753 4124  1  2 97  0  0
 0  0      0 4017704 170900 1791588    0    0     0    20 1965 2753  1  1 98  0  0
 0  0      0 4017156 170900 1791596    0    0     0     0 1574 1991  1  1 98  0  0
 0  0      0 4016992 170900 1791596    0    0     0     0 1286 1592  1  1 98  0  0
 0  0      0 4017176 170900 1791600    0    0     0    68 1709 2255  1  1 98  0  0
 0  0      0 4017004 170900 1791600    0    0     0     8 1751 2268  1  1 98  0  0
 1  0      0 4019452 170900 1791612    0    0     0     4 7398 12504 16  9 75  0  0
 1  0      0 4016948 170900 1791624    0    0     0    24 5393 8531 11  7 83  0  0
 1  0      0 4018684 170900 1791636    0    0     0     0 2605 3897  4  2 94  0  0
 0  0      0 4018684 170900 1791640    0    0     0    64 2543 3648  3  3 94  0  0
 0  0      0 4018684 170900 1791648    0    0     0     8 1987 2620  1  1 98  0  0
 0  0      0 4018684 170900 1791648    0    0     0    28 2356 3325  2  2 97  0  0
 0  0      0 4018684 170900 1791660    0    0     0    28 1882 2428  1  1 98  0  0
 0  0      0 4018684 170900 1791660    0    0     0     0 1493 1864  1  1 98  0  0
procs -----------memory---------- ---swap-- -----io---- -system-- ------cpu-----
 r  b   swpd   free   buff  cache   si   so    bi    bo   in   cs us sy id wa st
 0  0      0 4018444 170900 1791664    0    0     0    84 1960 2666  1  1 98  0  0
 0  0      0 4018444 170900 1791664    0    0     0     0 2394 3490  1  2 97  0  0
 0  0      0 4018444 170900 1791672    0    0     0    20 1276 1557  0  1 99  0  0
 0  0      0 4018444 170900 1791680    0    0     0    24 1542 1928  1  2 97  0  0
 0  0      0 4018444 170900 1791688    0    0     0     0 1363 1583  1  1 99  0  0
 0  0      0 4020416 170900 1791688    0    0     0    60 1491 1848  1  2 97  0  0
 0  0      0 4020416 170900 1791692    0    0     0     4 1922 2517  1  2 98  0  0
 0  0      0 4020168 170900 1791692    0    0     0     0 2086 2946  1  2 98  0  0
 0  0      0 4020168 170900 1791704    0    0     0    32 1590 1981  1  2 98  0  0
 1  0      0 4007884 170900 1791700    0    0     0    36 4589 7111  9  6 85  0  0
 3  0      0 4016256 170900 1791724    0    0     0    68 6176 10034 12  6 81  0  0
 0  0      0 4017224 170900 1791736    0    0     0     0 4302 7077  8  6 86  0  0
 0  0      0 4019452 170900 1791732    0    0     0     0 3185 4806  6  3 91  0  0
 0  0      0 4019452 170900 1791744    0    0     0    36 1284 1501  0  1 99  0  0
 0  0      0 4019452 170900 1791744    0    0     0    28 1438 1736  0  1 99  0  0
 0  0      0 4019452 170900 1791752    0    0     0    80 1399 1816  1  2 97  0  0
 0  0      0 4019204 170900 1791752    0    0     0    64 2847 4126  1  2 97  0  0
 0  0      0 4019204 170900 1791760    0    0     0     0 1995 2808  1  1 98  0  0
 0  0      0 4018964 170900 1791768    0    0     0    24 1756 2252  1  1 98  0  0
 0  0      0 4018964 170900 1791772    0    0     0     8 1349 1612  0  1 99  0  0
 0  0      0 4018964 170900 1791772    0    0     0    68 1851 2512  1  1 98  0  0
procs -----------memory---------- ---swap-- -----io---- -system-- ------cpu-----
 r  b   swpd   free   buff  cache   si   so    bi    bo   in   cs us sy id wa st
 0  0      0 4018964 170900 1791780    0    0     0     8 1656 2087  1  2 98  0  0
 0  0      0 4018964 170900 1791780    0    0     0     0 1327 1675  1  1 98  0  0
 0  0      0 4018964 170900 1791792    0    0     0    20 1166 1284  0  1 99  0  0
 0  0      0 4018964 170900 1791792    0    0     0     4 1453 1787  1  1 99  0  0
 2  0      0 4018964 170900 1791796    0    0     0    48 1461 1827  1  2 97  0  0
 2  0      0 4022768 170900 1791812    0    0     0     8 7163 11627 15  9 76  0  0
 0  0      0 4022272 170900 1791844    0    0     0     8 6313 10399 11  8 82  0  0
 1  0      0 4022272 170900 1791844    0    0     0    28 2431 3387  2  2 96  0  0
 0  0      0 4022272 170900 1791852    0    0     0     0 2491 3580  3  2 95  0  0
 0  0      0 4022032 170900 1791852    0    0     0    72 1827 2511  1  1 98  0  0
 0  0      0 4022032 170900 1791860    0    0     0   108 2675 3895  1  2 97  0  0
 0  0      0 4022032 170900 1791856    0    0     0    12 1317 1534  1  1 99  0  0
 0  0      0 4022032 170900 1791868    0    0     0    28 1456 1730  1  1 98  0  0
 0  0      0 4021568 170900 1791872    0    0     0     0 1548 1821  1  1 98  0  0
 0  0      0 4021568 170900 1791876    0    0     0     8 1383 1650  1  2 97  0  0
 0  0      0 4021568 170900 1791876    0    0     0    68 1821 2303  1  2 98  0  0
 0  0      0 4021568 170900 1791888    0    0     0     0 2046 3050  1  2 97  0  0
 0  0      0 4021568 170900 1791888    0    0     0     8 1640 2137  1  1 98  0  0
 0  0      0 4021568 170900 1791896    0    0     0    24 1298 1609  1  1 98  0  0
 0  0      0 4021568 170900 1791896    0    0     0     0 1779 2446  1  1 98  0  0
 0  0      0 4021568 170904 1791904    0    0     0    52 1750 2212  1  2 97  0  0
procs -----------memory---------- ---swap-- -----io---- -system-- ------cpu-----
 r  b   swpd   free   buff  cache   si   so    bi    bo   in   cs us sy id wa st
 0  0      0 4021568 170904 1791904    0    0     0     0 1156 1357  1  1 99  0  0
 1  0      0 4012976 170904 1791916    0    0     0     0 4394 6636  9  6 85  0  0
 2  0      0 4020552 170904 1791928    0    0     0    28 5195 8416  9  6 85  0  0
 0  0      0 4016896 170904 1791944    0    0     0     4 3620 5366  5  5 89  0  0
 0  0      0 4021552 170904 1791936    0    0     0    72 4690 7465  6  5 89  0  0
 0  0      0 4021312 170904 1791944    0    0     0     0 1899 2531  1  1 98  0  0
 0  0      0 4021088 170904 1791948    0    0     0    12 1559 1872  1  1 98  0  0
 0  0      0 4021088 170904 1791956    0    0     0    32 1478 1920  1  1 98  0  0
 0  0      0 4021088 170904 1791956    0    0     0     8 1879 2585  1  1 98  0  0
 0  0      0 4021088 170904 1791964    0    0     0   128 1747 2186  1  1 97  0  0
 0  0      0 4021088 170904 1791972    0    0     0     8 1458 1770  0  1 99  0  0
 0  0      0 4021088 170904 1791976    0    0     0     0 1484 1814  0  1 99  0  0
 0  0      0 4021088 170904 1791976    0    0     0    24 1377 1615  0  1 99  0  0
 0  0      0 4021088 170904 1791984    0    0     0     0 1396 1695  1  2 98  0  0
 0  0      0 4021088 170908 1791980    0    0     0    60 1998 2581  1  2 98  0  0
 0  0      0 4020844 170908 1791992    0    0     0     8 2129 3020  1  2 97  0  0
 0  0      0 4021360 170908 1791992    0    0     0     0 1718 2280  1  1 98  0  0
 0  0      0 4021600 170908 1792004    0    0     0    20 1389 1692  1  1 98  0  0
 4  0      0 4014400 170908 1792004    0    0     0     0 3330 4886  5  4 91  0  0
 1  0      0 4017944 170908 1792028    0    0     0    56 8169 13741 13  9 78  0  0
 0  0      0 4016164 170908 1792028    0    0     0    12 5780 9399 11  7 81  0  0
procs -----------memory---------- ---swap-- -----io---- -system-- ------cpu-----
 r  b   swpd   free   buff  cache   si   so    bi    bo   in   cs us sy id wa st
 0  0      0 4020908 170908 1792028    0    0     0    12 3307 5073  5  4 92  0  0
 0  0      0 4020908 170908 1792036    0    0     0    32 1383 1680  0  1 99  0  0
 0  0      0 4020908 170908 1792036    0    0     0     8 1408 1828  1  2 97  0  0
 0  0      0 4020432 170908 1792044    0    0     0    72 1932 2570  1  2 97  0  0
 0  0      0 4020452 170908 1792044    0    0     0     0 2245 3348  1  2 97  0  0
 0  0      0 4020452 170908 1792056    0    0     0    16 1509 1889  1  1 98  0  0
 0  0      0 4020452 170908 1792056    0    0     0    24 1239 1493  1  1 99  0  0
 0  0      0 4020452 170908 1792064    0    0     0     0 1615 2134  2  1 97  0  0
 0  0      0 4020452 170908 1792064    0    0     0    52 1584 1922  1  1 98  0  0
 0  0      0 4020452 170908 1792076    0    0     0     0 1447 1731  1  1 98  0  0
 0  0      0 4020452 170908 1792076    0    0     0     4 1496 1787  1  1 98  0  0
 7  0      0 4015856 170908 1792092    0    0     0     8 5247 8226 10  7 82  0  0
 1  0      0 4015188 170908 1792096    0    0     0    36 5850 9480 11  7 81  0  0
 0  0      0 4014292 170912 1792108    0    0     0    56 5680 9151  6  6 88  0  0
13  0      0 4012560 170920 1792092    0    0     0   300 5617 9061  8  6 85  1  0
 1  0      0 3998584 170924 1793332    0    0     0   724 8150 13295  7 10 77  5  0
 1  0      0 3970040 170928 1794244    0    0     0   604 3846 5152 15  4 80  0  0
 1  0      0 3807296 170928 1794256    0    0     0     8 2566 3018 16  3 81  0  0
 1  0      0 3797228 170928 1794608    0    0     0    48 1981 2280 17  2 81  0  0
 1  0      0 3776580 170928 1794892    0    0     0   480 1703 1882 16  1 82  0  0
 1  0      0 3764400 170928 1794940    0    0     0     4 1465 1515 16  2 82  0  0
procs -----------memory---------- ---swap-- -----io---- -system-- ------cpu-----
 r  b   swpd   free   buff  cache   si   so    bi    bo   in   cs us sy id wa st
 1  0      0 3755356 170928 1795000    0    0     0   132 1585 1779 16  2 82  0  0
 1  0      0 3742544 170928 1795200    0    0     0     4 1968 2422 17  2 81  0  0
 1  0      0 3736256 170928 1795384    0    0     0    12 2081 2612 17  2 81  0  0
 1  0      0 3721856 170928 1795524    0    0     0    28 2542 3606 17  3 81  0  0
 1  0      0 3710244 170928 1795684    0    0     0     0 6110 10249 29  9 62  0  0
 1  0      0 3695112 170928 1795784    0    0     0   152 5591 9439 27  7 66  0  0
 3  0      0 3687592 170928 1795900    0    0     0    28 2861 4065 19  3 78  0  0
 1  1      0 3677244 170928 1796044    0    0     0   612 8267 13827 24  8 66  2  0
 2  0      0 3653600 170928 1798648    0    0     0  1012 6110 9334 26  9 63  1  0
 2  0      0 3495040 170928 1798988    0    0     0    52 2434 2461 31  4 65  0  0
 4  0      0 3055104 170928 1812792    0    0     0     0 7913 8481 26  9 65  1  0
 4  0      0 2881324 170928 1815828    0    0     0     8 3290 3218 27  5 68  0  0
 2  0      0 2844740 170928 1819672    0    0     0     4 4038 4313 26  4 70  0  0
 2  0      0 2810720 170928 1823360    0    0     0   312 4584 5597 26  5 69  1  0
 3  0      0 2792692 170928 1826856    0    0     0  5496 3668 3900 28  3 69  1  0
 1  0      0 2771460 170928 1830064    0    0     0    36 3604 3723 26  4 70  0  0
 1  0      0 2749640 170928 1833860    0    0     0     0 3958 4477 26  3 71  0  0
 1  0      0 2722616 170928 1836744    0    0     0     8 3389 3634 26  4 70  0  0
 5  0      0 2703720 170928 1841000    0    0     0   184 7302 11527 38 12 49  1  0
 2  0      0 2662408 170928 1844000    0    0     0    28 5984 10076 39  9 52  0  0
 3  0      0 2659840 170928 1844380    0    0     0     8 3106 3842 36  3 62  0  0
procs -----------memory---------- ---swap-- -----io---- -system-- ------cpu-----
 r  b   swpd   free   buff  cache   si   so    bi    bo   in   cs us sy id wa st
 1  0      0 3611728 170928 1844508    0    0     0    40 3186 4315 29 10 61  0  0
 1  0      0 3607456 170928 1844660    0    0     0    12 3170 4707 17  3 80  0  0
 1  0      0 3599656 170928 1844752    0    0     0     0 2652 3757 17  2 81  0  0
 1  0      0 3125784 170928 1858188    0    0     0   132 7920 8460 10  8 81  1  0
 1  0      0 2933052 170928 1862608    0    0     0     0 2799 2996 13  3 84  0  0
 1  1      0 2921804 170928 1869516    0    0     0  7908 2930 3611 14  2 84  0  0
 1  0      0 2871660 170928 1874256    0    0     0    44 3605 4067 11  2 86  0  0
 1  1      0 2851320 170928 1879492    0    0     0     0 4032 4523 13  2 85  0  0
 1  0      0 2807792 170928 1883396    0    0     0   168 2983 2837 12  2 86  1  0
 1  0      0 2768980 170928 1886252    0    0     0     0 2041 1783 15  2 83  0  0
 1  0      0 2711500 170928 1893388    0    0     0   776 3593 3726 14  3 83  0  0
 0  0      0 2643748 170928 1899976    0    0     0    12 3395 3611 14  2 83  0  0
 1  0      0 2538672 170928 1905492    0    0     0    44 3704 4479 13  3 84  0  0
 1  0      0 2350372 170932 1910700    0    0     0   100 3277 3620 14  3 83  0  0
 1  0      0 2287104 170932 1920492    0    0     0     0 2803 2972 14  3 83  1  0
 1  0      0 2197852 170932 1931156    0    0     0     0 3394 4025 14  3 82  1  0
 1  0      0 2038844 170932 1938168    0    0     0     0 4632 5970 16  3 81  0  0
 1  0      0 1926020 170932 1945380    0    0     0    12 2649 2704 13  2 84  0  0
 1  0      0 1773812 170932 1954800    0    0     0    96 3237 3446 14  3 83  1  0
 1  0      0 1684668 170932 1966504    0    0     0     0 3245 3548 15  3 82  1  0
 1  0      0 1575936 170932 1974432    0    0     0     0 3344 3640 15  3 81  0  0
procs -----------memory---------- ---swap-- -----io---- -system-- ------cpu-----
 r  b   swpd   free   buff  cache   si   so    bi    bo   in   cs us sy id wa st
 0  1      0 1493792 170932 1986396    0    0     0     0 3196 3549 15  3 82  0  0
 1  0      0 1380192 170932 1992588    0    0     0     0 3800 4671 14  3 83  0  0
 1  0      0 1259764 170932 2000460    0    0     0    92 2913 2992 14  3 82  1  0
 1  0      0 1095572 170932 2006424    0    0     0   988 2845 3074 14  3 83  1  0
 1  0      0 978752 170932 2013196    0    0     0    76 2876 3284 14  3 83  0  0
 1  0      0 882224 170932 2020744    0    0     0 61924 3716 4187 14  4 80  2  0
 1  0      0 733888 170932 2027436    0    0     0     0 2615 2556 14  3 83  0  0
 1  0      0 742392 170932 2034984    0    0     0   220 2759 2854 13  3 84  1  0
 1  0      0 709132 170932 2039148    0    0     0  6452 3215 3487 14  2 84  0  0
 1  0      0 706740 170932 2043428    0    0     0   172 2576 2516 15  2 83  0  0
 0  0      0 681100 170932 2048148    0    0     0 39156 4386 5905 13  3 84  0  0
 1  0      0 606704 170932 2054620    0    0     0     0 3902 4643 15  2 83  0  0
 1  0      0 505352 170932 2064272    0    0     0   192 3982 4421 13  3 83  1  0
 1  0      0 328252 170932 2074976    0    0     0     4 3010 3048 14  2 83  1  0
 1  0      0 2669908 170932 2076708    0    0     0     8 2835 3720 17  2 81  0  0
 1  0      0 2767816 170932 2076840    0    0     0   172 2229 2440 17  2 81  0  0
 0  0      0 3704224 170932 2076848    0    0     0     0 1567 1618  3  5 92  0  0
 0  0      0 3703972 170932 2076856    0    0     0    68 1972 2638  1  1 98  0  0
 0  0      0 3703724 170932 2076856    0    0     0     8 1522 1862  1  1 99  0  0
 4  0      0 3701580 170932 2076860    0    0     0     0 2148 2751  4  3 93  0  0
