procs -----------memory---------- ---swap-- -----io---- -system-- ------cpu-----
 r  b   swpd   free   buff  cache   si   so    bi    bo   in   cs us sy id wa st
 3  0      0 1175736 145580 5204556    0    0     8    19    6   32  1  5 93  0  0
 0  0      0 1177456 145580 5204596    0    0     0    20 14754 25552 11 14 75  0  0
 0  0      0 1177208 145580 5204644    0    0     0    60 11713 18898  1  6 93  0  0
 0  0      0 1177208 145580 5204708    0    0     0    28 11138 18003  1  6 93  0  0
 0  0      0 1177208 145580 5204744    0    0     0     8 11197 17813  1  6 94  0  0
 1  0      0 1177208 145580 5204804    0    0     0   440 11038 17689  1  5 94  0  0
 1  0      0 1177208 145580 5204868    0    0     0   892 12258 19891  2  7 92  0  0
 2  0      0 1177208 145580 5204880    0    0     0    20 11286 18237  1  6 93  0  0
 0  0      0 1176960 145580 5204932    0    0     0    40 11550 18878  1  7 91  0  0
 0  0      0 1176960 145580 5204956    0    0     0    24 11376 18137  1  6 94  0  0
 0  0      0 1176960 145584 5205032    0    0     0   480 11393 18073  1  6 92  0  0
 1  0      0 1176708 145584 5205068    0    0     0    16 11941 18720  1  5 94  0  0
 0  0      0 1176708 145584 5205116    0    0     0    80 11220 18131  1  6 93  0  0
 0  0      0 1176708 145584 5205192    0    0     0    32 11293 18175  2  7 92  0  0
 0  0      0 1176708 145584 5205220    0    0     0    52 10714 17390  1  5 94  0  0
 0  0      0 1176708 145584 5205272    0    0     0   576 10803 17663  1  7 92  1  0
 2  0      0 1174512 145584 5205300    0    0     0    52 13670 22903 11 13 75  0  0
 4  0      0 1174280 145584 5205344    0    0     0    76 13655 23075  8 11 81  0  0
 0  0      0 1173788 145584 5205416    0    0     0    12 12747 21910  6 11 83  0  0
 1  0      0 1176100 145584 5205436    0    0     0    52 12555 21125  7 10 83  0  0
 0  0      0 1176100 145584 5205524    0    0     0   176 11042 17955  1  5 93  0  0
procs -----------memory---------- ---swap-- -----io---- -system-- ------cpu-----
 r  b   swpd   free   buff  cache   si   so    bi    bo   in   cs us sy id wa st
 0  0      0 1176100 145584 5205568    0    0     0    52 11725 19229  1  6 93  0  0
 0  0      0 1176100 145584 5205620    0    0     0     0 12176 19482  1  7 92  0  0
 0  0      0 1176100 145584 5205652    0    0     0    80 11127 18235  1  7 92  0  0
 0  0      0 1176100 145584 5205696    0    0     0    44 11208 18145  1  6 93  0  0
 2  0      0 1176100 145584 5205740    0    0     0   372 11442 18585  1  6 92  1  0
 0  0      0 1176100 145584 5205756    0    0     0    52 11570 18648  1  7 92  0  0
 0  0      0 1176100 145584 5205828    0    0     0     0 11575 18639  1  6 93  0  0
 0  1      0 1169368 145584 5205904    0    0     0   752 13921 23095  4 11 84  1  0
 2  0      0 1158756 145584 5207472    0    0     0  1480 16704 29253  9 17 72  2  0
 1  0      0 1049796 145584 5208236    0    0     0    48 12013 19151 16  7 77  0  0
 4  0      0 974784 145584 5208308    0    0     0    72 11628 18592 17  8 75  0  0
 2  0      0 962196 145584 5208668    0    0     0    20 11922 19067 17  7 76  0  0
 1  0      0 937964 145584 5208840    0    0     0   644 13603 24197 30 15 55  0  0
 4  0      0 930876 145584 5209024    0    0     0   344 13121 22375 26 10 64  0  0
 2  0      0 843360 145584 5220988    0    0     0    56 15670 23871 15 12 71  1  0
 1  0      0 817696 145584 5221216    0    0     0    80 11922 19219 17  7 76  0  0
 1  0      0 805372 145584 5221484    0    0     0   800 11504 18633 17  6 77  0  0
 8  0      0 795796 145584 5221640    0    0     0     0 11838 19097 17  6 76  0  0
 1  0      0 790516 145584 5221796    0    0     0   576 11224 18342 18  6 76  0  0
 5  0      0 783476 145584 5213788    0    0     0   544 11418 18066 17  6 75  2  0
 1  0      0 544708 145584 5214616    0    0   540    68 11512 18332 16  8 76  0  0
procs -----------memory---------- ---swap-- -----io---- -system-- ------cpu-----
 r  b   swpd   free   buff  cache   si   so    bi    bo   in   cs us sy id wa st
 1  0      0 532496 145584 5215604    0    0     0    32 11548 18865 15  6 78  1  0
 1  0      0 483272 145584 5221748    0    0     0     0 13422 20525 12 10 76  2  0
 1  0      0 481508 145584 5224108    0    0     0   280 13141 20252 11  9 78  2  0
 1  0      0 479820 145584 5227116    0    0     0   112 13294 20497 12  7 78  3  0
 1  0      0 471768 145584 5231216    0    0     0    60 13266 20284 11  8 78  2  0
 1  0      0 436288 145584 5235088    0    0     0    72 13268 20449 12  9 77  2  0
10  0      0 451356 145584 5237228    0    0     0    16 12758 19689 12  8 78  2  0
 4  0      0 436452 145588 5237540    0    0     0   216 10404 18338 21  8 72  0  0
 0  0      0 1136444 145588 5237632    0    0     0   248 13205 24304 18 14 69  0  0
 0  0      0 1140220 145588 5237688    0    0     0   152 14342 24582 12 13 75  0  0
 0  0      0 1140220 145588 5237744    0    0     0    16 13191 21833  6  9 85  0  0
 0  0      0 1140220 145588 5237792    0    0     0    24 11793 18693  1  7 92  0  0
 0  0      0 1140220 145588 5237816    0    0     0   224 11420 18175  1  6 94  0  0
 0  0      0 1136124 145588 5237864    0    0     0     8 11243 17970  2  6 92  0  0
 0  0      0 1136124 145588 5237916    0    0     0   152 10848 17674  1  6 93  0  0
 0  0      0 1136124 145588 5237944    0    0     0    24 11458 18429  1  7 92  0  0
 0  0      0 1136124 145588 5237972    0    0     0     4 11083 17936  1  6 93  0  0
 0  0      0 1136124 145588 5238048    0    0     0   256 12127 19832  1  6 93  0  0
 0  0      0 1136124 145588 5238088    0    0     0   224 11421 18191  1  6 93  0  0
 0  0      0 1136124 145588 5238156    0    0     0    68 11495 18625  1  6 93  0  0
 0  0      0 1136124 145588 5238204    0    0     0   116 11664 18636  1  7 93  0  0
procs -----------memory---------- ---swap-- -----io---- -system-- ------cpu-----
 r  b   swpd   free   buff  cache   si   so    bi    bo   in   cs us sy id wa st
 1  0      0 1136124 145588 5238236    0    0     0    36 11212 17993  2  6 92  0  0
 1  1      0 1136124 145592 5238268    0    0     0   216 11134 17726  1  6 93  0  0
 0  0      0 1136124 145592 5238324    0    0     0    28 11245 18012  1  6 93  0  0
 1  0      0 1133100 145592 5238364    0    0     0    16 12307 19516  3  7 90  0  0
 0  0      0 1131728 145592 5238440    0    0     0   280 14624 25424 11 14 75  0  0
 0  0      0 1130532 145592 5238484    0    0     0   620 14246 24103 12 13 75  0  0
 1  0      0 1132252 145592 5238544    0    0     0     0 12867 21140  6  8 86  0  0
 0  0      0 1132048 145592 5238580    0    0     0   412 11305 17979  1  5 93  1  0
 0  0      0 1132048 145592 5238644    0    0     0    16 11710 18927  1  6 93  0  0
 0  0      0 1132048 145592 5238680    0    0     0    64 11842 19036  1  7 92  0  0
 0  0      0 1132048 145592 5238704    0    0     0    52 11474 18523  2  8 90  0  0
 1  0      0 1132048 145592 5238768    0    0     0     8 11128 17769  1  6 93  0  0
 0  0      0 1132048 145596 5238808    0    0     0   552 11484 18421  1  6 93  0  0
 0  0      0 1131800 145596 5238868    0    0     0     0 11523 18490  1  7 93  0  0
 0  0      0 1131800 145596 5238956    0    0     0    64 11095 18105  2  6 92  0  0
 0  0      0 1131800 145596 5238972    0    0     0    52 10982 17401  1  6 94  0  0
 0  0      0 1131800 145596 5239028    0    0     0    28 12215 19788  2  7 91  0  0
 0  0      0 1131800 145596 5239032    0    0     0   212 11522 18377  2  6 93  0  0
 0  0      0 1131800 145596 5239104    0    0     0     4 11935 19536  2  7 91  0  0
 0  0      0 1131800 145596 5239124    0    0     0    52 11733 18755  1  5 93  0  0
 0  0      0 1131324 145596 5239184    0    0     0    36 11398 18087  2  7 91  0  0
procs -----------memory---------- ---swap-- -----io---- -system-- ------cpu-----
 r  b   swpd   free   buff  cache   si   so    bi    bo   in   cs us sy id wa st
 0  0      0 1125832 145596 5239256    0    0     0    40 14925 25901 14 16 70  0  0
 2  0      0 1130724 145596 5239292    0    0     0   372 14308 24650 11 13 76  0  0
 0  0      0 1130896 145596 5239336    0    0     0     0 12380 20605  5  9 87  0  0
 0  0      0 1130504 145596 5239368    0    0     0    52 11210 18275  5  7 89  0  0
 1  0      0 1130256 145596 5239424    0    0     0    20 11195 18271  1  6 93  0  0
 0  0      0 1130256 145596 5239448    0    0     0    60 12220 20042  2  7 92  0  0
 0  0      0 1130256 145596 5239504    0    0     0   244 11047 17792  1  6 93  0  0
 1  0      0 1130320 145596 5239560    0    0     0     8 11508 18349  1  6 93  0  0
 0  0      0 1130320 145596 5239624    0    0     0   408 12190 19110  1  7 92  0  0
 0  0      0 1130320 145596 5239636    0    0     0    16 11454 18102  1  7 92  0  0
 3  0      0 1130320 145596 5239724    0    0     0    92 11153 17979  1  5 94  0  0
 2  0      0 1130320 145596 5239760    0    0     0   508 11347 18142  1  8 92  0  0
 1  0      0 1130320 145596 5239800    0    0     0     4 12302 19903  2  7 91  0  0
 0  0      0 1130320 145596 5239844    0    0     0    52 11670 18625  1  6 93  0  0
 3  0      0 1130320 145596 5239872    0    0     0    80 11714 18637  1  7 93  0  0
 0  0      0 1130320 145596 5239940    0    0     0   688 11959 19494  1  7 93  0  0
 1  0      0 1130320 145596 5239988    0    0     0   352 11155 18095  1  6 93  0  0
 3  0      0 1110692 145596 5240048    0    0     0     8 13166 22278 10 13 76  0  0
12  0      0 1122176 145596 5240112    0    0     0    12 13831 23686  8 12 79  0  0
 1  0      0 1126120 145596 5240140    0    0     0    48 11516 19461  5 10 85  0  0
 2  0      0 1128188 145596 5240192    0    0     0    12 12588 20342  5 10 85  0  0
procs -----------memory---------- ---swap-- -----io---- -system-- ------cpu-----
 r  b   swpd   free   buff  cache   si   so    bi    bo   in   cs us sy id wa st
 0  0      0 1128188 145600 5240216    0    0     0   508 11452 18516  1  6 93  0  0
 4  0      0 1128188 145600 5240256    0    0     0    48 11717 18764  2  5 93  0  0
 1  0      0 1128188 145600 5240312    0    0     0     8 10889 17795  1  5 94  0  0
 4  0      0 1128188 145600 5240340    0    0     0    60 11365 18101  1  7 93  0  0
 0  0      0 1128188 145600 5240436    0    0     0    16 11990 19499  1  7 93  0  0
 0  0      0 1128188 145600 5240468    0    0     0   268 11692 18574  1  6 93  0  0
 0  0      0 1128188 145600 5240524    0    0     0    56 12375 19885  1  8 91  0  0
 0  0      0 1128188 145600 5240560    0    0     0     0 12334 19749  3  7 90  0  0
 1  0      0 1118672 145612 5240620    0    0     0   844 14758 24819  6 13 80  1  0
 3  0      0 1115392 145620 5243500    0    0     0  1256 14748 25097  9 16 74  2  0
 4  0      0 1004080 145620 5243680    0    0     0   676 10683 16509 15  7 77  0  0
 3  0      0 933540 145620 5243924    0    0     0    28 11617 18372 16  9 75  0  0
 1  0      0 922464 145620 5244248    0    0     0    28 11572 18100 17  7 76  0  0
 1  0      0 897880 145620 5244544    0    0     0    72 13940 24170 28 15 57  0  0
 2  0      0 888176 145620 5244772    0    0     0   284 14219 24387 25 13 62  0  0
 4  0      0 803376 145620 5245176    0    0     0    32 13050 21161 18 10 72  0  0
 1  0      0 782976 145620 5245616    0    0     0    24 11845 19304 18  8 73  0  0
 1  0      0 771636 145620 5245764    0    0     0    60 12261 19645 18  6 76  0  0
 1  0      0 761064 145620 5245988    0    0     0   392 11710 18670 18  7 75  0  0
 1  0      0 757032 145624 5246176    0    0     0   360 11935 19090 17  7 76  0  0
 1  0      0 748476 145624 5246464    0    0     0   396 11781 18522 17  6 77  0  0
procs -----------memory---------- ---swap-- -----io---- -system-- ------cpu-----
 r  b   swpd   free   buff  cache   si   so    bi    bo   in   cs us sy id wa st
 1  0      0 511792 145624 5248676    0    0  2004    32 11608 19213 16 10 74  1  0
 0  1      0 497044 145624 5249520    0    0     0    40 9829 16841 14  7 78  1  0
 1  0      0 445768 145624 5251952    0    0     0    76 12218 19404 12  8 78  2  0
 3  0      0 444592 145624 5253252    0    0     0   348 12728 20212 11  8 78  2  0
 1  1      0 441512 145624 5254944    0    0     0   648 11616 18748 12  6 80  2  0
 1  0      0 424648 145624 5249024    0    0     0   632 11781 18827 12  7 78  2  0
 2  0      0 444192 145624 5250340    0    0     0     0 13060 20459 12  7 78  2  0
 1  0      0 460696 145624 5250872    0    0     0     0 12564 19647 16  9 74  1  0
 1  0      0 1125324 145624 5251012    0    0     0   360 11199 18147 14  8 77  0  0
 2  0      0 1115216 145624 5251028    0    0     0     0 12811 22056 12 11 77  0  0
 2  0      0 1122408 145624 5251092    0    0     0     0 14427 25190 12 12 76  0  0
 0  0      0 1120036 145624 5251092    0    0     0   248 12384 20286  3  9 89  0  0
 1  0      0 1122008 145624 5251132    0    0     0     0 12162 20085  6  8 86  0  0
 1  0      0 1121520 145624 5251208    0    0     0   212 12083 19864  2  6 92  0  0
 0  0      0 1121520 145624 5251244    0    0     0   320 12036 19318  1  6 93  0  0
 0  0      0 1121280 145624 5251284    0    0     0     0 12239 19894  2  7 91  0  0
 0  0      0 1121536 145624 5251372    0    0     0   128 12112 19132  1  6 93  0  0
 0  0      0 1121312 145624 5251400    0    0     0    48 12169 20093  2  7 90  0  0
 0  0      0 1121312 145628 5251440    0    0     0   272 11749 18851  1  6 93  0  0
 0  0      0 1121312 145628 5251492    0    0     0     0 11355 18288  1  6 93  0  0
 0  0      0 1121312 145628 5251508    0    0     0     0 11678 18910  1  7 92  0  0
procs -----------memory---------- ---swap-- -----io---- -system-- ------cpu-----
 r  b   swpd   free   buff  cache   si   so    bi    bo   in   cs us sy id wa st
 0  0      0 1121312 145628 5251588    0    0     0    68 11609 18608  1  6 93  0  0
 0  0      0 1121312 145628 5251628    0    0     0    76 11925 19287  1  6 93  0  0
 0  0      0 1121060 145628 5251692    0    0     0   392 12622 20530  2  6 91  1  0
 1  0      0 1121060 145628 5251748    0    0     0     0 11476 18226  1  6 93  0  0
 0  0      0 1120560 145628 5251776    0    0     0     0 12127 19192  1  7 92  0  0
 4  0      0 1104276 145628 5251836    0    0     0    84 13264 21787 10 11 79  0  0
 1  0      0 1120496 145628 5251884    0    0     0    12 15035 25290 10 14 77  0  0
 0  0      0 1118172 145628 5251928    0    0     0   264 12824 21330  6  9 85  0  0
 0  0      0 1119984 145628 5251968    0    0     0    12 13408 21670  7 10 83  0  0
 0  0      0 1119984 145628 5252024    0    0     0     0 12296 20017  1  6 93  0  0
 0  0      0 1120004 145628 5252056    0    0     0    64 11701 18701  1  5 94  0  0
 0  0      0 1119764 145628 5252144    0    0     0    24 11417 18281  1  6 93  0  0
 2  0      0 1119764 145628 5252188    0    0     0   508 12279 19688  2  6 92  0  0
 0  0      0 1119764 145628 5252248    0    0     0     0 11410 18163  1  6 92  0  0
 0  0      0 1119764 145628 5252252    0    0     0    12 11427 18282  1  6 93  0  0
 0  0      0 1119764 145628 5252320    0    0     0   652 11653 18312  1  6 93  0  0
 0  0      0 1119764 145628 5252372    0    0     0   252 12201 19410  2  7 91  0  0
 0  0      0 1119764 145628 5252400    0    0     0   436 11311 18331  1  5 93  0  0
 0  0      0 1119540 145628 5252468    0    0     0    24 11505 17999  2  6 92  0  0
 0  0      0 1114804 145628 5252560    0    0     0     0 14431 25039 12 14 73  0  0
 1  0      0 1116896 145628 5252580    0    0     0    12 13585 23094 10 12 78  0  0
procs -----------memory---------- ---swap-- -----io---- -system-- ------cpu-----
 r  b   swpd   free   buff  cache   si   so    bi    bo   in   cs us sy id wa st
 1  0      0 1119028 145628 5252608    0    0     0    76 12216 20299  5  7 88  0  0
 0  0      0 1118276 145628 5252648    0    0     0   912 12530 20267  1  7 92  0  0
 5  0      0 1118276 145628 5252680    0    0     0    56 11612 18431  1  6 93  0  0
 0  0      0 1118024 145628 5252756    0    0     0     0 11915 19292  1  7 92  0  0
 1  0      0 1118024 145628 5252816    0    0     0     0 11772 18739  1  6 93  0  0
 1  0      0 1118024 145628 5252836    0    0     0    60 11783 19210  2  7 90  0  0
 2  0      0 1118024 145628 5252932    0    0     0   208 10956 17645  1  6 93  0  0
 0  0      0 1118024 145628 5252968    0    0     0    68 10899 17520  1  6 94  0  0
 0  0      0 1117772 145628 5252980    0    0     0     0 11511 18670  2  7 92  0  0
 1  0      0 1117772 145628 5253048    0    0     0     0 11086 17882  1  6 93  0  0
 0  0      0 1117772 145632 5253072    0    0     0    56 11264 18292  1  6 93  0  0
 0  0      0 1117772 145636 5253108    0    0     0   336 13466 21501  2  7 90  0  0
 2  0      0 1117772 145636 5253200    0    0     0    56 12083 19492  1  6 93  0  0
 1  0      0 1117772 145636 5253236    0    0     0    32 10883 17389  1  5 94  0  0
 0  0      0 1117520 145636 5253284    0    0     0     0 11763 18888  1  6 93  0  0
 0  0      0 1117520 145636 5253340    0    0     0    48 12236 19619  1  7 92  0  0
 0  0      0 1117280 145640 5253380    0    0     0   188 11197 18275  1  6 93  0  0
 0  0      0 1117280 145640 5253408    0    0     0    68 10926 17783  1  5 94  0  0
 0  0      0 1117280 145640 5253460    0    0     0    40 11990 19503  2  7 91  0  0
 0  0      0 1117028 145640 5253500    0    0     0     0 11474 18222  1  8 91  0  0
 0  0      0 1117028 145640 5253556    0    0     0    44 11185 18129  0  5 94  0  0
procs -----------memory---------- ---swap-- -----io---- -system-- ------cpu-----
 r  b   swpd   free   buff  cache   si   so    bi    bo   in   cs us sy id wa st
 0  0      0 1117028 145644 5253604    0    0     0   344 12333 19806  1  8 91  0  0
 0  0      0 1116788 145644 5253688    0    0     0    32 11857 18794  1  6 94  0  0
 2  0      0 1116788 145644 5253716    0    0     0    56 11505 18121  1  5 94  0  0
 0  0      0 1116284 145644 5253764    0    0     0    24 11567 18472  1  7 92  0  0
 0  0      0 1116284 145644 5253784    0    0     0   532 12138 19475  2  7 91  0  0
 2  0      0 1116284 145644 5253848    0    0     0   748 11395 18145  1  6 93  0  0
 3  0      0 1116284 145644 5253868    0    0     0    24 11579 18142  1  5 93  0  0
 1  0      0 1116284 145644 5253944    0    0     0    20 11502 18316  1  6 93  0  0
 1  0      0 1116284 145644 5254000    0    0     0    64 11582 18341  1  7 92  0  0
 0  0      0 1116284 145644 5254016    0    0     0     0 11414 18131  1  6 93  0  0
 0  0      0 1116284 145648 5254108    0    0     0   852 12784 20574  2  7 91  0  0
 0  0      0 1116284 145648 5254120    0    0     0     8 11863 18951  1  6 93  0  0
 2  0      0 1116284 145648 5254184    0    0     0    24 11933 19420  1  7 92  0  0
 0  0      0 1115584 145648 5254220    0    0     0    32 12296 19751  1  7 92  0  0
 0  0      0 1115584 145648 5254248    0    0     0    40 12270 19582  2  7 91  0  0
 0  0      0 1115584 145648 5254324    0    0     0   176 11295 18159  1  7 92  0  0
 0  0      0 1115584 145648 5254372    0    0     0     0 11218 18115  1  5 94  0  0
 5  0      0 1115584 145648 5254408    0    0     0    20 11434 18140  1  6 93  0  0
 0  0      0 1115080 145648 5254476    0    0     0    16 11783 18210  1  7 92  0  0
 0  0      0 1115080 145648 5254500    0    0     0    68 11983 19220  4  7 89  0  0
 0  0      0 1115080 145648 5254548    0    0     0   328 12866 20322  1  7 92  1  0
procs -----------memory---------- ---swap-- -----io---- -system-- ------cpu-----
 r  b   swpd   free   buff  cache   si   so    bi    bo   in   cs us sy id wa st
 0  0      0 1115080 145648 5254600    0    0     0     0 11686 18592  2  6 92  0  0
 0  0      0 1115080 145648 5254624    0    0     0     0 10983 17709  1  6 94  0  0
 0  0      0 1114828 145648 5254692    0    0     0    20 11192 18199  1  6 93  0  0
 1  0      0 1114328 145648 5254724    0    0     0    44 11804 19183  2  8 90  0  0
