procs -----------memory---------- ---swap-- -----io---- -system-- ------cpu-----
 r  b   swpd   free   buff  cache   si   so    bi    bo   in   cs us sy id wa st
 2  0      0 4024356 157648 2012336    0    0     7     3    2    3  1  2 97  0  0
 0  0      0 4024776 157648 2012360    0    0     0     0 6247 10300 12  9 78  0  0
 0  0      0 4024776 157648 2012368    0    0     0     0 1742 2306  1  1 98  0  0
 0  0      0 4024776 157648 2012372    0    0     0     0 2031 2628  1  2 97  0  0
 0  0      0 4024776 157648 2012376    0    0     0    84 1547 2088  1  1 98  0  0
 0  0      0 4024776 157648 2012384    0    0     0    12 1561 2028  1  2 98  0  0
 0  0      0 4024776 157648 2012388    0    0     0    24 2458 3454  1  3 96  0  0
 0  0      0 4024776 157648 2012392    0    0     0     0 1833 2359  1  3 96  0  0
 0  0      0 4024524 157648 2012400    0    0     0     0 1860 2300  3  2 95  0  0
 0  0      0 4024276 157648 2012408    0    0     0   132 2994 4609  2  3 96  0  0
 0  0      0 4024276 157648 2012416    0    0     0     0 1973 2519  2  2 96  0  0
 0  0      0 4024276 157648 2012420    0    0     0    16 1845 2309  1  2 97  0  0
 0  0      0 4024276 157648 2012424    0    0     0    28 1608 2165  1  2 97  0  0
 0  0      0 4024276 157648 2012432    0    0     0     0 2502 3601  1  3 96  0  0
 0  0      0 4024276 157648 2012432    0    0     0    48 1484 1877  1  2 98  0  0
 0  0      0 4024276 157648 2012444    0    0     0     0 1577 2034  1  2 98  0  0
 0  0      0 4024276 157648 2012448    0    0     0    40 2505 3685  2  2 95  0  0
 0  0      0 4024052 157648 2012460    0    0     0     8 2330 3289  2  4 95  0  0
 0  0      0 4023800 157648 2012464    0    0     0    28 2202 2982  1  3 96  0  0
 0  0      0 4023800 157648 2012464    0    0     0   116 2611 3928  2  3 96  0  0
 0  0      0 4023800 157648 2012472    0    0     0     0 1902 2401  1  1 98  0  0
procs -----------memory---------- ---swap-- -----io---- -system-- ------cpu-----
 r  b   swpd   free   buff  cache   si   so    bi    bo   in   cs us sy id wa st
 0  0      0 4023560 157648 2012480    0    0     0     8 2356 3258  1  2 97  0  0
 0  0      0 4023560 157648 2012484    0    0     0     0 1829 2472  1  1 97  0  0
 0  0      0 4023308 157648 2012488    0    0     0     8 2030 2678  3  2 95  0  0
 0  0      0 4023308 157648 2012488    0    0     0    76 1831 2412  1  2 97  0  0
 0  0      0 4023084 157648 2012504    0    0     0     0 2280 3201  2  2 97  0  0
 0  0      0 4023084 157648 2012508    0    0     0    20 2634 3902  2  2 97  0  0
 0  0      0 4023084 157648 2012512    0    0     0     8 2085 2681  2  3 95  0  0
 0  0      0 4022608 157648 2012516    0    0     0     0 2259 3128  1  3 96  0  0
 3  0      0 4022368 157648 2012524    0    0     0   156 2004 2830  1  2 97  0  0
 0  0      0 4022128 157648 2012532    0    0     0    32 3263 5086  2  2 95  0  0
 0  0      0 4022128 157648 2012540    0    0     0     0 1799 2288  1  2 97  0  0
 0  0      0 4022128 157648 2012540    0    0     0     4 1604 2173  1  1 98  0  0
 1  0      0 4022128 157648 2012552    0    0     0     0 1804 2364  1  2 97  0  0
 0  0      0 4022128 157648 2012560    0    0     0    56 2789 4194  2  2 96  0  0
 0  0      0 4022128 157648 2012564    0    0     0    28 1826 2458  1  2 97  0  0
 0  0      0 4022128 157648 2012568    0    0     0    12 2416 3565  1  2 97  0  0
 0  0      0 4022128 157648 2012576    0    0     0     0 1753 2387  1  3 96  0  0
 0  0      0 4021904 157648 2012580    0    0     0     8 2477 3668  2  3 96  0  0
 0  0      0 4021904 157648 2012584    0    0     0    76 1596 2066  3  1 96  0  0
 0  0      0 4021656 157648 2012592    0    0     0    72 2689 4193  2  2 96  0  0
 0  0      0 4021404 157648 2012600    0    0     0     8 2026 2872  2  2 95  0  0
procs -----------memory---------- ---swap-- -----io---- -system-- ------cpu-----
 r  b   swpd   free   buff  cache   si   so    bi    bo   in   cs us sy id wa st
 0  0      0 4023624 157648 2012604    0    0     0     4 1687 2210  1  2 97  0  0
 1  0      0 4039500 157648 2012608    0    0     0     8 3230 4913  2  4 95  0  0
 0  0      0 4039524 157648 2012540    0    0     0   448 3798 5887  3  3 93  2  0
 0  0      0 4039524 157648 2012488    0    0     0     0 1879 2641  1  2 97  0  0
 0  0      0 4039524 157648 2012492    0    0     0     0 2130 3095  2  2 96  0  0
 0  0      0 4039524 157648 2012496    0    0     0     0 2166 3193  1  3 96  0  0
 0  0      0 4039020 157648 2012500    0    0     0     0 1909 2641  1  2 97  0  0
 0  0      0 4038780 157648 2012500    0    0     0   212 1448 1843  1  1 97  0  0
 0  0      0 4038532 157648 2012516    0    0     0     4 2847 4322  3  2 95  0  0
 7  0      0 4038532 157648 2012520    0    0     0    76 2587 3704  3  2 94  0  0
 0  1      0 4038236 157648 2012560    0    0     0   540 6320 10019  8  9 81  1  0
 7  0      0 4026808 157648 2014028    0    0     0  1112 9527 16000  9 13 76  2  0
 1  0      0 3989512 157648 2014304    0    0     0    84 3496 4547 15  5 80  0  0
 1  0      0 3835660 157648 2014376    0    0     0    12 1941 1900 15  3 82  0  0
 1  0      0 3823076 157648 2014572    0    0     0     8 2852 3511 17  2 81  0  0
 1  0      0 3809732 157648 2014836    0    0     0     0 2304 2585 17  3 80  0  0
 1  0      0 3795128 157648 2015016    0    0     0     0 2530 2735 17  3 81  0  0
 1  0      0 3777164 157648 2015116    0    0     0   256 2079 2108 16  3 81  0  0
 1  0      0 3773900 157648 2015276    0    0     0     4 3007 3916 17  2 81  0  0
 1  0      0 3762560 157648 2015392    0    0     0     8 2357 2511 18  2 80  0  0
 3  0      0 3759560 157648 2015600    0    0     0     4 2065 2040 17  2 82  0  0
procs -----------memory---------- ---swap-- -----io---- -system-- ------cpu-----
 r  b   swpd   free   buff  cache   si   so    bi    bo   in   cs us sy id wa st
 1  0      0 3751244 157648 2015684    0    0     0     0 2188 2464 17  2 82  0  0
 1  0      0 3736388 157652 2015836    0    0     0   188 2182 2235 16  2 82  0  0
 1  0      0 3733896 157652 2015912    0    0     0    20 1857 1813 17  1 82  0  0
 1  0      0 3718964 157652 2016008    0    0     0     0 2826 3587 17  2 80  0  0
 1  0      0 3714188 157652 2016148    0    0     0     8 2212 2355 17  3 81  0  0
 1  0      0 3705872 157652 2016248    0    0     0     4 2200 2396 17  2 81  0  0
 1  0      0 3703112 157652 2016368    0    0     0   100 2052 2040 17  2 81  0  0
 1  0      0 3694040 157652 2016444    0    0     0     8 2967 3855 16  3 81  0  0
 1  0      0 3596552 157652 2030080    0    0     0     8 6125 6711 13  7 78  2  0
 1  0      0 3279444 157652 2031448    0    0     0     0 2890 3337 11  6 82  0  0
 3  0      0 3261144 157652 2036016    0    0     0     8 3670 4085 10  3 86  0  0
 0  0      0 3244344 157652 2039672    0    0     0   860 4242 4723 11  4 84  1  0
 1  0      0 3232036 157652 2043000    0    0     0     0 3285 3560 12  3 85  0  0
 0  1      0 3221480 157652 2045928    0    0     0    24 3879 4735 14  4 82  0  0
 1  0      0 3207904 157652 2049340    0    0     0     0 3664 4250 13  4 83  0  0
 1  0      0 3192000 157652 2052444    0    0     0     0 3646 4284 11  3 86  1  0
 1  0      0 3183472 157652 2054152    0    0     0   124 2880 3177 14  3 83  0  0
 1  0      0 3173096 157652 2058136    0    0     0    28 4785 6279 12  4 84  1  0
 2  0      0 3188524 157652 2060632    0    0     0    24 2936 3200 14  3 82  0  0
 1  0      0 3242448 157652 2060640    0    0     0     0 2024 2058 17  2 81  0  0
 1  0      0 3242448 157652 2060648    0    0     0     0 1952 1951 17  1 82  0  0
procs -----------memory---------- ---swap-- -----io---- -system-- ------cpu-----
 r  b   swpd   free   buff  cache   si   so    bi    bo   in   cs us sy id wa st
 0  0      0 3988380 157652 2060656    0    0     0    96 2287 2572 10  6 84  0  0
 0  0      0 3988380 157652 2060664    0    0     0    16 1532 1994  1  2 98  0  0
 0  0      0 3988688 157652 2060672    0    0     0    48 2613 3862  2  2 96  0  0
 0  0      0 3988436 157652 2060672    0    0     0     0 1809 2458  2  3 95  0  0
 1  0      0 3988196 157652 2060676    0    0     0     0 1686 2145  1  2 97  0  0
 1  0      0 3988288 157652 2060684    0    0     0    64 1820 2477  1  2 97  0  0
 0  0      0 3988224 157652 2060696    0    0     0     0 2700 4095  3  3 94  0  0
 1  0      0 3987972 157652 2060700    0    0     0    16 1614 2087  1  2 98  0  0
 0  0      0 3987972 157652 2060708    0    0     0    44 1852 2375  1  2 97  0  0
 0  0      0 3987972 157652 2060708    0    0     0     0 1513 1948  1  1 98  0  0
 0  0      0 3987724 157652 2060712    0    0     0    96 1935 2564  2  2 96  0  0
 0  0      0 3988228 157652 2060720    0    0     0     0 1512 1971  1  1 98  0  0
 0  0      0 3988148 157652 2060724    0    0     0     0 2432 3695  3  2 96  0  0
 0  0      0 3987976 157652 2060732    0    0     0    20 2622 3812  2  3 95  0  0
 0  0      0 3987976 157652 2060740    0    0     0    28 1641 2123  1  2 98  0  0
 3  0      0 3982252 157652 2060744    0    0     0    72 1965 2431  3  2 95  0  0
