procs -----------memory---------- ---swap-- -----io---- -system-- ------cpu-----
 r  b   swpd   free   buff  cache   si   so    bi    bo   in   cs us sy id wa st
 2  0      0 4546472  53140 1495768    0    0     7     9   60    1  1  2 97  0  0
 2  0      0 4545832  53140 1495784    0    0     0     4 10816 19024 13 12 75  0  0
 0  0      0 4545832  53140 1495828    0    0     0    36 6182 9765  1  5 94  0  0
 0  0      0 4545832  53272 1495852    0    0   128   916 7230 11724  1  5 92  2  0
 0  0      0 4545832  53272 1495876    0    0     0    72 6503 10690  1  5 95  0  0
 2  0      0 4545832  53272 1495896    0    0     0   204 6494 10706  1  4 94  0  0
 1  0      0 4545832  53272 1495912    0    0     0    48 5972 9724  1  6 93  0  0
 0  0      0 4545832  53272 1495932    0    0     0    28 6985 11413  1  5 94  0  0
 0  0      0 4545832  53276 1495956    0    0     0   188 7197 12016  3  6 90  0  0
 0  0      0 4545832  53276 1495976    0    0     0     0 7426 11604  1  6 93  0  0
 0  0      0 4545832  53276 1495996    0    0     0    56 6626 10577  1  4 95  0  0
 0  0      0 4545580  53276 1496040    0    0     0    64 7047 11056  1  6 93  0  0
 0  0      0 4545580  53276 1496068    0    0     0     8 6626 10086  1  4 95  0  0
 0  0      0 4545580  53280 1496088    0    0     0   280 7154 11236  1  5 93  0  0
 1  0      0 4545580  53280 1496108    0    0     0     8 7056 11250  1  6 94  0  0
 0  0      0 4545580  53280 1496140    0    0     0    56 7195 11356  1  5 94  0  0
 0  0      0 4545328  53280 1496156    0    0     0     4 6631 10758  1  7 93  0  0
 0  0      0 4545328  53280 1496180    0    0     0    68 5750 9379  1  4 94  0  0
 1  0      0 4545328  53304 1496200    0    0     0   332 8318 13774  2  7 90  0  0
 0  1      0 4538420  53312 1496352    0    0     0   640 11992 20446  8 14 77  1  0
 1  0      0 4534404  53344 1498132    0    0     0  1412 11877 20313  9 16 74  2  0
procs -----------memory---------- ---swap-- -----io---- -system-- ------cpu-----
 r  b   swpd   free   buff  cache   si   so    bi    bo   in   cs us sy id wa st
 1  0      0 4498672  53344 1498496    0    0     0     0 7415 12249 15  7 78  0  0
 1  0      0 4343812  53344 1498604    0    0     0    32 6412 10529 16  6 79  0  0
 1  0      0 4333012  53344 1498724    0    0     0   752 8051 12372 17  5 77  2  0
 1  0      0 4322192  53344 1498932    0    0     0    36 8299 12575 16  6 78  0  0
 1  0      0 4314140  53352 1499064    0    0     0   228 8206 12167 16  5 78  0  0
 5  0      0 4291516  53364 1499184    0    0     0   248 10392 16387 20  8 72  0  0
 4  0      0 4276496  53388 1499632    0    0     0  1216 12101 21153 24 14 60  2  0
 3  0      0 4242280  53408 1501636    0    0     0   712 10327 17587 26 15 59  1  0
 2  0      0 4109184  53408 1501908    0    0     0   104 6701 10932 31  7 62  0  0
 4  0      0 4039340  53408 1502116    0    0     0    80 6562 10378 32  7 61  0  0
 2  0      0 4025492  53408 1502408    0    0     0    48 6532 10458 32  7 61  0  0
 3  0      0 4007624  53408 1502844    0    0     0     4 6454 10217 32  6 62  0  0
 4  0      0 3989732  53416 1503044    0    0     0   256 6636 10602 32  6 61  0  0
 2  0      0 3967092  53416 1503192    0    0     0    28 6403 10394 34  5 60  0  0
 3  0      0 3955008  53416 1503428    0    0     0   172 6532 10744 32  6 62  0  0
 4  0      0 3572420  53416 1515956    0    0     0   888 12105 16628 26 14 52  8  0
 8  0      0 3472004  53416 1519472    0    0     0     0 9217 13936 27  9 64  0  0
 1  0      0 3445776  53432 1523740    0    0     0   356 10683 16028 28 10 62  1  0
 3  0      0 3419900  53432 1528804    0    0     0    16 9910 14365 27  8 65  0  0
 2  0      0 3398516  53432 1532896    0    0     0  7128 9930 14073 27  8 65  1  0
 2  0      0 3366356  53432 1537524    0    0     0   272 10496 15280 28  8 64  0  0
procs -----------memory---------- ---swap-- -----io---- -system-- ------cpu-----
 r  b   swpd   free   buff  cache   si   so    bi    bo   in   cs us sy id wa st
 2  0      0 3346696  53448 1541848    0    0   240   632 10326 15564 27  9 63  1  0
 3  0      0 3295060  53464 1547736    0    0     0  1236 14453 23822 34 15 48  2  0
 5  0      0 3066160  53488 1563024    0    0     0   752 13759 20888 37 18 44  2  0
 3  0      0 2631276  53488 1567812    0    0     0    64 7712 11828 43 10 46  0  0
 2  0      0 3369980  53488 1572144    0    0     0    40 7006 11066 34 12 54  0  0
 2  0      0 3349668  53488 1576944    0    0     0    60 8012 12553 28  6 65  0  0
 1  0      0 3283388  53488 1582908    0    0     0    16 8190 12805 29  6 65  0  0
 1  0      0 3227104  53496 1587460    0    0     0   312 7566 11666 27  6 67  0  0
 2  0      0 3196140  53496 1589536    0    0     0    60 6928 10940 30  5 65  0  0
 2  0      0 3146080  53496 1593932    0    0     0  1044 7959 12323 31  7 61  1  0
 2  0      0 3045128  53496 1602068    0    0     0    16 7547 11321 28  7 65  0  0
 4  0      0 3010740  53496 1606624    0    0     0    28 6785 10719 30  5 65  0  0
 3  0      0 2900900  53508 1612108    0    0     0   228 7987 12256 29  7 63  0  0
 2  0      0 2717652  53508 1617496    0    0     0    24 7836 12146 29  8 63  0  0
 4  0      0 2638980  53508 1626772    0    0     0    68 7878 12106 31  7 62  1  0
 2  0      0 2522708  53508 1635720    0    0     0    32 8484 13258 31  6 63  0  0
 2  0      0 2373644  53508 1642468    0    0     0    20 8001 12688 31  7 61  0  0
 1  0      0 2035612  53520 1662268    0    0     0   224 12096 16595 23 15 61  1  0
 0  0      0 1671736  53520 1670468    0    0     0    12 9136 13405 23  9 67  1  0
 1  0      0 1559304  53520 1683968    0    0     0  8436 10815 15785 25  9 66  1  0
 1  0      0 1461260  53520 1691724    0    0     0    32 9173 13442 25  6 69  0  0
procs -----------memory---------- ---swap-- -----io---- -system-- ------cpu-----
 r  b   swpd   free   buff  cache   si   so    bi    bo   in   cs us sy id wa st
 3  0      0 1213156  53520 1701364    0    0     0    16 10173 14625 23  8 68  0  0
 2 18      0 1091984  53520 1714404    0    0     0 60416 10259 14866 22  8 47 23  0
 1  0      0 870640  53520 1723520    0    0     0   100 9674 13602 20  6 60 14  0
 2  0      0 769888  53520 1731200    0    0     0  8132 9378 14170 24  9 67  0  0
 1  0      0 547092  53520 1738952    0    0     0   648 10731 15934 25 10 65  0  0
 2  0      0 412088  53520 1746308    0    0     0    16 8844 13662 29  7 64  0  0
 2  0      0 606228  53528 1752000    0    0     0 23312 7663 12014 30  7 55  8  0
 1  0      0 1133500  53528 1759424    0    0     0    16 8478 12374 14 12 73  1  0
 0  0      0 1048288  53528 1767008    0    0     0    84 9640 14566 14  8 77  0  0
 2  0      0 1075628  53528 1771028    0    0     0    48 8683 13272 13  5 82  0  0
 0  0      0 1047364  53528 1775492    0    0     0     4 9127 13664 16  6 78  0  0
 1  0      0 1045192  53532 1777416    0    0     0   172 8094 12638 14  5 81  0  0
 1  0      0 933820  53532 1782096    0    0     0    20 8290 12234 11  7 82  0  0
 1  0      0 907820  53532 1789968    0    0     0    16 7531 11749 14  6 80  0  0
 1  0      0 841348  53532 1798440    0    0     0   540 9812 14857 13  6 79  2  0
 1  0      0 660568  53532 1807220    0    0     0    12 10607 15497 14  8 77  0  0
 1  0      0 2712456  53540 1809048    0    0     0   224 8492 12626 17  6 77  0  0
 1  0      0 2712392  53540 1809080    0    0     0    12 10283 15465 18  6 76  0  0
 2  0      0 2968864  53540 1809108    0    0     0     8 8548 12932 18  6 76  0  0
 0  0      0 4017256  53544 1809148    0    0     0    32 7174 11386  1  9 90  0  0
 0  0      0 4016768  53544 1809184    0    0     0   116 6964 11428  1  5 94  0  0
procs -----------memory---------- ---swap-- -----io---- -system-- ------cpu-----
 r  b   swpd   free   buff  cache   si   so    bi    bo   in   cs us sy id wa st
 0  0      0 4016768  53552 1809208    0    0     0   340 7173 11416  1  5 93  1  0
 0  0      0 4016768  53552 1809232    0    0     0     0 6500 10694  3  5 92  0  0
 0  0      0 4016772  53552 1809252    0    0     0  3444 7002 11298  1  6 93  0  0
 0  0      0 4016324  53552 1809276    0    0     0    20 7119 11658  3  6 91  0  0
 0  0      0 4015836  53552 1809296    0    0     0    52 7175 11997  2  6 93  0  0
 0  0      0 4016116  53560 1809332    0    0     0   340 7084 11098  1  6 93  0  0
 0  0      0 4016116  53560 1809356    0    0     0    28 6854 11287  1  5 94  0  0
 0  0      0 4016116  53560 1809372    0    0     0    16 8019 12582  1  6 93  0  0
 1  0      0 4016116  53560 1809408    0    0     0     4 6994 11349  1  5 94  0  0
 1  0      0 4014272  53560 1809440    0    0     0    56 6470 9986  3  5 93  0  0
