procs -----------memory---------- ---swap-- -----io---- -system-- ------cpu-----
 r  b   swpd   free   buff  cache   si   so    bi    bo   in   cs us sy id wa st
 7  0      0 4020428 157692 2025548    0    0     7     3    3    1  1  2 97  0  0
 0  0      0 4019176 157692 2025568    0    0     0     0 5954 9698 12  8 79  0  0
 0  0      0 4019176 157692 2025576    0    0     0   112 1598 1985  1  1 98  0  0
 0  0      0 4018696 157692 2025580    0    0     0     0 2238 3157  1  1 97  0  0
 0  0      0 4018956 157692 2025584    0    0     0     0 1661 2093  2  1 97  0  0
 0  0      0 4018956 157692 2025596    0    0     0    12 1974 2681  1  2 97  0  0
 0  0      0 4018456 157692 2025600    0    0     0    24 2887 4383  2  3 96  0  0
 0  0      0 4018476 157692 2025604    0    0     0   132 1753 2208  1  2 98  0  0
 0  0      0 4018476 157692 2025608    0    0     0     0 1377 1780  1  1 98  0  0
 0  0      0 4018156 157692 2025616    0    0     0     4 1730 2258  1  2 97  0  0
 0  0      0 4017996 157692 2025624    0    0     0     0 1706 2241  1  2 97  0  0
 0  0      0 4018256 157692 2025624    0    0     0    16 1750 2245  2  2 96  0  0
 0  0      0 4018256 157692 2025628    0    0     0    76 1743 2247  1  2 97  0  0
 0  0      0 4018032 157692 2025636    0    0     0     0 3195 4879  2  2 96  0  0
 0  0      0 4018032 157692 2025640    0    0     0     8 1877 2337  1  2 97  0  0
 0  0      0 4018032 157692 2025648    0    0     0     0 1730 2314  3  2 95  0  0
 0  0      0 4017280 157692 2025652    0    0     0     4 2867 4258  2  4 94  0  0
 0  0      0 4017292 157692 2025664    0    0     0    56 2354 3369  2  2 96  0  0
 0  0      0 4017052 157692 2025668    0    0     0    32 1450 1968  1  1 98  0  0
 0  0      0 4017312 157692 2025668    0    0     0     0 1901 2629  1  2 97  0  0
 0  0      0 4017312 157692 2025676    0    0     0     0 2218 3077  2  3 95  0  0
procs -----------memory---------- ---swap-- -----io---- -system-- ------cpu-----
 r  b   swpd   free   buff  cache   si   so    bi    bo   in   cs us sy id wa st
 0  0      0 4017088 157692 2025684    0    0     0     8 2232 3201  1  2 97  0  0
 0  0      0 4017088 157692 2025688    0    0     0    52 1562 2035  1  1 98  0  0
 0  0      0 4017088 157692 2025688    0    0     0     8 2080 2950  1  2 97  0  0
 0  0      0 4017088 157692 2025696    0    0     0    24 2083 2770  1  2 96  0  0
 0  0      0 4017088 157692 2025712    0    0     0    16 1755 2298  1  1 97  0  0
 0  0      0 4016836 157692 2025720    0    0     0     0 3646 5698  2  4 94  0  0
 0  0      0 4016836 157696 2025724    0    0     0    84 1663 2105  1  2 97  0  0
 0  0      0 4016836 157696 2025728    0    0     0     0 1714 2232  1  2 98  0  0
 0  0      0 4016836 157696 2025732    0    0     0    36 2091 2696  3  3 94  0  0
 0  0      0 4016612 157696 2025744    0    0     0    32 2698 3786  3  3 94  0  0
 0  0      0 4016612 157696 2025744    0    0     0     0 1963 2525  1  2 97  0  0
 0  0      0 4016612 157696 2025748    0    0     0    72 1555 1993  1  1 98  0  0
 0  0      0 4016612 157696 2025756    0    0     0     0 2182 3013  2  2 96  0  0
 0  0      0 4016612 157696 2025756    0    0     0    24 1648 2087  1  2 97  0  0
 0  0      0 4016612 157696 2025768    0    0     0    28 2428 3358  2  2 96  0  0
 0  0      0 4016112 157696 2025772    0    0     0     4 2888 4340  2  3 95  0  0
 0  0      0 4016112 157696 2025776    0    0     0    72 1592 2055  1  2 97  0  0
 0  0      0 4016112 157696 2025780    0    0     0     8 1541 1897  1  2 98  0  0
 0  0      0 4016112 157696 2025788    0    0     0     0 2563 3629  2  3 96  0  0
 0  0      0 4016112 157696 2025792    0    0     0    40 2022 2648  1  3 96  0  0
 0  0      0 4015396 157696 2025804    0    0     0     0 2117 2902  1  2 97  0  0
procs -----------memory---------- ---swap-- -----io---- -system-- ------cpu-----
 r  b   swpd   free   buff  cache   si   so    bi    bo   in   cs us sy id wa st
 0  0      0 4015396 157696 2025808    0    0     0    76 1846 2381  1  2 97  0  0
 0  0      0 4015328 157696 2025812    0    0     0    68 2948 4495  2  2 96  0  0
 0  0      0 4015416 157696 2025828    0    0     0     0 2179 2757  3  3 95  0  0
 1  0      0 4015416 157696 2025836    0    0     0    40 1813 2362  1  2 97  0  0
 0  0      0 4015164 157696 2025844    0    0     0     8 3088 4753  3  3 94  0  0
 0  0      0 4015164 157696 2025848    0    0     0    88 2327 3357  2  2 97  0  0
 0  0      0 4015164 157696 2025852    0    0     0     8 1548 1990  1  2 98  0  0
 0  0      0 4015164 157696 2025856    0    0     0     4 2038 2828  1  2 97  0  0
 0  0      0 4015164 157696 2025864    0    0     0    20 1923 2581  1  3 96  0  0
 0  0      0 4014940 157696 2025872    0    0     0    24 2865 4187  2  3 95  0  0
 0  0      0 4014940 157696 2025876    0    0     0   148 1803 2251  1  1 97  1  0
 0  0      0 4014940 157696 2025876    0    0     0     0 2261 3230  1  2 97  0  0
 0  0      0 4015192 157696 2025880    0    0     0    12 1860 2357  1  2 97  0  0
 0  0      0 4013540 157696 2025892    0    0     0    12 1881 2464  1  2 97  0  0
 0  0      0 4013540 157696 2025896    0    0     0     0 2890 4347  1  3 96  0  0
 0  0      0 4013540 157696 2025900    0    0     0   116 1571 2018  1  1 98  0  0
 0  0      0 4013300 157696 2025908    0    0     0     8 1505 1773  1  2 98  0  0
 0  0      0 4013300 157696 2025908    0    0     0     0 1836 2328  3  2 95  0  0
 0  0      0 4013076 157696 2025920    0    0     0    12 2011 2552  3  3 94  0  0
 0  0      0 4014940 157696 2025924    0    0     0    12 1732 2228  1  2 97  0  0
 0  0      0 4014940 157696 2025928    0    0     0   136 1538 1789  1  2 98  0  0
procs -----------memory---------- ---swap-- -----io---- -system-- ------cpu-----
 r  b   swpd   free   buff  cache   si   so    bi    bo   in   cs us sy id wa st
 0  0      0 4014940 157696 2025932    0    0     0    24 2181 3106  1  2 97  0  0
 0  0      0 4014688 157696 2025936    0    0     0     8 1623 1992  1  2 98  0  0
 0  0      0 4012964 157696 2025952    0    0     0     4 2101 2879  1  2 97  0  0
 0  0      0 4014716 157696 2025960    0    0     0    20 3043 4707  2  3 95  0  0
 0  0      0 4014800 157696 2025964    0    0     0    68 1628 1954  1  2 98  0  0
 0  0      0 4014800 157696 2025968    0    0     0     0 1504 1822  1  2 97  0  0
 1  0      0 4014800 157696 2025972    0    0     0    24 1885 2461  2  2 96  0  0
 0  0      0 4014800 157696 2025976    0    0     0    12 1711 2237  1  3 96  0  0
 0  0      0 4014800 157696 2025984    0    0     0     8 1717 2157  1  2 97  0  0
 0  0      0 4014560 157696 2025988    0    0     0   160 1810 2263  1  1 96  1  0
 0  0      0 4014560 157696 2025992    0    0     0     0 2362 3458  3  2 95  0  0
 0  0      0 4014308 157696 2025996    0    0     0     0 1860 2409  2  2 97  0  0
 0  0      0 4010212 157696 2026004    0    0     0    20 1772 2276  3  2 96  0  0
 0  0      0 4010212 157696 2026008    0    0     0    16 2722 4127  2  3 95  0  0
 0  0      0 4010212 157696 2026016    0    0     0    88 1698 2237  1  1 98  0  0
 0  0      0 4010212 157696 2026020    0    0     0     4 1458 1909  1  1 98  0  0
 0  0      0 4010212 157696 2026024    0    0     0     0 2128 2805  1  1 97  0  0
 0  0      0 4010212 157696 2026028    0    0     0     0 1928 2568  1  3 96  0  0
 2  0      0 4010212 157696 2026032    0    0     0    28 2012 2677  1  2 97  0  0
 0  0      0 4010212 157696 2026044    0    0     0   116 1994 2425  1  2 97  0  0
 0  0      0 4010212 157696 2026048    0    0     0    12 2394 3455  1  2 97  0  0
procs -----------memory---------- ---swap-- -----io---- -system-- ------cpu-----
 r  b   swpd   free   buff  cache   si   so    bi    bo   in   cs us sy id wa st
 0  0      0 4010436 157696 2026048    0    0     0     4 1881 2441  1  2 97  0  0
 0  0      0 4010268 157696 2026060    0    0     0     0 2012 2686  2  2 96  0  0
 0  0      0 4010268 157696 2026064    0    0     0     8 2633 4025  1  2 96  0  0
 0  0      0 4010016 157696 2026072    0    0     0    88 1870 2464  1  2 97  0  0
 0  0      0 4012228 157696 2026080    0    0     0    36 1530 1820  1  2 97  0  0
 0  0      0 4011908 157696 2026088    0    0     0     0 1949 2585  3  2 95  0  0
 0  0      0 4012044 157696 2026100    0    0     0     8 1861 2402  2  3 95  0  0
 0  0      0 4011804 157696 2026100    0    0     0     0 1685 2191  1  2 97  0  0
 0  0      0 4011804 157696 2026104    0    0     0   168 1859 2291  1  2 96  0  0
 0  0      0 4011804 157696 2026108    0    0     0    24 2318 3287  1  2 97  0  0
 0  0      0 4011804 157696 2026116    0    0     0    20 1680 2127  1  1 98  0  0
 0  0      0 4011804 157696 2026120    0    0     0     0 1781 2280  1  2 96  0  0
