procs -----------memory---------- ---swap-- -----io---- -system-- ------cpu-----
 r  b   swpd   free   buff  cache   si   so    bi    bo   in   cs us sy id wa st
 2  0      0 4188592 170352 1772624    0    0     2     7    3   12  1  1 98  0  0
 0  0      0 4185940 170352 1772648    0    0     0     0 6782 11159 13  8 78  0  0
 0  0      0 4185940 170352 1772652    0    0     0     4 1164 1384  0  1 99  0  0
 0  0      0 4185700 170352 1772660    0    0     0     0 1613 2082  1  1 98  0  0
 0  0      0 4187832 170352 1772660    0    0     0    76 1695 2136  1  1 97  0  0
 0  0      0 4187356 170352 1772660    0    0     0    12 1487 1830  0  1 99  0  0
 0  0      0 4187608 170352 1772676    0    0     0    24 2796 4198  1  3 97  0  0
 0  0      0 4186880 170352 1772676    0    0     0     0 2317 3545  1  2 97  0  0
 0  0      0 4186880 170352 1772684    0    0     0     0 1326 1586  0  1 99  0  0
 0  0      0 4186880 170352 1772688    0    0     0    92 1594 1934  1  1 98  0  0
 0  0      0 4187048 170352 1772696    0    0     0     0 1474 1787  1  2 97  0  0
 0  0      0 4186796 170352 1772700    0    0     0    24 1703 2121  1  1 98  0  0
 0  0      0 4186796 170352 1772708    0    0     0    32 1235 1337  0  1 99  0  0
 0  0      0 4186796 170352 1772708    0    0     0     0 1614 2140  1  1 98  0  0
 0  0      0 4186796 170352 1772712    0    0     0   108 1597 1955  1  1 98  0  0
 0  0      0 4186796 170352 1772712    0    0     0     0 1229 1405  0  1 98  0  0
 0  0      0 4186716 170352 1772724    0    0     0     0 1670 2092  1  2 98  0  0
 0  0      0 4186556 170352 1772728    0    0     0    16 2687 4060  2  2 97  0  0
 0  0      0 4186556 170352 1772732    0    0     0    24 1312 1530  0  1 99  0  0
 0  0      0 4186816 170352 1772732    0    0     0    44 1610 1995  1  1 98  0  0
 2  0      0 4183684 170352 1772740    0    0     0     0 3543 5160  8  5 87  0  0
procs -----------memory---------- ---swap-- -----io---- -system-- ------cpu-----
 r  b   swpd   free   buff  cache   si   so    bi    bo   in   cs us sy id wa st
 1  0      0 4183508 170352 1772752    0    0     0     0 6955 11599 12  8 80  0  0
 0  0      0 4183244 170352 1772788    0    0     0     4 4816 8294 10  5 85  0  0
 1  0      0 4183020 170352 1772788    0    0     0    36 3530 5416  6  4 90  0  0
 0  0      0 4182780 170352 1772784    0    0     0   160 1582 1854  1  1 98  0  0
 0  0      0 4182780 170352 1772800    0    0     0     0 1516 1947  1  1 98  0  0
 0  0      0 4182780 170352 1772800    0    0     0     4 1732 2322  1  2 98  0  0
 0  0      0 4182540 170352 1772808    0    0     0     8 2699 4149  1  1 98  0  0
 0  0      0 4182540 170352 1772808    0    0     0     0 1069 1087  0  1 99  0  0
 0  0      0 4182316 170352 1772812    0    0     0    48 1490 1720  0  1 98  0  0
 0  0      0 4182316 170352 1772816    0    0     0    28 1663 2040  1  2 97  0  0
 1  0      0 4182316 170352 1772824    0    0     0     0 1748 2374  1  2 97  0  0
 0  0      0 4182316 170352 1772824    0    0     0     0 1254 1363  1  1 98  0  0
 1  0      0 4182316 170352 1772824    0    0     0     8 1599 2107  1  1 98  0  0
 0  0      0 4182316 170352 1772836    0    0     0   124 1544 1857  1  1 98  0  0
 0  0      0 4182316 170352 1772836    0    0     0    32 1399 1762  1  1 99  0  0
 0  0      0 4182068 170352 1772848    0    0     0     4 2289 3255  1  1 98  0  0
 1  0      0 4181816 170352 1772848    0    0     0     0 2733 4029  1  2 97  0  0
 0  0      0 4181176 170352 1772868    0    0     0     4 6928 11162 13  9 77  0  0
 0  0      0 4180672 170352 1772864    0    0     0    68 5220 8281  9  8 83  0  0
 0  0      0 4183572 170352 1772876    0    0     0    32 3447 5186  5  5 90  0  0
 0  0      0 4183176 170352 1772876    0    0     0    12 1563 1997  1  1 99  0  0
procs -----------memory---------- ---swap-- -----io---- -system-- ------cpu-----
 r  b   swpd   free   buff  cache   si   so    bi    bo   in   cs us sy id wa st
 0  0      0 4183176 170352 1772888    0    0     0     4 1386 1636  1  1 98  0  0
 0  0      0 4183176 170352 1772888    0    0     0     0 1633 2144  1  1 99  0  0
 0  0      0 4183176 170352 1772900    0    0     0   148 1577 1920  1  1 98  0  0
 0  0      0 4183176 170352 1772904    0    0     0     0 1302 1680  0  1 99  0  0
 0  0      0 4183176 170352 1772908    0    0     0    24 1353 1699  1  1 98  0  0
 0  0      0 4182928 170352 1772908    0    0     0     8 2936 4387  2  2 97  0  0
 0  0      0 4183100 170352 1772916    0    0     0     8 1185 1344  1  1 98  0  0
 0  0      0 4183180 170352 1772916    0    0     0    76 1251 1428  1  1 98  0  0
 0  0      0 4183180 170352 1772928    0    0     0     0 1290 1602  1  1 98  0  0
 2  0      0 4183180 170352 1772932    0    0     0    20 2290 3349  1  1 98  0  0
 0  0      0 4183180 170352 1772936    0    0     0     0 1317 1606  1  1 98  0  0
 0  0      0 4183180 170352 1772936    0    0     0    16 1416 1823  1  1 98  0  0
 0  0      0 4183180 170352 1772944    0    0     0   124 1525 1886  1  1 98  0  0
 1  0      0 4169764 170352 1772948    0    0     0     0 4481 6984  9  6 85  0  0
 2  0      0 4165536 170352 1772968    0    0     0    24 5554 8860 10  7 84  0  0
 0  0      0 4179260 170352 1772976    0    0     0     0 4406 7359  4  5 91  0  0
 0  0      0 4179260 170352 1772984    0    0     0     0 2860 4252  4  3 92  0  0
 0  0      0 4179020 170352 1772980    0    0     0    60 1331 1624  0  1 98  0  0
 0  0      0 4179020 170352 1772992    0    0     0    12 1696 2185  2  2 96  0  0
 0  0      0 4179428 170352 1772992    0    0     0    32 1459 1820  1  1 99  0  0
 0  0      0 4179176 170352 1772996    0    0     0     0 1420 1696  1  2 98  0  0
procs -----------memory---------- ---swap-- -----io---- -system-- ------cpu-----
 r  b   swpd   free   buff  cache   si   so    bi    bo   in   cs us sy id wa st
 0  0      0 4179176 170352 1772996    0    0     0     0 1612 2147  1  1 98  0  0
 0  0      0 4179176 170352 1773004    0    0     0   128 1730 2089  1  1 98  0  0
 0  0      0 4179428 170352 1773008    0    0     0    20 1510 1955  1  1 99  0  0
 0  0      0 4179180 170352 1773016    0    0     0    24 2446 3727  1  1 98  0  0
 0  0      0 4179180 170352 1773016    0    0     0     0 2871 4362  1  2 96  0  0
 0  0      0 4179180 170352 1773024    0    0     0     0 1449 1695  0  1 99  0  0
 0  0      0 4179180 170360 1773016    0    0     0    64 1417 1636  1  1 98  0  0
 0  0      0 4179180 170360 1773036    0    0     0     0 1565 1873  1  2 97  0  0
 0  0      0 4179128 170360 1773036    0    0     0    40 1603 1988  1  1 98  0  0
 1  0      0 4176640 170360 1773048    0    0     0     4 4380 6749  8  6 86  0  0
 1  0      0 4179656 170360 1773048    0    0     0     0 6264 10094 11  8 81  0  0
 0  0      0 4176592 170360 1773064    0    0     0   124 4952 7876  9  6 86  0  0
 0  0      0 4178884 170360 1773076    0    0     0     0 3167 4646  6  3 91  0  0
 0  0      0 4178884 170360 1773080    0    0     0    40 1391 1700  1  1 98  0  0
 0  0      0 4178644 170360 1773080    0    0     0     8 3035 4608  1  2 97  0  0
 0  0      0 4178644 170360 1773084    0    0     0     4 1471 1813  1  1 98  0  0
 0  0      0 4178644 170364 1773080    0    0     0    72 1400 1701  1  1 98  0  0
 0  0      0 4178644 170364 1773096    0    0     0     0 1417 1671  1  2 97  0  0
 0  0      0 4178396 170364 1773096    0    0     0    20 2674 3995  1  2 97  0  0
 0  0      0 4178500 170364 1773108    0    0     0     8 1599 1987  1  2 98  0  0
 0  0      0 4178500 170364 1773108    0    0     0     8 1771 2300  1  1 97  0  0
procs -----------memory---------- ---swap-- -----io---- -system-- ------cpu-----
 r  b   swpd   free   buff  cache   si   so    bi    bo   in   cs us sy id wa st
 0  0      0 4178500 170364 1773108    0    0     0   136 1506 1846  0  1 98  0  0
 0  0      0 4178500 170364 1773112    0    0     0     0 1435 1768  1  1 98  0  0
 0  0      0 4178500 170364 1773120    0    0     0    40 1670 2173  1  1 98  0  0
 4  0      0 4178248 170364 1773124    0    0     0     4 1957 2747  1  1 98  0  0
 0  0      0 4178248 170364 1773128    0    0     0     0 1939 2792  1  1 98  0  0
 1  0      0 4176468 170368 1773132    0    0     0    68 4477 6885  9  6 84  0  0
 1  0      0 4175432 170368 1773152    0    0     0     8 6222 10007 12  8 80  0  0
 0  0      0 4180712 170368 1773160    0    0     0     0 3631 5632  5  5 90  0  0
 0  0      0 4181588 170368 1773168    0    0     0    36 3159 4817  4  4 92  0  0
 0  0      0 4181588 170368 1773168    0    0     0     0 1464 1797  1  1 98  0  0
 0  0      0 4181588 170368 1773168    0    0     0   144 1485 1790  1  1 98  0  0
 0  0      0 4181588 170368 1773180    0    0     0    12 1577 2000  0  1 99  0  0
 0  0      0 4181588 170368 1773180    0    0     0     4 2434 3621  1  2 97  0  0
 0  0      0 4181588 170368 1773188    0    0     0    24 2289 3242  2  1 97  0  0
 0  0      0 4181124 170368 1773192    0    0     0     8 2252 3217  1  2 97  0  0
 0  0      0 4181124 170368 1773196    0    0     0    64 1541 1842  1  1 98  0  0
 0  0      0 4181124 170368 1773204    0    0     0     0 1404 1586  1  2 98  0  0
 0  0      0 4181124 170368 1773204    0    0     0    12 1587 1978  1  1 98  0  0
 0  0      0 4180872 170368 1773208    0    0     0    24 1372 1625  1  1 98  0  0
 0  0      0 4180872 170368 1773212    0    0     0     0 1573 2073  1  1 98  0  0
 0  0      0 4180872 170368 1773216    0    0     0   100 1638 2046  0  1 98  0  0
procs -----------memory---------- ---swap-- -----io---- -system-- ------cpu-----
 r  b   swpd   free   buff  cache   si   so    bi    bo   in   cs us sy id wa st
 0  0      0 4180872 170368 1773220    0    0     0     0 1287 1466  0  1 99  0  0
 4  0      0 4178192 170368 1773224    0    0     0     0 2227 2942  3  3 93  0  0
 0  0      0 4178192 170368 1773260    0    0     0    32 6127 10314 12  8 80  0  0
 0  0      0 4179640 170368 1773264    0    0     0     4 6499 10930 12  8 80  0  0
 0  0      0 4181476 170368 1773264    0    0     0    76 3231 4852  5  4 91  0  0
 0  0      0 4181476 170368 1773272    0    0     0     0 1432 1803  1  2 98  0  0
 0  0      0 4181228 170368 1773280    0    0     0     0 2648 3982  2  1 97  0  0
 0  0      0 4181228 170368 1773284    0    0     0    32 1343 1527  1  1 98  0  0
 0  0      0 4181228 170368 1773288    0    0     0     8 1438 1753  1  1 98  0  0
 0  0      0 4181228 170368 1773292    0    0     0   120 1413 1681  1  1 98  1  0
 0  0      0 4181228 170368 1773304    0    0     0     0 1597 2045  2  1 98  0  0
 0  0      0 4181228 170368 1773304    0    0     0     4 1327 1595  1  1 98  0  0
 0  0      0 4181228 170368 1773308    0    0     0    20 1882 2719  1  1 98  0  0
 0  0      0 4181228 170368 1773312    0    0     0     0 1962 2854  2  1 97  0  0
 0  0      0 4181004 170368 1773316    0    0     0    64 1491 1961  1  1 98  0  0
 0  0      0 4181004 170368 1773316    0    0     0    20 1285 1611  1  2 98  0  0
 0  0      0 4181004 170368 1773324    0    0     0     0 1404 1854  1  1 98  0  0
 0  0      0 4181004 170368 1773328    0    0     0    20 1579 2035  0  1 98  0  0
 1  0      0 4180708 170368 1773336    0    0     0     0 7227 12055 16  9 75  0  0
 1  0      0 4176760 170368 1773348    0    0     0   120 5830 9445 11  7 82  0  0
 1  0      0 4178828 170368 1773364    0    0     0    20 3013 4599  5  3 93  0  0
procs -----------memory---------- ---swap-- -----io---- -system-- ------cpu-----
 r  b   swpd   free   buff  cache   si   so    bi    bo   in   cs us sy id wa st
 0  0      0 4178100 170368 1773384    0    0     0     4 5552 9123  9  5 87  0  0
 0  0      0 4178100 170368 1773392    0    0     0    32 1915 2688  1  2 98  0  0
 0  0      0 4177860 170368 1773392    0    0     0     0 2287 3366  1  2 98  0  0
 0  0      0 4177792 170372 1773400    0    0     0    72 1383 1627  0  1 98  0  0
 0  0      0 4177884 170372 1773408    0    0     0     0 1180 1317  1  2 98  0  0
 0  0      0 4177884 170372 1773416    0    0     0    24 1775 2370  2  1 97  0  0
 0  0      0 4177884 170372 1773416    0    0     0     4 1620 1950  1  1 98  0  0
 0  0      0 4177884 170372 1773420    0    0     0    24 1595 2104  1  1 98  0  0
 0  0      0 4177884 170372 1773420    0    0     0   120 1396 1791  1  1 98  0  0
 0  0      0 4177884 170372 1773436    0    0     0     0 1212 1464  0  1 99  0  0
 0  0      0 4177884 170372 1773436    0    0     0     4 1279 1542  0  1 99  0  0
 0  0      0 4177884 170372 1773440    0    0     0     8 2176 3022  1  2 97  0  0
 0  0      0 4177636 170372 1773444    0    0     0    28 2239 3288  1  2 98  0  0
 0  0      0 4177636 170372 1773452    0    0     0    48 1256 1480  0  1 99  0  0
 1  0      0 4174988 170372 1773456    0    0     0     0 6987 11473 14  9 76  0  0
 0  0      0 4174196 170372 1773480    0    0     0     8 6203 10293 10  8 83  0  0
 1  0      0 4178444 170372 1773476    0    0     0     0 2304 3241  2  2 96  0  0
 0  0      0 4178504 170372 1773484    0    0     0     8 2921 4277  4  3 93  0  0
 0  0      0 4178492 170372 1773484    0    0     0   148 1480 1782  1  1 98  0  0
 0  0      0 4178340 170372 1773496    0    0     0     0 1553 2072  1  1 98  0  0
 0  0      0 4178624 170372 1773496    0    0     0     4 1537 1925  1  1 99  0  0
procs -----------memory---------- ---swap-- -----io---- -system-- ------cpu-----
 r  b   swpd   free   buff  cache   si   so    bi    bo   in   cs us sy id wa st
 0  0      0 4178544 170372 1773504    0    0     0     8 1779 2324  1  1 98  0  0
 0  0      0 4178376 170372 1773504    0    0     0     0 1982 2832  1  2 98  0  0
 0  0      0 4178332 170372 1773512    0    0     0    48 1372 1723  0  1 98  0  0
 0  0      0 4178168 170372 1773520    0    0     0    28 1687 2122  1  2 97  0  0
 0  0      0 4178524 170372 1773520    0    0     0     0 1459 1943  1  1 99  0  0
 0  0      0 4178388 170372 1773524    0    0     0     4 1621 1910  1  2 97  0  0
 0  0      0 4178464 170372 1773524    0    0     0     0 1523 2010  1  1 98  0  0
 1  0      0 4178240 170372 1773532    0    0     0   136 1512 1781  1  1 97  0  0
 0  0      0 4178808 170372 1773552    0    0     0     8 6487 10576 13 10 77  0  0
 0  0      0 4175300 170372 1773572    0    0     0   152 5720 9537 10  6 84  0  0
 0  0      0 4177112 170372 1773584    0    0     0    76 4470 7136  6  4 90  0  0
 1  0      0 4163284 170372 1773764    0    0     0   952 8183 13293  6  8 82  4  0
 1  0      0 4152360 170372 1775600    0    0     0   592 5859 9297 12  8 79  2  0
 1  0      0 3986588 170372 1775944    0    0     0     0 2348 2696 15  4 81  0  0
 1  0      0 3964676 170372 1776196    0    0     0   492 2040 2499 16  3 78  3  0
 1  0      0 3951596 170372 1776484    0    0     0    52 1795 2066 16  3 81  0  0
 1  0      0 3935468 170372 1776636    0    0     0     0 1943 2468 16  2 82  0  0
 1  1      0 3918768 170372 1776688    0    0     0   136 1446 1508 17  1 82  0  0
 1  0      0 3913488 170376 1776940    0    0     0     8 1858 2117 16  2 82  0  0
 1  0      0 3901416 170376 1777040    0    0     0    32 1649 1723 17  1 82  0  0
 1  0      0 3893604 170376 1777204    0    0     0     8 2543 3041 18  2 80  0  0
procs -----------memory---------- ---swap-- -----io---- -system-- ------cpu-----
 r  b   swpd   free   buff  cache   si   so    bi    bo   in   cs us sy id wa st
 1  0      0 3878496 170376 1777348    0    0     0    28 2594 3230 17  2 81  0  0
 2  0      0 3865392 170376 1777504    0    0     0    36 5413 8920 27  9 64  0  0
 2  0      0 3848452 170376 1785700    0    0     0   328 5432 8450 25  9 66  0  0
 8  0      0 3842668 170376 1785964    0    0     0     0 3765 5470 19  3 78  0  0
 1  0      0 3834856 170376 1786108    0    0     0     0 3931 5807 20  6 74  0  0
 1  0      0 3825796 170376 1786172    0    0     0     8 1799 2122 17  2 81  0  0
 1  0      0 3727616 170376 1799444    0    0     0    52 7005 7679 13  6 80  1  0
 1  0      0 3212776 170376 1802124    0    0     0   128 2920 3248 11  5 83  0  0
 1  0      0 3162068 170376 1807616    0    0     0     0 2787 3033 13  2 85  0  0
 1  0      0 3143712 170376 1812432    0    0     0     0 3369 3876 13  3 85  0  0
 1  0      0 3090508 170376 1818548    0    0     0     0 3909 4769 12  3 85  0  0
 0  0      0 3054800 170376 1823092    0    0     0    20 3439 3992 13  2 85  0  0
 1  0      0 3031392 170376 1825020    0    0     0 17816 2864 3266 14  3 83  1  0
 1  0      0 2992724 170376 1828468    0    0     0     0 2141 2291 16  1 82  0  0
 1  0      0 2877712 170376 1837136    0    0     0     0 3718 4185 13  3 84  0  0
 1  0      0 2864276 170376 1843512    0    0     0     0 3150 3672 14  2 84  0  0
 1  1      0 2713076 170376 1848320    0    0     0   116 2329 2517 13  2 84  0  0
 1  0      0 2614416 170376 1856824    0    0     0    36 3744 4222 14  4 82  1  0
 1  0      0 2470260 170376 1865472    0    0     0    36 3859 4814 15  3 82  0  0
 2  0      0 2325304 170376 1873748    0    0     0     0 3500 4273 13  4 83  0  0
 1  0      0 2254872 170376 1880548    0    0     0     0 3827 4987 15  3 82  0  0
procs -----------memory---------- ---swap-- -----io---- -system-- ------cpu-----
 r  b   swpd   free   buff  cache   si   so    bi    bo   in   cs us sy id wa st
 1  1      0 2140276 170376 1890800    0    0     0    96 3286 3298 15  2 83  1  0
 1  0      0 2043712 170376 1899768    0    0     0   152 2908 3167 15  4 81  0  0
 1  0      0 1854628 170376 1908032    0    0     0    32 3430 3860 14  3 83  0  0
 1  0      0 1772928 170376 1916676    0    0     0    32 2965 3045 15  2 83  0  0
 1  0      0 1766908 170376 1929712    0    0     0     0 3558 3962 14  3 83  0  0
 1  0      0 1539448 170376 1935468    0    0     0     0 2989 3102 14  3 83  1  0
 0  0      0 1424648 170380 1942804    0    0     0    80 2750 2823 14  2 83  0  0
 1  0      0 1323700 170380 1948732    0    0     0    12 2590 2568 14  3 83  0  0
 1  0      0 1190144 170380 1957188    0    0     0     8 4099 4830 15  4 81  1  0
 1  0      0 1056028 170380 1962296    0    0     0    32 3440 4161 13  4 83  0  0
 1  1      0 960808 170380 1969672    0    0     0    64 2324 2188 14  3 83  0  0
 1  0      0 954344 170380 1977600    0    0     0    60 3669 3885 14  3 83  0  0
 1  0      0 928840 170380 1982804    0    0     0     4 3813 4737 16  2 82  0  0
 0  0      0 924892 170380 1985684    0    0     0    12 2504 2553 13  2 84  0  0
 1  0      0 880476 170380 1990828    0    0     0     8 3902 4535 12  3 85  0  0
 0  0      0 802700 170380 1997084    0    0     0    32 2638 2829 14  2 84  0  0
 0  0      0 723612 170384 2007588    0    0     0    84 3352 3621 13  3 84  1  0
 1  0      0 546260 170384 2016380    0    0     0 65024 3607 4216 14  3 81  2  0
 1  0      0 2931376 170384 2018240    0    0     0    16 2999 3731 17  4 79  0  0
 2  0      0 3026752 170384 2018244    0    0     0     0 2367 3146 17  2 81  0  0
 1  0      0 3922464 170384 2018248    0    0     0    12 2293 2853  2  6 92  0  0
procs -----------memory---------- ---swap-- -----io---- -system-- ------cpu-----
 r  b   swpd   free   buff  cache   si   so    bi    bo   in   cs us sy id wa st
 0  0      0 3922384 170384 2018252    0    0     0   236 1616 1951  1  2 97  0  0
 0  0      0 3922492 170384 2018268    0    0     0     0 1447 1845  1  1 98  0  0
