procs -----------memory---------- ---swap-- -----io---- -system-- ------cpu-----
 r  b   swpd   free   buff  cache   si   so    bi    bo   in   cs us sy id wa st
 3  0      0 4188716  17880 1825056    0    0     5     7    0   14  1  1 98  0  0
 1  0      0 4185920  17880 1825068    0    0     0     0 5143 8263 10  7 84  0  0
 0  0      0 4186116  17888 1825068    0    0     0   152 1396 1607  0  1 98  0  0
 0  0      0 4185956  17888 1825076    0    0     0     0 1581 1938  0  1 98  0  0
 0  0      0 4185956  17888 1825080    0    0     0     0 1100 1174  0  0 99  0  0
 0  0      0 4185868  17888 1825080    0    0     0    24 2025 2774  1  2 98  0  0
 0  0      0 4185868  17888 1825092    0    0     0    20 1270 1453  1  2 97  0  0
 0  0      0 4185616  17888 1825092    0    0     0     0 1215 1381  0  1 99  0  0
 0  0      0 4185616  17896 1825100    0    0     0    52 1489 1767  0  1 98  0  0
 0  0      0 4185616  17896 1825100    0    0     0     0 1362 1559  0  1 99  0  0
 1  0      0 4185616  17896 1825108    0    0     0     0 1088 1085  1  1 98  0  0
 0  0      0 4185616  17896 1825112    0    0     0    36 1428 1751  0  1 99  0  0
 0  0      0 4185616  17896 1825112    0    0     0     4 1353 1571  1  1 99  0  0
 0  0      0 4185112  17904 1825112    0    0     0    52 1343 1565  0  2 98  0  0
 0  0      0 4185112  17904 1825120    0    0     0     0 1152 1278  1  1 98  0  0
 0  0      0 4186192  17920 1825136    0    0     0   156 3281 4805  2  3 95  0  0
 1  0      0 4163844  17940 1825212    0    0     0   956 7504 12146  6  8 82  3  0
 1  0      0 4158216  17964 1826808    0    0     0   612 5654 8700 11  9 80  1  0
 1  0      0 3987240  17964 1827116    0    0     0     4 1847 1938 15  3 82  0  0
 2  0      0 3973656  17964 1827288    0    0     0     0 1486 1400 16  2 82  0  0
 1  0      0 3961324  17964 1827640    0    0     0    28 1424 1343 16  2 82  0  0
procs -----------memory---------- ---swap-- -----io---- -system-- ------cpu-----
 r  b   swpd   free   buff  cache   si   so    bi    bo   in   cs us sy id wa st
 1  0      0 3945700  17964 1827712    0    0     0     0 1714 1936 16  3 82  0  0
 1  0      0 3928072  17976 1827812    0    0     0   128 1623 1717 17  1 82  0  0
 1  0      0 3921040  17976 1827980    0    0     0   568 2224 2286 16  2 81  1  0
 1  0      0 3910708  17976 1828112    0    0     0     4 1633 1673 16  2 82  0  0
 1  0      0 3902392  17976 1828364    0    0     0     0 2213 2725 17  2 81  0  0
 1  0      0 3887048  17976 1828492    0    0     0     0 1527 1745 16  3 81  0  0
 1  0      0 3885752  17984 1828596    0    0     0   164 1404 1620 17  1 82  0  0
 1  0      0 3870328  17984 1828708    0    0     0    28 1624 1825 17  2 82  0  0
 1  0      0 3864784  17984 1828852    0    0     0    32 1267 1421 16  2 82  0  0
 1  0      0 3856480  17984 1828976    0    0     0     4 1573 1846 17  2 81  0  0
 1  0      0 3847408  17984 1829088    0    0     0   112 1851 2318 16  2 82  0  0
 3  0      0 3751740  18012 1841536    0    0     0   244 7677 8947 14  7 78  2  0
 2  0      0 3428148  18032 1845316    0    0     0   996 8658 13257 15 13 70  3  0
 2  0      0 3411068  18056 1852644    0    0     0   632 7604 10957 23  9 67  1  0
 2  0      0 3212092  18056 1857624    0    0     0     0 4477 5121 25  6 69  1  0
 2  0      0 3179948  18056 1862804    0    0     0     4 3789 3764 27  3 69  1  0
 2  0      0 3152252  18056 1867612    0    0     0  8952 4075 3977 25  4 69  2  0
 1  0      0 3116376  18056 1872452    0    0     0     4 4190 4512 27  5 68  1  0
 2  0      0 3113704  18068 1875764    0    0     0   200 2937 2721 29  3 67  1  0
 2  0      0 3108308  18068 1876132    0    0     0    48 1668 1560 33  1 65  0  0
 1  0      0 3844568  18068 1876228    0    0     0     0 1947 2009 24  5 71  0  0
procs -----------memory---------- ---swap-- -----io---- -system-- ------cpu-----
 r  b   swpd   free   buff  cache   si   so    bi    bo   in   cs us sy id wa st
 1  0      0 3840728  18068 1876432    0    0     0     4 1506 1431 17  1 82  0  0
 1  0      0 3824436  18068 1876548    0    0     0     0 1772 1811 17  2 81  0  0
 1  0      0 3821664  18076 1876716    0    0     0   164 1461 1534 17  1 82  0  0
 1  0      0 3806152  18092 1876864    0    0     0   156 3748 5220 19  3 78  0  0
 2  0      0 3782672  18112 1877108    0    0     0   984 6803 10972 23  8 66  2  0
 2  0      0 3761836  18136 1879528    0    0     0   560 4766 7227 27  9 64  1  0
 2  0      0 3592424  18136 1879912    0    0     0     8 2054 2089 30  5 65  0  0
 1  1      0 3507692  18136 1885516    0    0     0     8 3609 3772 31  3 65  1  0
 3  0      0 3144268  18136 1894972    0    0    60    24 6184 6019 25  7 66  1  0
 2  0      0 3113816  18136 1897076    0    0     0  1048 3186 3504 27  3 70  0  0
 2  0      0 3078548  18148 1899476    0    0     0   832 2947 2997 27  3 69  1  0
 2  0      0 3061308  18164 1901092    0    0     0   244 3924 4785 28  5 67  0  0
 3  0      0 3006392  18424 1904144    0    0     0   964 8150 13612 36 12 49  2  0
 3  0      0 2974508  18492 1908208    0    0     0   636 4839 7322 40  8 52  0  0
 3  0      0 2786788  18492 1909828    0    0     0     0 2465 2388 44  6 50  0  0
 3  0      0 2754568  18492 1912864    0    0     0     8 2986 2945 43  4 53  0  0
 3  0      0 2797208  18492 1913392    0    0     0    96 2212 2005 48  4 48  0  0
 3  0      0 3177668  18492 1913736    0    0     0     0 1784 1145 48  3 49  0  0
 2  0      0 3490744  18504 1914068    0    0     0   236 1816 1701 33  3 63  0  0
 2  0      0 3480804  18504 1914504    0    0     0 12544 2517 3086 32  3 65  0  0
 2  0      0 3461344  18520 1914776    0    0     0  5528 1660 1505 33  2 65  0  0
procs -----------memory---------- ---swap-- -----io---- -system-- ------cpu-----
 r  b   swpd   free   buff  cache   si   so    bi    bo   in   cs us sy id wa st
 2  0      0 2964204  18552 1929892    0    0  1108     0 7778 8222 26  8 64  2  0
 1  0      0 2887520  18552 1931796    0    0     0    36 2515 2410 26  3 70  0  0
 2  0      0 2871580  18560 1933556    0    0     0   228 3582 4420 28  3 70  0  0
 2  0      0 2841556  18564 1935624    0    0     0    12 2547 2507 27  3 70  0  0
 2  0      0 2822456  18568 1937232    0    0     0  7108 2443 2225 25  3 70  3  0
 2  0      0 2796524  18572 1939408    0    0     0     0 2478 2491 25  3 72  0  0
 2  0      0 2780408  18576 1941152    0    0     0     0 2412 2311 25  3 72  0  0
 2  0      0 2759492  18596 1942924    0    0     0   160 2524 2542 26  3 71  0  0
 2  0      0 2331176  18628 1945940    0    0  1320     8 3901 4901 22  7 71  0  0
 2  0      0 2312792  18632 1948520    0    0     0     4 2719 2615 27  3 70  0  0
 1  0      0 3245780  18636 1950676    0    0     0    12 2674 2751 21  9 70  0  0
 1  0      0 3237784  18640 1952124    0    0     0     0 2128 2335 12  2 85  0  0
 1  0      0 3230544  18644 1954076    0    0     0   164 3462 4452 13  3 84  0  0
 1  0      0 3216180  18648 1955768    0    0     0    36 3609 4573 13  3 84  0  0
 0  0      0 3205848  18652 1957344    0    0     0     4 3040 3503 14  2 84  0  0
 1  0      0 3192000  18656 1959408    0    0     0     4 2521 2798 11  3 86  0  0
 1  0      0 3270932  18656 1959584    0    0     0     0 1592 1495 17  2 81  0  0
 0  0      0 4002120  18664 1959588    0    0     0   100 1329 1317 13  4 84  0  0
 0  0      0 4004072  18664 1959604    0    0     0     0 2035 2736  1  1 97  0  0
 0  0      0 4004072  18664 1959604    0    0     0    44 1120 1117  1  1 99  0  0
 0  0      0 4004072  18664 1959608    0    0     0   200 1441 1526  0  1 98  0  0
procs -----------memory---------- ---swap-- -----io---- -system-- ------cpu-----
 r  b   swpd   free   buff  cache   si   so    bi    bo   in   cs us sy id wa st
 0  0      0 4004336  18664 1959608    0    0     0     4 1760 2159  0  1 98  0  0
 0  0      0 4004336  18672 1959620    0    0     0    64 2338 3385  1  2 97  0  0
 0  0      0 4004508  18672 1959620    0    0     0     0 1621 1864  2  2 96  0  0
 0  0      0 4004852  18672 1959624    0    0     0     8 1187 1207  0  1 99  0  0
 0  0      0 4004776  18672 1959628    0    0     0    28 1334 1466  1  1 98  0  0
 0  0      0 4004604  18672 1959640    0    0     0     0 1325 1453  1  1 98  0  0
 1  0      0 4004604  18680 1959632    0    0     0    72 1185 1276  1  1 98  0  0
 0  0      0 4004524  18680 1959652    0    0     0     0 1886 2651  1  1 98  0  0
 0  0      0 4004528  18680 1959652    0    0     0     0 1179 1240  1  1 99  0  0
 0  0      0 4004608  18680 1959652    0    0     0     4 1356 1485  0  1 98  0  0
 0  0      0 4005044  18680 1959660    0    0     0    32 1772 2189  1  1 97  0  0
 0  0      0 4004956  18688 1959660    0    0     0   104 2456 3457  1  2 97  0  0
 0  0      0 4004876  18688 1959676    0    0     0     4 1452 1706  1  2 97  0  0
 0  0      0 4004876  18688 1959676    0    0     0     0  982  949  1  0 99  0  0
 0  0      0 4005128  18688 1959680    0    0     0  1256 1496 1707  1  1 98  0  0
 0  0      0 4005128  18688 1959684    0    0     0     8 1401 1555  0  2 98  0  0
 0  0      0 4005128  18696 1959684    0    0     0    88 1188 1315  0  1 99  0  0
 0  0      0 4005128  18696 1959692    0    0     0     0 1902 2551  2  1 97  0  0
 0  0      0 4004888  18696 1959692    0    0     0     4 1131 1198  0  1 99  0  0
 0  0      0 4004888  18696 1959696    0    0     0  5280 1379 1458  1  1 98  0  0
 0  0      0 4004888  18696 1959700    0    0     0     8 1507 1711  1  1 98  0  0
procs -----------memory---------- ---swap-- -----io---- -system-- ------cpu-----
 r  b   swpd   free   buff  cache   si   so    bi    bo   in   cs us sy id wa st
 0  0      0 4004888  18704 1959708    0    0     0  8316 2399 3571  0  2 97  0  0
 0  0      0 4004888  18704 1959712    0    0     0    32 1627 2045  2  2 96  0  0
 0  0      0 4004888  18704 1959720    0    0     0     0 1245 1364  1  1 98  0  0
 0  0      0 4004812  18704 1959720    0    0     0     4 1282 1329  0  1 98  0  0
 0  0      0 4004900  18704 1959728    0    0     0     0 1330 1553  1  1 98  0  0
 0  0      0 4004900  18712 1959724    0    0     0    72 1871 2393  1  1 98  0  0
 0  0      0 4004652  18712 1959736    0    0     0  5392 2027 2678  1  2 98  0  0
