procs -----------memory---------- ---swap-- -----io---- -system-- ------cpu-----
 r  b   swpd   free   buff  cache   si   so    bi    bo   in   cs us sy id wa st
 3  0      0 4313224 161844 1673632    0    0     2     9   11    2  1  1 98  0  0
 0  0      0 4314084 161844 1673652    0    0     0     0 4837 7836 10  6 84  0  0
 0  0      0 4314084 161844 1673656    0    0     0     0 1586 2004  1  1 98  0  0
 0  0      0 4314084 161844 1673660    0    0     0     0 1694 2112  1  2 97  0  0
 0  0      0 4314084 161844 1673660    0    0     0     0 2356 3439  1  2 97  0  0
 0  0      0 4313844 161844 1673668    0    0     0   108 1356 1468  1  1 98  0  0
 0  0      0 4313844 161844 1673672    0    0     0    24 2398 3403  1  1 98  0  0
 0  0      0 4313844 161844 1673676    0    0     0     0 1372 1636  1  1 98  0  0
 0  0      0 4313844 161844 1673684    0    0     0     0 1466 1772  1  1 98  0  0
 0  0      0 4313592 161844 1673676    0    0     0     0 1577 1869  1  1 98  0  0
 0  0      0 4313344 161844 1673684    0    0     0   160 2394 3374  2  2 96  0  0
 0  0      0 4313344 161844 1673688    0    0     0     8 1148 1260  0  1 99  0  0
 0  0      0 4313344 161844 1673692    0    0     0    28 1334 1563  0  1 99  0  0
 2  0      0 4313344 161844 1673696    0    0     0     0 1556 1938  2  2 97  0  0
 0  0      0 4313344 161844 1673700    0    0     0     0 1723 2137  1  1 98  0  0
 0  0      0 4313092 161844 1673704    0    0     0    48 1199 1368  0  1 98  0  0
 0  0      0 4313092 161844 1673708    0    0     0     4 2284 3226  1  1 97  0  0
 0  0      0 4313092 161844 1673716    0    0     0     8 1437 1736  0  1 98  0  0
 0  0      0 4312868 161844 1673716    0    0     0    24 1423 1721  1  1 98  0  0
 0  0      0 4312868 161848 1673724    0    0     0   108 2775 4162  1  2 97  0  0
 1  0      0 4313908 161848 1673752    0    0   168    60 4132 6303  7  5 88  0  0
procs -----------memory---------- ---swap-- -----io---- -system-- ------cpu-----
 r  b   swpd   free   buff  cache   si   so    bi    bo   in   cs us sy id wa st
 2  0      0 4310096 161848 1673952    0    0    36     0 5043 8085 10  5 84  0  0
 0  0      0 4313780 161848 1673960    0    0     0     8 4427 6991  8  4 87  0  0
 0  0      0 4317736 161848 1673964    0    0     0     8 3486 5230  6  4 90  0  0
 0  0      0 4317496 161848 1673968    0    0     0    96 2129 2877  1  1 97  0  0
 0  0      0 4317496 161848 1673980    0    0     0     0 1266 1334  1  1 98  0  0
 0  0      0 4317496 161848 1673980    0    0     0    16 2530 3723  1  1 98  0  0
 0  0      0 4317496 161848 1673984    0    0     0     8 1123 1241  0  1 99  0  0
 0  0      0 4317496 161848 1673988    0    0     0     0 1264 1377  0  1 99  0  0
 0  0      0 4317256 161848 1673992    0    0     0   120 1903 2457  1  2 98  0  0
 0  0      0 4317008 161848 1674000    0    0     0    28 2300 3315  1  2 97  0  0
 0  0      0 4317008 161848 1674000    0    0     0     0 1090 1267  0  1 99  0  0
 0  0      0 4317008 161848 1674004    0    0     0     0 1302 1586  0  1 99  0  0
 0  0      0 4317008 161848 1674012    0    0     0     8 1347 1637  1  2 97  0  0
 0  0      0 4317008 161848 1674016    0    0     0    56 2734 3918  1  2 97  0  0
 0  0      0 4317008 161848 1674024    0    0     0    32 1271 1407  0  1 99  0  0
 0  0      0 4317008 161848 1674024    0    0     0     4 2439 3519  1  1 97  0  0
 2  0      0 4305364 162480 1676168    0    0  3056     0 3804 5870 10  5 84  1  0
 2  0      0 4311504 162488 1676488    0    0    16     4 5394 8661 11  7 83  0  0
 0  0      0 4307088 162496 1676500    0    0     0   632 5562 8873  9  7 83  1  0
 0  0      0 4306848 162496 1676504    0    0     0    32 4739 7750  7  6 87  0  0
 0  0      0 4306848 162496 1676512    0    0     0     8 1154 1242  1  0 99  0  0
procs -----------memory---------- ---swap-- -----io---- -system-- ------cpu-----
 r  b   swpd   free   buff  cache   si   so    bi    bo   in   cs us sy id wa st
 0  0      0 4306848 162496 1676512    0    0     0    12 1374 1547  1  1 98  0  0
 0  0      0 4306848 162496 1676516    0    0     0     0 1334 1540  1  2 97  0  0
 0  0      0 4306608 162496 1676524    0    0     0    80 1848 2376  1  1 97  0  0
 0  0      0 4308836 162496 1676532    0    0     0     0 1309 1475  0  2 98  0  0
 0  0      0 4308836 162496 1676536    0    0     0    20 2101 2974  1  1 98  0  0
 0  0      0 4308596 162496 1676536    0    0     0     8 1147 1278  1  1 99  0  0
 0  0      0 4308596 162496 1676540    0    0     0     8 1416 1752  1  1 98  0  0
 0  0      0 4310464 162496 1676548    0    0     0   164 2802 4177  1  2 97  0  0
 0  0      0 4310216 162496 1676556    0    0     0     0 2138 3019  1  2 98  0  0
 0  0      0 4310216 162496 1676560    0    0     0    20 1251 1461  1  1 98  0  0
 0  0      0 4310216 162496 1676564    0    0     0     0 1234 1328  0  1 99  0  0
 0  0      0 4310216 162496 1676564    0    0     0     8 1367 1471  1  2 97  0  0
 1  0      0 4301972 162496 1676568    0    0     0    68 4800 7349 10  6 84  0  0
 2  0      0 4306816 162496 1676584    0    0     0     0 5108 8057 10  7 83  0  0
 0  0      0 4305608 162496 1676600    0    0     0    24 5214 8560  8  5 87  0  0
 0  0      0 4305608 162496 1676600    0    0     0     0 2995 4457  5  4 91  0  0
 0  0      0 4305608 162496 1676604    0    0     0     0 1182 1319  0  1 99  0  0
 0  0      0 4305608 162496 1676608    0    0     0   120 1733 2157  1  2 98  0  0
 0  0      0 4305608 162496 1676616    0    0     0    12 2521 3449  1  2 97  0  0
 0  0      0 4305608 162496 1676620    0    0     0    28 1396 1541  1  1 99  0  0
 0  0      0 4305608 162496 1676624    0    0     0     0 1192 1299  0  1 99  0  0
procs -----------memory---------- ---swap-- -----io---- -system-- ------cpu-----
 r  b   swpd   free   buff  cache   si   so    bi    bo   in   cs us sy id wa st
 0  0      0 4305608 162496 1676624    0    0     0     0 1552 1861  2  2 97  0  0
 0  0      0 4305608 162496 1676628    0    0     0    80 2839 4138  2  2 97  0  0
 1  0      0 4305608 162496 1676640    0    0     0    20 1434 1592  0  1 98  0  0
 0  0      0 4305608 162496 1676644    0    0     0    28 2257 3190  1  1 97  0  0
 0  0      0 4305608 162496 1676648    0    0     0     0 1286 1497  1  1 98  0  0
 0  0      0 4305608 162496 1676652    0    0     0     0 1228 1474  0  1 99  0  0
 0  0      0 4305608 162496 1676652    0    0     0   132 1947 2495  1  2 97  0  0
 0  0      0 4305608 162496 1676660    0    0     0     0 2268 3272  1  2 97  0  0
 2  0      0 4304488 162496 1676664    0    0     0    32 1555 1695  3  2 96  0  0
 0  0      0 4305692 162496 1676680    0    0     0     4 6173 9978 11  8 81  0  0
 0  0      0 4309900 162496 1676688    0    0     0     0 5929 9668 12  7 81  0  0
 0  0      0 4309408 162496 1676688    0    0     0    64 3526 5504  5  5 91  0  0
 0  0      0 4309408 162496 1676700    0    0     0     0 1505 1802  0  1 98  0  0
 0  0      0 4309408 162496 1676700    0    0     0    40 2516 3737  2  1 97  0  0
 0  0      0 4309168 162496 1676704    0    0     0    16 1430 1759  0  1 99  0  0
 0  0      0 4309680 162496 1676708    0    0     0     4 1623 2143  0  1 99  0  0
 0  0      0 4309432 162496 1676712    0    0     0    76 2629 3956  2  2 96  0  0
 0  0      0 4309184 162496 1676720    0    0     0     0 2092 2890  1  2 97  0  0
 0  0      0 4311396 162496 1676728    0    0     0    24 1312 1588  1  1 99  0  0
 0  0      0 4311396 162496 1676728    0    0     0     8 1226 1414  1  1 98  0  0
 0  0      0 4311172 162496 1676732    0    0     0     8 1642 1946  2  2 96  0  0
procs -----------memory---------- ---swap-- -----io---- -system-- ------cpu-----
 r  b   swpd   free   buff  cache   si   so    bi    bo   in   cs us sy id wa st
 0  0      0 4310696 162496 1676736    0    0     0   128 2076 2703  1  2 98  0  0
 0  0      0 4310696 162496 1676744    0    0     0     0 1478 1684  1  1 98  0  0
 0  0      0 4310456 162496 1676748    0    0     0    20 2251 3195  1  1 97  0  0
 0  0      0 4310456 162496 1676748    0    0     0     4 1168 1300  0  1 99  0  0
 1  0      0 4300276 162496 1676752    0    0     0     0 1493 1654  2  1 97  0  0
 0  0      0 4312220 162500 1676780    0    0     0    72 7564 12676 14 11 75  0  0
 0  0      0 4319960 162500 1676792    0    0     0     8 6530 10796 12  7 81  0  0
 1  0      0 4319960 162500 1676788    0    0     0     0 4027 6447  8  5 87  0  0
 0  0      0 4319708 162500 1676796    0    0     0    36 2022 2722  2  2 96  0  0
 0  0      0 4319708 162500 1676800    0    0     0     0 1318 1507  1  2 98  0  0
 0  0      0 4319460 162500 1676804    0    0     0   176 2900 4179  1  2 97  0  0
 0  0      0 4319460 162500 1676812    0    0     0    12 1546 1865  1  1 98  0  0
 0  0      0 4319460 162500 1676812    0    0     0     4 2261 3313  1  1 98  0  0
 0  0      0 4319460 162500 1676820    0    0     0    24 1248 1496  0  1 99  0  0
 0  0      0 4319460 162500 1676824    0    0     0     8 1350 1591  2  1 98  0  0
 0  0      0 4319460 162500 1676828    0    0     0    60 1732 2231  1  2 97  0  0
 0  0      0 4319460 162500 1676836    0    0     0     0 2249 3261  1  2 98  0  0
 0  0      0 4319460 162500 1676836    0    0     0     8 1134 1279  0  1 99  0  0
 0  0      0 4319236 162500 1676840    0    0     0    24 1092 1328  0  1 99  0  0
 0  0      0 4319236 162500 1676844    0    0     0     0 1284 1505  2  2 97  0  0
 0  0      0 4319236 162504 1676848    0    0     0    92 1803 2334  1  1 98  0  0
procs -----------memory---------- ---swap-- -----io---- -system-- ------cpu-----
 r  b   swpd   free   buff  cache   si   so    bi    bo   in   cs us sy id wa st
 1  0      0 4299828 162504 1676852    0    0     0     0 1543 1709  2  2 97  0  0
 0  0      0 4308436 162504 1676872    0    0     0     0 7388 12480 13  8 79  0  0
 0  0      0 4312500 162504 1676884    0    0     0    40 5396 8850 10  7 84  0  0
 0  0      0 4312780 162504 1676880    0    0     0     4 3398 5193  5  3 92  0  0
 0  0      0 4312780 162504 1676892    0    0     0    76 2812 4031  2  2 96  0  0
 0  0      0 4315756 162504 1676900    0    0     0     0 2132 2912  1  2 97  0  0
 0  0      0 4315756 162504 1676904    0    0     0    12 1204 1386  1  1 99  0  0
 0  0      0 4315504 162504 1676908    0    0     0    28 1158 1314  1  1 99  0  0
 1  0      0 4315264 162504 1676908    0    0     0     8 1406 1613  1  2 97  0  0
 0  0      0 4315264 162504 1676916    0    0     0   144 1723 2026  1  2 97  0  0
 0  0      0 4317156 162504 1676924    0    0     0     0 1451 1701  1  2 98  0  0
 0  0      0 4317156 162504 1676928    0    0     0     0 2159 3046  3  1 96  0  0
 0  0      0 4317156 162504 1676928    0    0     0    16 1157 1289  1  1 99  0  0
 0  0      0 4317156 162504 1676932    0    0     0     0 1180 1374  0  1 99  0  0
 0  0      0 4317156 162504 1676936    0    0     0    60 1544 1943  1  1 98  0  0
 0  0      0 4317140 162504 1676944    0    0     0     8 2349 3309  1  2 97  0  0
 0  0      0 4317140 162504 1676948    0    0     0     0 1412 1629  1  1 99  0  0
 0  0      0 4313656 162504 1676960    0    0     0    24 1529 1715  2  2 96  0  0
 1  0      0 4308940 162504 1676972    0    0     0     0 7094 11713 12 10 78  0  0
 0  0      0 4306364 162504 1676980    0    0     0   108 6115 9918 11  8 81  0  0
 0  0      0 4308828 162504 1676984    0    0     0    20 3251 4849  5  4 91  0  0
procs -----------memory---------- ---swap-- -----io---- -system-- ------cpu-----
 r  b   swpd   free   buff  cache   si   so    bi    bo   in   cs us sy id wa st
 0  0      0 4308604 162504 1676988    0    0     0     4 2571 3788  1  2 97  0  0
 0  0      0 4308604 162504 1676992    0    0     0    44 1350 1697  1  1 98  0  0
 0  0      0 4308604 162504 1676996    0    0     0     0 1138 1286  1  1 99  0  0
 0  0      0 4308604 162504 1677004    0    0     0    80 1902 2427  1  2 97  0  0
 0  0      0 4308604 162504 1677008    0    0     0     0 2390 3497  1  2 97  0  0
 0  0      0 4308364 162504 1677012    0    0     0    16 1205 1444  1  1 98  0  0
 0  0      0 4308624 162504 1677016    0    0     0    24 1533 1895  0  1 99  0  0
 0  0      0 4308624 162504 1677020    0    0     0     0 1596 1951  1  2 97  0  0
 0  0      0 4308876 162504 1677028    0    0     0   112 1749 2089  1  2 98  0  0
 0  0      0 4308876 162504 1677032    0    0     0     0 1126 1255  1  1 99  0  0
 0  0      0 4308876 162504 1677036    0    0     0     4 2517 3671  2  2 97  0  0
 0  0      0 4308372 162504 1677040    0    0     0     8 1248 1317  1  1 98  0  0
 0  0      0 4306156 162504 1677064    0    0     0    36 6142 10346 14  8 78  0  0
 0  0      0 4306848 162508 1677088    0    0     0    56 7195 11902 13  8 79  0  0
 1  0      0 4307400 162508 1677104    0    0     0    64 4995 8015  7  5 88  0  0
 1  0      0 4302408 162508 1677728    0    0   388   972 8653 14270  8  9 80  2  0
 2  0      0 4284408 162508 1680204    0    0   828   588 4387 6214 12  7 80  1  0
 1  0      0 4113704 162508 1682632    0    0  2312     8 2809 3568 15  4 80  1  0
 1  0      0 4100372 162508 1682900    0    0    36   508 2212 2526 16  3 81  0  0
 1  0      0 4088544 162508 1683144    0    0     0     0 1732 1831 16  2 82  0  0
 1  0      0 4073424 162508 1683380    0    0    32    16 2743 3742 17  2 81  0  0
procs -----------memory---------- ---swap-- -----io---- -system-- ------cpu-----
 r  b   swpd   free   buff  cache   si   so    bi    bo   in   cs us sy id wa st
 1  0      0 4058236 162508 1683484    0    0    24   164 1548 1579 16  2 82  0  0
 1  0      0 4049440 162508 1683712    0    0     8     4 1650 1823 16  2 81  0  0
 1  0      0 4041548 162508 1683928    0    0     0    12 1980 2238 16  2 82  0  0
 1  0      0 4031484 162508 1684040    0    0     0    32 2715 3954 17  2 81  0  0
 1  0      0 4011336 162508 1684260    0    0    56     0 1559 1562 16  2 82  0  0
 1  0      0 4009268 162508 1684380    0    0     8   316 7145 12539 31 11 58  0  0
 2  0      0 3988524 162508 1684484    0    0     0    28 5315 9228 28  8 64  0  0
 5  0      0 3985872 162508 1684640    0    0     0     4 4179 6736 21  5 74  0  0
 2  0      0 3971780 162512 1685728    0    0   856  1076 7429 12448 25  8 65  3  0
 2  0      0 3943556 162512 1688096    0    0     0   644 6734 10787 28 10 62  1  0
 2  1      0 3694384 162512 1701628    0    0   500     0 7547 7939 29  6 64  2  0
 3  0      0 3200024 162512 1703720    0    0     0     8 3918 3908 27  6 67  1  0
 1  0      0 3159000 162512 1707416    0    0     0     0 4023 4234 26  4 69  0  0
 1  0      0 3128800 162512 1710652    0    0     0   488 4586 5599 26  4 69  1  0
 2  0      0 3098792 162512 1714548    0    0     0   204 3544 3408 26  3 70  1  0
 1  0      0 3078612 162512 1717788    0    0     0  5396 3796 3867 27  3 71  0  0
 2  0      0 3056552 162512 1721764    0    0     0     8 3850 3943 26  4 69  0  0
 1  0      0 3030820 162512 1725588    0    0     0     0 3849 3961 25  4 71  1  0
 3  0      0 2997668 162512 1729988    0    0     0     4 3880 3876 26  3 70  1  0
 2  0      0 2943248 162512 1733708    0    0     0   196 7457 14086 37 11 51  1  0
 2  0      0 2926020 162512 1733948    0    0     0     8 4192 9413 42  8 51  0  0
procs -----------memory---------- ---swap-- -----io---- -system-- ------cpu-----
 r  b   swpd   free   buff  cache   si   so    bi    bo   in   cs us sy id wa st
 2  0      0 3884064 162512 1734092    0    0     0   144 4412 6689 36  8 56  0  0
 2  0      0 3863364 162512 1734504    0    0     0   980 8736 14713 24 14 60  2  0
 2  0      0 3850956 162512 1736704    0    0     0   608 5377 8230 28  8 63  1  0
 2  0      0 3672892 162512 1736884    0    0     0     0 2438 2433 32  3 65  0  0
 2  0      0 3120500 162512 1750984    0    0     0     0 8042 8143 26  9 64  1  0
 2  0      0 2969976 162512 1755524    0    0     0    12 3263 3181 30  3 66  0  0
 3  0      0 2940672 162512 1763016    0    0     0    56 3220 3248 27  4 69  0  0
 2  0      0 2874836 162512 1767472    0    0     0   260 4255 4821 28  3 69  0  0
 2  0      0 2846000 162512 1772480    0    0     0     4 4253 5325 28  3 69  0  0
 2  0      0 2792668 162512 1777356    0    0     0     0 3275 3056 27  3 69  0  0
 4  0      0 2743884 162512 1780232    0    0     0     0 2495 2366 32  2 66  0  0
 3  0      0 2673448 162512 1786912    0    0     0    20 3265 3199 29  3 68  0  0
 2  0      0 2600820 162512 1794448    0    0     0  1068 4382 5006 30  3 65  2  0
 2  0      0 2489328 162512 1799932    0    0     0    28 3659 3720 29  3 68  0  0
 2  0      0 2289456 162512 1805420    0    0     0     0 3004 2730 29  3 67  0  0
 2  0      0 2172940 162512 1814856    0    0     0     0 3336 3212 30  4 65  0  0
 4  0      0 2111300 162512 1825392    0    0     0     0 4920 5823 32  4 64  1  0
 3  1      0 1886492 162512 1847024    0    0     0   152 8573 8779 26  7 64  2  0
 2  0      0 1445116 162512 1854724    0    0     0    36 5715 6981 24  7 68  1  0
 2  0      0 1313652 162512 1866436    0    0     0     0 4920 5367 23  5 72  1  0
 3  0      0 1194196 162512 1874900    0    0     0  3468 3995 4092 23  4 73  0  0
procs -----------memory---------- ---swap-- -----io---- -system-- ------cpu-----
 r  b   swpd   free   buff  cache   si   so    bi    bo   in   cs us sy id wa st
 1  0      0 1071812 162512 1885712    0    0     0     0 4212 4488 25  4 71  1  0
 1  0      0 948948 162512 1896612    0    0     0   168 5549 6541 27  5 68  1  0
 2  0      0 895656 162512 1907292    0    0     0    16 3580 3614 24  3 73  0  0
 3  0      0 738328 162512 1915268    0    0     0 62088 4349 4313 25  5 68  2  0
 1  0      0 615984 162512 1924624    0    0     0 15288 5039 5379 25  6 68  1  0
 2  0      0 476852 162512 1932032    0    0     0     0 3845 4071 24  4 72  0  0
 1  0      0 442760 162512 1937940    0    0     0   648 2797 2721 29  4 65  2  0
 1  0      0 1085520 162512 1943824    0    0     0     8 4331 5626 26  7 67  0  0
 1  0      0 950140 162512 1952160    0    0     0 28464 3212 3503 15  3 82  1  0
 1  0      0 975268 162512 1959416    0    0     0    32 2613 2819 13  2 85  0  0
 1  0      0 945952 162512 1963216    0    0     0     0 4341 5881 15  3 82  0  0
 1  0      0 942004 162512 1966436    0    0     0   148 3152 3653 14  2 84  0  0
 1  0      0 839200 162512 1971276    0    0     0   120 3239 3496 12  2 85  1  0
 0  0      0 803552 162512 1979252    0    0     0     0 3299 3507 13  2 84  0  0
 1  0      0 698884 162512 1990928    0    0     0     8 4706 5271 13  4 82  1  0
 1  0      0 588680 162512 1996800    0    0     0    32 2186 2604 14  3 82  0  0
 1  0      0 2927468 162516 1998668    0    0     0    80 1702 1715 16  2 81  0  0
 1  0      0 3497536 162516 1998672    0    0     0    56 3797 5352 18  3 79  0  0
 1  0      0 3955068 162516 1998692    0    0     0     8 1308 1432  0  5 95  0  0
