2026-07-14 20:10:19.645 procs -----------memory---------- ---swap-- -----io---- -system-- ------cpu-----
2026-07-14 20:10:19.648 r  b   swpd   free   buff  cache   si   so    bi    bo   in   cs us sy id wa st
2026-07-14 20:10:19.651 2  0      0 4022028 113540 2146704    0    0     7    42    8    4  2 10 87  1  0
2026-07-14 20:10:20.647 1  0      0 4021780 113556 2146732    0    0     0  1536 1759 2482  2  2 96  1  0
2026-07-14 20:10:21.647 1  0      0 4023600 113556 2146748    0    0     0     0 2435 3645  3  2 95  0  0
2026-07-14 20:10:22.648 1  0      0 4023600 113556 2146748    0    0     0     0 1088 1463  1  1 98  0  0
2026-07-14 20:10:23.650 1  0      0 4023600 113556 2146748    0    0     0     0 1438 1982  1  2 98  0  0
2026-07-14 20:10:24.650 1  0      0 4023600 113556 2146748    0    0     0     0 1924 2864  1  2 97  0  0
2026-07-14 20:10:25.651 1  0      0 4023600 113556 2146748    0    0     0     0 2122 3053  1  2 97  0  0
2026-07-14 20:10:26.652 1  0      0 4023600 113564 2146752    0    0     0    48 1652 2270  2  2 96  0  0
2026-07-14 20:10:27.653 1  0      0 4023600 113564 2146752    0    0     0     0 1151 1593  1  1 98  0  0
2026-07-14 20:10:28.654 1  0      0 4023600 113564 2146752    0    0     0     0 1265 1774  2  2 96  0  0
2026-07-14 20:10:29.653 1  0      0 4023600 113564 2146752    0    0     0     0 1384 1900  1  1 98  0  0
2026-07-14 20:10:30.656 1  0      0 4023600 113564 2146752    0    0     0     0 1376 1823  1  2 98  0  0
2026-07-14 20:10:31.655 2  0      0 4023600 113572 2146756    0    0     0    40 1529 2106  0  2 98  0  0
2026-07-14 20:10:32.658 1  0      0 4023600 113572 2146756    0    0     0     0 1086 1432  1  2 98  0  0
2026-07-14 20:10:33.659 1  0      0 4023600 113572 2146756    0    0     0     0 1195 1614  1  1 98  0  0
2026-07-14 20:10:34.660 1  0      0 4023600 113572 2146756    0    0     0     0 2031 3137  1  2 97  0  0
2026-07-14 20:10:35.659 1  0      0 4023600 113572 2146756    0    0     0     0 2116 3067  1  2 97  0  0
2026-07-14 20:10:36.661 1  0      0 4023096 113572 2146760    0    0     0     0 2263 3453  1  2 97  0  0
2026-07-14 20:10:37.663 1  0      0 4022872 113580 2146760    0    0     0    40 1229 1656  1  2 97  0  0
2026-07-14 20:10:38.662 1  0      0 4024940 113580 2146760    0    0     0     0 1338 1827  3  2 95  0  0
2026-07-14 20:10:39.664 1  0      0 4024940 113580 2146760    0    0     0     0 1133 1461  0  2 98  0  0
2026-07-14 20:10:40.665 procs -----------memory---------- ---swap-- -----io---- -system-- ------cpu-----
2026-07-14 20:10:40.668 r  b   swpd   free   buff  cache   si   so    bi    bo   in   cs us sy id wa st
2026-07-14 20:10:40.670 1  0      0 4024940 113580 2146760    0    0     0     0 1407 1930  1  2 98  0  0
2026-07-14 20:10:41.667 1  0      0 4024940 113580 2146760    0    0     0     0 1447 2030  1  2 97  0  0
2026-07-14 20:10:42.668 1  0      0 4024940 113580 2146760    0    0     0     8 1111 1496  1  1 98  0  0
2026-07-14 20:10:43.666 1  0      0 4024940 113584 2146760    0    0     0    28 1364 1835  1  2 98  0  0
2026-07-14 20:10:44.669 1  0      0 4024940 113584 2146760    0    0     0     0 2131 3341  1  2 97  0  0
2026-07-14 20:10:45.670 1  0      0 4024940 113584 2146760    0    0     0     0 2076 3063  2  2 96  0  0
2026-07-14 20:10:46.671 2  0      0 4024940 113584 2146760    0    0     0  1492 2022 2829  1  2 96  1  0
2026-07-14 20:10:47.670 1  0      0 4024940 113584 2146764    0    0     0     0 1363 1905  1  2 97  0  0
2026-07-14 20:10:48.672 1  0      0 4022960 113584 2146720    0    0     0   556 5656 9023  3  6 90  2  0
2026-07-14 20:10:49.674 1  0      0 4022960 113584 2146720    0    0     0     0 1507 2194  1  2 97  0  0
2026-07-14 20:10:50.673 1  0      0 4022960 113584 2146720    0    0     0     0 1323 1814  1  2 98  0  0
2026-07-14 20:10:51.676 1  0      0 4022712 113584 2146724    0    0     0     0 2324 3515  2  2 96  0  0
2026-07-14 20:10:52.677 2  0      0 4022712 113584 2146724    0    0     0     0 1207 1658  1  1 98  0  0
2026-07-14 20:10:53.678 1  0      0 4024780 113588 2146724    0    0     0   144 1571 2191  1  2 97  0  0
2026-07-14 20:10:54.679 1  0      0 4023584 113600 2146744    0    0     0   148 4885 7710  5  5 90  0  0
2026-07-14 20:10:55.679 1  0      0 3993976 113612 2147164    0    0     0   948 9566 16215 13 13 73  2  0
2026-07-14 20:10:56.681 1  1      0 3961072 113612 2179860    0    0 32708     0 5076 7346  2  7 81  9  0
2026-07-14 20:10:57.681 1  0      0 3935648 113624 2220136    0    0 39280   568 4848 7696  3  8 79 10  0
2026-07-14 20:10:58.680 2  1      0 3899464 113624 2223532    0    0  3112    24 2937 3684 12  4 81  3  0
2026-07-14 20:10:59.683 1  0      0 3738984 113624 2225184    0    0  1360     4 2031 2396 14  4 82  1  0
2026-07-14 20:11:00.683 1  0      0 3722604 113624 2225344    0    0     0     0 1499 1807 17  2 82  0  0
2026-07-14 20:11:01.683 procs -----------memory---------- ---swap-- -----io---- -system-- ------cpu-----
2026-07-14 20:11:01.686 r  b   swpd   free   buff  cache   si   so    bi    bo   in   cs us sy id wa st
2026-07-14 20:11:01.689 1  0      0 3713228 113624 2225352    0    0     4     0 1999 2471 15  4 81  0  0
2026-07-14 20:11:02.683 1  0      0 3698372 113624 2225496    0    0     0     0 1398 1575 16  2 82  0  0
2026-07-14 20:11:03.685 1  0      0 3686340 113632 2225612    0    0     4   128 1548 1841 16  2 81  0  0
2026-07-14 20:11:04.687 4  0      0 3679916 113632 2225612    0    0     0    12 1991 2672 17  2 81  0  0
2026-07-14 20:11:05.687 2  0      0 3669596 113632 2225844    0    0     8    32 2277 2894 17  3 80  0  0
2026-07-14 20:11:06.688 1  0      0 3660284 113632 2226028    0    0     0     0 2686 3397 16  3 81  0  0
2026-07-14 20:11:07.688 1  0      0 3654236 113632 2226180    0    0    44     0 1763 2124 16  2 81  0  0
2026-07-14 20:11:08.689 1  0      0 3544064 113644 2241220    0    0  1356   120 6955 7630 11  8 78  2  0
2026-07-14 20:11:09.690 1  0      0 3528644 113644 2241844    0    0   548     8 1553 1702 16  2 82  0  0
2026-07-14 20:11:10.690 1  0      0 3521692 113644 2242392    0    0   352     0 1779 2197 17  2 82  0  0
2026-07-14 20:11:11.689 1  0      0 3509344 113644 2243568    0    0  1108     0 2051 2804 16  2 81  1  0
2026-07-14 20:11:12.692 1  0      0 3504808 113644 2244784    0    0  1044     0 1691 2118 15  2 82  1  0
2026-07-14 20:11:13.692 1  0      0 3495740 113652 2244940    0    0    44    64 1442 1680 17  2 81  0  0
2026-07-14 20:11:14.693 1  0      0 3493976 113652 2245108    0    0   104     4 2189 2998 17  2 81  0  0
2026-07-14 20:11:15.694 2  0      0 3485156 113652 2245232    0    0    40     0 2187 2799 16  3 81  0  0
2026-07-14 20:11:16.693 1  0      0 3241592 113652 2245584    0    0   272     0 1925 2409 14  4 81  0  0
2026-07-14 20:11:17.694 1  0      0 3143904 113652 2248704    0    0   276     0 3346 3918 10  4 86  0  0
2026-07-14 20:11:18.696 0  0      0 3126964 113656 2252624    0    0     0   736 3660 4070 10  3 85  2  0
2026-07-14 20:11:19.696 1  0      0 3109392 113656 2256852    0    0     0     0 3706 4060 12  2 85  1  0
2026-07-14 20:11:20.697 0  0      0 3094720 113656 2260048    0    0     0    12 3563 3965 11  4 85  0  0
2026-07-14 20:11:21.698 0  0      0 3084228 113656 2262252    0    0     0     8 4006 5370 14  4 82  0  0
2026-07-14 20:11:22.699 procs -----------memory---------- ---swap-- -----io---- -system-- ------cpu-----
2026-07-14 20:11:22.702 r  b   swpd   free   buff  cache   si   so    bi    bo   in   cs us sy id wa st
2026-07-14 20:11:22.705 1  0      0 3068444 113656 2266244    0    0     0     0 3320 3572 12  3 85  0  0
2026-07-14 20:11:23.699 1  0      0 3057360 113656 2268944    0    0     0    68 3569 3683 12  3 84  1  0
2026-07-14 20:11:24.700 1  0      0 3047592 113656 2272188    0    0     0     0 3794 4334 13  3 84  0  0
2026-07-14 20:11:25.701 1  0      0 3033004 113656 2276228    0    0     0     4 4473 5186 12  4 84  1  0
2026-07-14 20:11:26.701 1  0      0 3114732 113656 2276228    0    0     0    28 2034 1975 17  3 81  0  0
2026-07-14 20:11:27.701 1  0      0 3114732 113656 2276228    0    0     0     0 1507 1932 19  1 80  0  0
2026-07-14 20:11:28.703 1  0      0 3128232 113656 2276228    0    0     0     0 1195 1267 17  2 81  0  0
2026-07-14 20:11:29.704 0  0      0 3880068 113656 2276228    0    0     0    68 1254 1584  1  7 92  0  0
2026-07-14 20:11:30.705 0  0      0 3880068 113656 2276228    0    0     0     0 1363 1809  1  2 98  0  0
2026-07-14 20:11:31.706 1  0      0 3880068 113656 2276228    0    0     0     8 1114 1434  2  2 96  0  0
2026-07-14 20:11:32.707 0  0      0 3879316 113656 2276228    0    0     0     0 2554 3584  1  3 96  0  0
2026-07-14 20:11:33.708 0  0      0 3879316 113656 2276228    0    0     0     0 1352 1894  1  2 98  0  0
2026-07-14 20:11:34.707 0  0      0 3879316 113660 2276228    0    0     0    20 1971 3074  1  2 97  0  0
