procs -----------memory---------- ---swap-- -----io---- -system-- ------cpu-----
 r  b   swpd   free   buff  cache   si   so    bi    bo   in   cs us sy id wa st
 3  0      0 4759324  18228 1473584    0    0     5     7    1   14  1  1 98  0  0
 0  0      0 4757540  18228 1473608    0    0     0     0 6417 10780 13  8 79  0  0
 0  0      0 4757540  18236 1473600    0    0     0   156 1172 1153  0  1 99  0  0
 0  0      0 4757040  18236 1473616    0    0     0     0 1511 1820  1  1 98  0  0
 0  0      0 4757040  18236 1473616    0    0     0     0  957  948  0  1 99  0  0
 0  0      0 4757040  18236 1473624    0    0     0    20 1644 2102  1  1 98  0  0
 0  0      0 4756788  18236 1473628    0    0     0    20 1242 1364  0  1 98  0  0
 0  0      0 4756788  18244 1473628    0    0     0    32 1087 1089  1  1 99  0  0
 0  0      0 4756288  18244 1473632    0    0     0     0 1467 1763  1  2 97  0  0
 0  0      0 4756288  18244 1473632    0    0     0     0 1786 2440  0  2 98  0  0
 0  0      0 4756036  18244 1474148    0    0   500     0 1602 1972  1  1 98  0  0
 0  0      0 4756036  18244 1474148    0    0     0    36 1226 1293  1  1 99  0  0
 0  0      0 4756036  18244 1474152    0    0     0     4 1036 1073  0  1 99  0  0
 0  0      0 4756036  18252 1474156    0    0     0    56 1500 1721  1  1 98  0  0
 0  0      0 4755812  18252 1474156    0    0     0     0  969  930  0  1 99  0  0
 0  0      0 4755812  18260 1474164    0    0     0    60 2032 2704  2  2 97  0  0
 1  0      0 4745564  18276 1474964    0    0   724   672 6696 10982  4  7 86  3  0
 1  0      0 4725792  18316 1479352    0    0  3248  1016 6540 10253 10 10 78  2  0
 2  0      0 4596524  18316 1486588    0    0  6772     4 2678 3073 14  4 80  2  0
 1  0      0 4527808  18316 1486916    0    0    84     0 2676 3245 16  3 81  0  0
 1  0      0 4517992  18316 1487212    0    0    20   468 1783 1562 16  2 82  0  0
procs -----------memory---------- ---swap-- -----io---- -system-- ------cpu-----
 r  b   swpd   free   buff  cache   si   so    bi    bo   in   cs us sy id wa st
 1  0      0 4499104  18316 1487428    0    0     0     0 2187 1917 16  2 81  0  0
 1  0      0 4485720  18316 1487508    0    0     0     4 1630 1226 16  2 82  0  0
 0  0      0 4471380  18324 1492764    0    0  5120   176 2340 2386 15  2 82  1  0
 1  0      0 4454508  18324 1497588    0    0  5072     8 2035 2187 15  2 82  1  0
 2  0      0 4448212  18324 1498216    0    0   212     0 1975 2231 16  2 82  0  0
 1  0      0 4439908  18324 1498812    0    0   228    28 1507 1619 16  2 82  0  0
 1  0      0 4426048  18348 1498904    0    0    12   288 1842 2181 18  2 80  0  0
 1  1      0 4414824  18364 1498988    0    0     0   540 4448 6520 20  5 70  4  0
 2  0      0 4401184  18364 1499188    0    0     0   388 6312 10395 20  6 61 13  0
 8  0      0 4382512  18400 1500732    0    0   196   896 6125 9723 22 10 62  6  0
 2  0      0 4250472  18400 1502220    0    0   444     0 2355 2471 31  4 65  0  0
 2  0      0 4173432  18400 1502516    0    0    24     0 1923 1496 31  3 65  0  0
 2  0      0 4047480  18400 1528888    0    0 13540    28 8079 8620 25  8 63  4  0
 2  0      0 3745532  18400 1533488    0    0  1384    44 3619 3565 26  5 68  1  0
 2  0      0 3712028  18400 1538024    0    0     0     4 4339 4721 27  4 69  0  0
 2  0      0 3685708  18408 1542896    0    0     0   204 3861 3826 27  3 69  1  0
 2  0      0 3655120  18408 1547600    0    0     0     4 3852 3705 27  4 69  1  0
 2  0      0 3635304  18408 1552256    0    0     0   560 4087 4130 28  4 68  0  0
 1  0      0 3609264  18408 1557188    0    0     0 10432 5172 6038 28  4 68  0  0
 2  0      0 3579520  18408 1562032    0    0     0    40 3856 3856 27  3 69  0  0
 2  0      0 3569720  18432 1562472    0    0     0   352 2612 3087 33  3 64  1  0
procs -----------memory---------- ---swap-- -----io---- -system-- ------cpu-----
 r  b   swpd   free   buff  cache   si   so    bi    bo   in   cs us sy id wa st
 3  0      0 3813440  18452 1563760    0    0  1128   956 6724 11242 37  8 53  2  0
 2  0      0 4297372  18480 1566156    0    0    12   580 5248 8032 28 11 60  1  0
 2  0      0 4118528  18480 1566428    0    0     0     8 1551 1392 30  5 65  0  0
 2  0      0 4094184  18480 1566884    0    0     0     0 2164 2561 32  3 65  0  0
 2  0      0 3878204  18480 1582924    0    0  2048    64 7777 8139 26  8 64  2  0
 1  0      0 3647132  18480 1584696    0    0     0     0 2483 2445 26  5 69  0  0
 2  0      0 3612396  18488 1586704    0    0     0   200 3013 3514 27  4 68  0  0
 2  0      0 3593508  18488 1589076    0    0     0    12 3674 4502 28  3 69  0  0
 2  0      0 3571624  18488 1590532    0    0     0  7016 2855 2761 28  3 69  0  0
 2  0      0 3549472  18488 1592676    0    0     0     0 2858 2678 28  2 69  0  0
 3  0      0 3522020  18488 1594304    0    0     0    40 2653 2340 28  3 70  0  0
 1  0      0 3507152  18496 1595988    0    0     0   212 3027 3315 29  3 68  0  0
 3  0      0 3484436  18496 1597872    0    0     0   752 3340 3957 29  3 66  1  0
 2  0      0 3553832  18496 1598004    0    0     0    12 2225 2695 33  2 65  0  0
 1  0      0 4287072  18496 1598164    0    0     0     0 1778 1728 25  5 70  0  0
 1  0      0 4282032  18496 1598252    0    0     0     0 1253 1312 16  2 82  0  0
 1  0      0 4234004  18504 1598428    0    0     0   156 2274 2653 16  4 80  0  0
 0  0      0 3739592  18504 1612308    0    0    36  3524 7100 7107  9  9 81  2  0
 0  0      0 3715160  18504 1615680    0    0  1940    12 2326 2405 10  3 87  1  0
 1  0      0 3699844  18504 1617188    0    0     0     0 2728 3091 11  2 87  0  0
 1  0      0 3688516  18504 1618856    0    0     0     0 2231 2201 11  2 88  0  0
procs -----------memory---------- ---swap-- -----io---- -system-- ------cpu-----
 r  b   swpd   free   buff  cache   si   so    bi    bo   in   cs us sy id wa st
 1  0      0 3676432  18512 1620252    0    0     0  5632 2694 3010 11  3 86  0  0
 0  0      0 3663104  18512 1622016    0    0     0   204 2308 2595 11  2 86  0  0
 0  0      0 3650760  18512 1623320    0    0     0     0 2775 3478 11  2 86  0  0
 1  0      0 3641436  18512 1624756    0    0     0    12 2229 2338 11  1 88  0  0
 0  0      0 3586248  18512 1626412    0    0     0     0 2165 2212 11  2 87  0  0
 1  0      0 3580956  18520 1627172    0    0     0    88 2170 2301 15  3 81  0  0
 1  0      0 3678428  18520 1627192    0    0     0    56 2486 3131 17  2 81  0  0
 0  0      0 4531280  18520 1627192    0    0     0    40 1585 1439  4  8 89  0  0
 0  0      0 4531280  18520 1627204    0    0     0     4 2086 2691  1  1 98  0  0
 0  0      0 4531280  18520 1627208    0    0     0     4 2012 2556  1  1 98  0  0
 0  0      0 4531280  18528 1627216    0    0     0    64 1424 1626  1  1 98  0  0
 0  0      0 4531280  18528 1627200    0    0     0     0 1102 1117  0  1 99  0  0
 0  0      0 4531280  18528 1627200    0    0     0     0 1640 2083  1  1 98  0  0
 0  0      0 4531280  18528 1627208    0    0     0    36 1305 1357  1  1 99  0  0
 0  0      0 4531280  18528 1627208    0    0     0    20 1078 1127  1  1 99  0  0
 0  0      0 4530788  18536 1627216    0    0     0    52 1550 1784  1  2 96  0  0
 0  0      0 4530964  18536 1627216    0    0     0     0 2310 3176  1  2 98  0  0
 0  0      0 4530792  18536 1627216    0    0     0     0 1041 1058  0  1 99  0  0
 0  0      0 4530540  18536 1627232    0    0     0  1832 1501 1714  1  1 98  0  0
 0  0      0 4530540  18536 1627232    0    0     0    40 1131 1164  0  1 99  0  0
 0  0      0 4530460  18544 1627228    0    0     0   100 1528 1770  1  1 98  0  0
procs -----------memory---------- ---swap-- -----io---- -system-- ------cpu-----
 r  b   swpd   free   buff  cache   si   so    bi    bo   in   cs us sy id wa st
 0  0      0 4530792  18544 1627240    0    0     0     4 1066 1021  0  1 99  0  0
 0  0      0 4530552  18544 1627244    0    0     0     0 1636 2165  1  1 98  0  0
 0  0      0 4530976  18544 1627248    0    0     0  4740 1289 1357  1  1 98  0  0
 0  0      0 4531064  18544 1627252    0    0     0     4 1132 1143  0  1 99  0  0
 2  0      0 4530816  18552 1627248    0    0     0    84 1602 1883  1  3 96  0  0
 0  0      0 4530620  18552 1627268    0    0     0     0 2420 3434  1  2 97  0  0
 3  0      0 4530620  18552 1627268    0    0     0     8 1014  925  0  1 99  0  0
 0  0      0 4530620  18552 1627280    0    0     0     0 1339 1390  1  1 98  0  0
 0  0      0 4530620  18552 1627280    0    0     0     8 1039 1060  1  1 98  0  0
 1  0      0 4530116  18560 1627284    0    0     0   116 1209 1317  0  1 98  0  0
 0  0      0 4530116  18560 1627288    0    0     0   988 1205 1274  0  1 98  0  0
 1  0      0 4513276  18560 1627288    0    0     0     0 1918 2483  3  1 96  0  0
