procs -----------memory---------- ---swap-- -----io---- -system-- ------cpu-----
 r  b   swpd   free   buff  cache   si   so    bi    bo   in   cs us sy id wa st
 2  0      0 4016712 157668 2023872    0    0     7     3    2    0  1  2 97  0  0
 1  0      0 4013496 157668 2023828    0    0     0     0 5709 9390 13  9 79  0  0
 1  0      0 4013496 157668 2023832    0    0     0     0 1720 2277  1  1 98  0  0
 0  0      0 4012996 157668 2023836    0    0     0    16 3085 4745  5  4 91  0  0
 0  0      0 4012756 157668 2023844    0    0     0     0 1911 2419  1  2 97  0  0
 0  0      0 4012756 157668 2023844    0    0     0    88 2060 2859  1  2 97  0  0
 0  0      0 4012756 157668 2023852    0    0     0    24 1758 2471  1  2 98  0  0
 0  0      0 4012756 157668 2023860    0    0     0     0 1492 1977  1  1 98  0  0
 0  0      0 4012756 157668 2023868    0    0     0     0 1410 1736  1  1 98  0  0
 1  0      0 4012756 157668 2023876    0    0     0    16 2447 3555  1  2 96  0  0
 0  0      0 4012504 157668 2023884    0    0     0    64 1751 2282  1  2 97  0  0
 0  0      0 4012504 157668 2023888    0    0     0    16 1713 2231  1  2 98  0  0
 0  0      0 4012504 157668 2023896    0    0     0    28 1611 1962  1  2 98  0  0
 0  0      0 4012032 157668 2023896    0    0     0     0 3892 6166  3  4 93  0  0
 0  0      0 4012032 157668 2023908    0    0     0     0 1335 1614  1  2 98  0  0
 0  0      0 4011780 157668 2023908    0    0     0    72 2214 2898  1  3 96  0  0
 0  0      0 4011780 157668 2023912    0    0     0     4 1852 2354  1  2 98  0  0
 0  0      0 4011780 157668 2023924    0    0     0     8 2476 3574  4  2 94  0  0
 0  0      0 4011780 157668 2023928    0    0     0    28 1401 1728  1  1 98  0  0
 2  0      0 4011780 157668 2023936    0    0     0     0 2303 3351  1  2 97  0  0
 0  0      0 4011528 157668 2023936    0    0     0    76 2136 2817  1  2 96  0  0
procs -----------memory---------- ---swap-- -----io---- -system-- ------cpu-----
 r  b   swpd   free   buff  cache   si   so    bi    bo   in   cs us sy id wa st
 1  0      0 4011528 157668 2023944    0    0     0   104 2496 3451  2  2 96  0  0
 0  0      0 4011528 157668 2023948    0    0     0     0 1537 1950  2  1 97  0  0
 1  0      0 4011528 157668 2023956    0    0     0    12 3292 5096  2  4 94  0  0
 0  0      0 4011528 157668 2023956    0    0     0    24 1612 2016  1  1 98  0  0
 0  0      0 4011052 157668 2023972    0    0     0    72 2631 3973  2  3 93  2  0
 0  0      0 4010800 157668 2023976    0    0     0    24 1643 2173  1  2 97  0  0
 0  0      0 4010800 157668 2023984    0    0     0     8 1711 2268  1  1 98  0  0
 0  0      0 4010800 157668 2023984    0    0     0     0 1422 1797  1  1 98  0  0
 0  0      0 4010800 157668 2023992    0    0     0    12 2739 4155  3  2 95  0  0
 0  0      0 4010548 157668 2024004    0    0     0   104 1973 2684  1  2 97  0  0
 0  0      0 4010548 157668 2024008    0    0     0    16 1651 2141  1  2 98  0  0
 0  0      0 4010548 157668 2024012    0    0     0     4 1554 1948  1  1 98  0  0
 0  0      0 4010548 157668 2024012    0    0     0     0 3255 5038  4  5 92  0  0
 0  0      0 4010548 157668 2024024    0    0     0     0 1546 1893  1  1 98  0  0
 0  0      0 4011972 157668 2024024    0    0     0   112 2626 3860  2  3 95  0  0
 0  0      0 4011972 157668 2024040    0    0     0    12 1671 2265  1  1 97  0  0
 0  0      0 4011748 157668 2024040    0    0     0     0 1859 2582  1  1 97  0  0
 0  0      0 4011748 157668 2024044    0    0     0     8 1557 2012  1  1 98  0  0
 0  0      0 4011748 157668 2024044    0    0     0     0 2875 4449  2  2 96  0  0
 0  0      0 4011508 157668 2024056    0    0     0   100 1925 2384  1  3 96  0  0
 0  0      0 4011508 157668 2024060    0    0     0    24 1617 2148  1  2 97  0  0
procs -----------memory---------- ---swap-- -----io---- -system-- ------cpu-----
 r  b   swpd   free   buff  cache   si   so    bi    bo   in   cs us sy id wa st
 0  0      0 4011508 157668 2024068    0    0     0     0 1404 1749  1  1 98  0  0
 0  0      0 4011268 157668 2024068    0    0     0     8 3949 6278  4  4 92  0  0
 0  0      0 4011268 157668 2024084    0    0     0     0 1550 1960  1  2 98  0  0
 0  0      0 4011268 157668 2024088    0    0     0   100 2304 3198  1  2 97  0  0
 0  0      0 4011268 157668 2024100    0    0     0     0 1611 2133  1  1 98  0  0
 0  0      0 4011268 157668 2024100    0    0     0    32 2094 2902  3  2 95  0  0
 0  0      0 4011268 157668 2024112    0    0     0     0 1402 1768  1  2 98  0  0
 0  0      0 4011044 157668 2024116    0    0     0     4 2509 3760  2  2 96  0  0
 0  0      0 4011044 157668 2024120    0    0     0    84 2025 2743  1  2 96  0  0
 0  0      0 4010792 157668 2024136    0    0     0   184 3920 6155  3  4 92  0  0
 1  0      0 4000940 157668 2024444    0    0     0   996 8494 13951 12 11 75  3  0
 1  0      0 3988192 157668 2025704    0    0     0   608 6909 11403 11 12 76  1  0
 1  0      0 3850596 157668 2025856    0    0     0     8 2207 2656 16  4 80  0  0
 1  0      0 3802872 157668 2026052    0    0     0     0 2422 2986 16  4 80  0  0
 1  0      0 3793068 157668 2026292    0    0     0   540 2166 2562 16  3 81  0  0
 1  0      0 3776688 157668 2026492    0    0     0     0 1969 2204 18  2 80  0  0
 1  0      0 3759312 157668 2026604    0    0     0   120 1883 2184 15  3 81  0  0
 1  0      0 3752508 157668 2026612    0    0     0    20 2446 3249 17  2 81  0  0
 1  0      0 3744960 157668 2026868    0    0     0     4 2401 2961 17  3 80  0  0
 1  0      0 3736392 157668 2026968    0    0     0    24 2058 2489 16  2 81  0  0
 1  0      0 3727824 157668 2026976    0    0     0    56 2326 2694 17  2 81  0  0
procs -----------memory---------- ---swap-- -----io---- -system-- ------cpu-----
 r  b   swpd   free   buff  cache   si   so    bi    bo   in   cs us sy id wa st
 1  0      0 3715916 157668 2027132    0    0     0   220 3453 4707 17  4 79  0  0
 1  0      0 3712640 157668 2027208    0    0     0     0 1953 1820 17  1 82  0  0
 1  0      0 3706604 157668 2027308    0    0     0    20 2626 3055 17  3 81  0  0
 1  0      0 3696460 157668 2027448    0    0     0    20 2175 2390 17  2 81  0  0
 1  0      0 3692200 157668 2027496    0    0     0     0 2022 2264 17  2 81  0  0
 1  0      0 3686152 157668 2027676    0    0     0   100 1784 2102 17  2 81  0  0
 1  0      0 3681616 157668 2027732    0    0     0     0 2441 3176 17  2 81  0  0
 1  0      0 3674572 157668 2027820    0    0     0     8 2112 2632 17  2 81  0  0
 0  0      0 3343060 157668 2041680    0    0     0    36 6110 6658  9 11 79  1  0
 1  0      0 3246392 157668 2044608    0    0     0     0 3500 3775 11  4 85  1  0
 1  0      0 3229552 157668 2048264    0    0     0   192 5041 6777 14  5 81  0  0
 1  0      0 3216184 157668 2052316    0    0     0     0 3467 3826 11  2 86  1  0
 1  0      0 3202744 157668 2055464    0    0     0  5676 3747 4427 12  4 84  0  0
 1  0      0 3192340 157668 2057924    0    0     0    32 2908 3343 12  4 84  0  0
 1  0      0 3177472 157668 2061632    0    0     0    12 3673 4379 12  3 85  0  0
 1  0      0 3164816 157668 2064448    0    0     0   164 3177 3630 12  3 85  1  0
 1  0      0 3155168 157668 2067152    0    0     0     0 3433 4385 14  3 83  0  0
 0  0      0 3139948 157668 2071120    0    0     0     0 4021 4784 12  4 84  0  0
 2  0      0 3213944 157668 2072040    0    0     0     4 2373 2544 16  2 81  0  0
 1  0      0 3214384 157668 2072040    0    0     0    20 2062 1994 18  1 81  0  0
 1  0      0 3236892 157668 2072056    0    0     0   164 3349 4405 19  3 79  0  0
procs -----------memory---------- ---swap-- -----io---- -system-- ------cpu-----
 r  b   swpd   free   buff  cache   si   so    bi    bo   in   cs us sy id wa st
 0  0      0 3955240 157668 2072056    0    0     0     0 1777 1947  5  6 89  0  0
 1  0      0 3954484 157668 2072068    0    0     0     0 2430 3371  2  3 96  0  0
 0  0      0 3954504 157668 2072072    0    0     0     8 1957 2576  1  2 97  0  0
 1  0      0 3954508 157668 2072076    0    0     0    24 1562 1942  3  2 95  0  0
 0  0      0 3954260 157668 2072076    0    0     0    84 1385 1675  1  1 98  0  0
 0  0      0 3954272 157668 2072088    0    0     0   288 2629 3603  2  2 97  0  0
 0  0      0 3954532 157668 2072096    0    0     0     0 2143 2746  1  3 96  0  0
 0  0      0 3954532 157668 2072108    0    0     0     0 1704 2220  1  2 97  0  0
 0  0      0 3954532 157668 2072108    0    0     0    28 1663 2002  2  2 97  0  0
 1  0      0 3954532 157668 2072116    0    0     0    88 3511 5627  2  4 93  0  0
 0  0      0 3954532 157668 2072116    0    0     0    16 1591 2004  1  2 98  0  0
 0  0      0 3954280 157668 2072132    0    0     0    16 2888 4036  2  3 96  0  0
 0  0      0 3954532 157668 2072132    0    0     0     0 1632 2074  1  2 97  0  0
