procs -----------memory---------- ---swap-- -----io---- -system-- ------cpu-----
 r  b   swpd   free   buff  cache   si   so    bi    bo   in   cs us sy id wa st
 7  0      0 3906936  26812 1710720    0    0     8     5    2   14  1  5 93  0  0
 0  0      0 3907208  26812 1710796    0    0     0    48 19416 33836 11 18 71  0  0
 0  0      0 3909040  26812 1710840    0    0     0    20 17051 28303  1 10 89  0  0
 1  0      0 3908792  26812 1710876    0    0     0     8 18206 29332  2 10 88  0  0
 1  0      0 3908792  26820 1710920    0    0     0   140 18092 29562  1 11 88  0  0
 0  0      0 3908540  26820 1710996    0    0     0    60 18552 30631  2 10 88  0  0
 0  0      0 3908540  26820 1711012    0    0     0   372 17820 29043  2 10 88  0  0
 0  0      0 3917308  26820 1702900    0    0     0    40 18426 29941  1 11 88  0  0
 0  0      0 3917308  26820 1702928    0    0     0     8 17667 29111  1 10 89  0  0
 0  0      0 3917308  26824 1702960    0    0     0   168 17680 28904  1 10 88  0  0
 1  0      0 3916808  26824 1703020    0    0     0     4 18331 29378  2 11 87  0  0
 0  0      0 3916560  26824 1703072    0    0     0   156 17745 29086  1 10 88  0  0
 0  0      0 3916056  26824 1703120    0    0     0    36 17679 28808  1 11 88  0  0
 2  0      0 3916056  26824 1703164    0    0     0     0 17962 29069  1 10 89  0  0
 1  0      0 3916056  26828 1703212    0    0     0   108 17976 29421  2 10 88  0  0
 0  0      0 3915808  26828 1703272    0    0     0   196 18544 30423  1 11 88  0  0
 0  0      0 3914384  26844 1703328    0    0     4   260 19445 32059  4 13 83  0  0
 2  0      0 3897372  26868 1703648    0    0     0  1260 22693 39174  8 19 71  2  0
 2  0      0 3894724  26892 1705196    0    0     0   828 19211 32275 12 16 71  1  0
 1  0      0 3739788  26892 1705332    0    0     0    16 17966 29486 17 12 72  0  0
 1  0      0 3716880  26892 1705508    0    0     0     0 17772 28947 18 10 72  0  0
procs -----------memory---------- ---swap-- -----io---- -system-- ------cpu-----
 r  b   swpd   free   buff  cache   si   so    bi    bo   in   cs us sy id wa st
 2  0      0 3703536  26892 1705992    0    0     0   812 18269 29759 17 12 72  0  0
 1  0      0 3683048  26892 1706124    0    0     0    40 17571 29271 17 12 72  0  0
 1  0      0 3660936  26900 1706152    0    0     0   300 18197 29556 16 12 72  0  0
 1  0      0 3580760  26900 1718260    0    0     0     8 20045 31619 14 14 71  1  0
 1  0      0 3560516  26900 1718440    0    0     0     8 15201 27431 17 11 72  0  0
 1  0      0 3549680  26900 1718644    0    0     0   396 14357 25889 18  8 73  0  0
 1  0      0 3542132  26900 1718748    0    0     0    32 14242 25690 18 10 72  0  0
 1  0      0 3535328  26908 1718968    0    0    56   296 14255 25544 17  9 74  0  0
 1  0      0 3308816  26924 1719184    0    0     0   340 15768 27965 19 11 70  1  0
 3  0      0 3262308  26948 1719740    0    0     0  1060 20357 36589 24 19 55  2  0
 5  0      0 3203288  26968 1726144    0    0     0   740 19985 33679 22 17 59  2  0
 2  0      0 3070036  26968 1729940    0    0     0    32 17140 29127 27 12 59  2  0
 3  0      0 3017620  26968 1732980    0    0     0    32 18359 30387 27 12 58  2  0
 2  0      0 3000944  26968 1737596    0    0     0     4 18398 30359 29 10 58  2  0
 5  0      0 2923724  26968 1742220    0    0     0    44 17786 29674 27 12 59  2  0
 2  0      0 2931040  26972 1744436    0    0     0   348 16998 29033 29 12 57  2  0
 3  0      0 2607208  26972 1758764    0    0     0   188 21448 32821 26 17 55  2  0
 1  0      0 3113440  26972 1763116    0    0     0    56 17684 28944 22 14 63  1  0
 0  0      0 3098052  26972 1768820    0    0     0     0 16460 27884 14 10 75  1  0
 2  0      0 3082152  26972 1772004    0    0     0   212 16839 28333 13 10 76  1  0
 0  0      0 3039352  26976 1777644    0    0     0   280 18500 30121 10 11 78  1  0
procs -----------memory---------- ---swap-- -----io---- -system-- ------cpu-----
 r  b   swpd   free   buff  cache   si   so    bi    bo   in   cs us sy id wa st
 0  0      0 3006292  26976 1780872    0    0     0   996 18414 30213 11 11 75  2  0
 1  0      0 2979204  26976 1784108    0    0     0    36 17211 28805 13 10 76  1  0
 2  0      0 2945268  26976 1786884    0    0     0     8 15457 27083 15 10 74  0  0
 2  0      0 2891252  26976 1793528    0    0     0     0 18231 29629 12 12 75  1  0
 2  0      0 2825324  26984 1800136    0    0     0   128 20276 32734 14 13 71  1  0
 1  0      0 2704624  26984 1805068    0    0     0    40 19376 31062 14 13 72  1  0
 3  0      0 2623568  26984 1811636    0    0   596    64 19480 30938 13 13 73  1  0
 2  0      0 2516508  26984 1816724    0    0     0     0 18415 29838 15 11 74  1  0
 7  0      0 2411832  27000 1825376    0    0     0   276 20784 33071 15 15 69  2  0
 2  0      0 2244476  27020 1834428    0    0     0  1044 22219 38524 22 22 54  3  0
 2  0      0 2096488  27040 1842488    0    0     0   640 17511 30026 26 15 58  1  0
 2  0      0 1902348  27040 1850152    0    0     0    60 16911 28504 30 12 58  1  0
 2  0      0 1738188  27040 1859596    0    0     0     4 17595 29077 29 12 58  1  0
 3  0      0 1666600  27040 1869948    0    0     0    32 15589 26708 31 11 58  1  0
 2  0      0 1583172  27040 1877036    0    0     0     4 17314 29333 29 13 57  1  0
 4  0      0 1366564  27040 1885660    0    0     0  1000 17880 29008 28 13 56  3  0
 1  1      0 920052  27040 1899100    0    0  3008    36 17128 28574 21 16 61  2  0
 3  0      0 675948  27040 1907984    0    0     0    44 17687 28506 24 12 62  2  0
 2  0      0 637824  27040 1918032    0    0     0     4 18157 29227 23 12 63  2  0
 2  0      0 470564  27040 1925772    0    0     0    20 17885 29453 23 11 64  2  0
 2  0      0 376640  27048 1935276    0    0     0   300 19320 31052 22 13 63  2  0
procs -----------memory---------- ---swap-- -----io---- -system-- ------cpu-----
 r  b   swpd   free   buff  cache   si   so    bi    bo   in   cs us sy id wa st
 2  0      0 266724  27048 1943400    0    0     0    52 17000 28556 22 14 62  2  0
 3  0      0 214356  26312 1895564    0    0     0    36 17543 29698 25 15 59  1  0
 5  0      0 230384  25460 1798648    0    0     0    16 17507 28747 24 16 59  1  0
 4  0      0 218884  25056 1738732    0    0    68     0 19579 31522 23 16 59  2  0
 2  1      0 223736  25064 1747080    0    0    44   240 18611 30006 22 13 63  2  0
 4  0      0 248596  24440 1630820    0    0     0   424 16533 27829 22 16 61  1  0
 3  0      0 264972  23852 1546472    0    0     0    68 17541 28582 20 16 63  1  0
 1  1      0 261260  23372 1475564    0    0     0     0 17968 29139 22 17 60  1  0
 2  0      0 264972  22292 1339076    0    0     0    16 17913 29587 20 21 57  2  0
 1  0      0 234032  21532 1266292    0    0  6624   776 19615 31383 19 19 58  4  0
 4  0      0 166188  20244 1155912    0    0  1156   152 19645 31197 19 19 59  3  0
 1  1      0 158196  16884 972948    0    0  2672    40 17856 30240 23 22 52  3  0
 2  0      0 2509820  16576 936536    0    0  5280    20 17627 29796 23 17 57  3  0
 5  2      0 2371700  16576 988440    0    0 43960     4 23819 36151 19 15 52 14  0
 3  1      0 2241012  16828 1040096    0    0 41524   124 25303 38740 19 17 42 21  0
 3  1      0 2380748  16836 1092388    0    0 45612   100 20723 33214 14 14 55 16  0
 2  0      0 2683764  16836 1100800    0    0  1080    48 19514 30916 13 16 70  1  0
 1  0      0 2630228  16836 1112448    0    0     0    32 20806 32316 14 13 72  2  0
 2  0      0 2513784  16836 1117744    0    0     0     4 17902 29796 13 12 75  1  0
 1  0      0 2386112  16844 1123788    0    0     0   132 16998 28236 13 11 75  1  0
 2  0      0 2272192  16844 1130188    0    0     0    44 16649 28262 14 11 74  1  0
procs -----------memory---------- ---swap-- -----io---- -system-- ------cpu-----
 r  b   swpd   free   buff  cache   si   so    bi    bo   in   cs us sy id wa st
 1  0      0 2179240  16844 1136096    0    0     0    96 16761 28316 14 11 74  1  0
 3  0      0 2074688  16844 1142752    0    0   960    48 19319 31054 14 13 72  1  0
 1  0      0 1961748  16844 1152700    0    0  3536    20 17765 30000 14 13 72  1  0
 2  1      0 1861688  16856 1159892    0    0     8   412 19925 31745 13 13 73  1  0
 3  0      0 1868000  16860 1168320    0    0  2608   108 20214 31930 13 13 73  2  0
 3  0      0 1833448  16860 1171644    0    0     0    92 18815 30280 14 11 75  1  0
 2  0      0 1828620  16860 1175344    0    0     0    36 18809 30598 14 11 75  1  0
 3  1      0 1805032  16860 1179468    0    0    40    16 19606 31410 12 12 75  1  0
 0  0      0 1717616  16872 1183600    0    0     0   148 19168 30886 12 12 75  1  0
 2  0      0 1677304  16872 1188516    0    0     0   116 19377 31037 13 12 74  1  0
 3  0      0 1567524  16872 1193776    0    0     0   108 18763 30768 14 11 75  1  0
 1  0      0 2854572  16872 1200704    0    0     0    68 15828 27047 13 10 76  1  0
 3  0      0 4345512  16872 1200760    0    0     0    12 15306 27582 17 14 69  0  0
 0  0      0 4587828  16880 1200840    0    0    84   112 17912 29481  1 14 84  0  0
 8  1      0 4578584  16880 1205232    0    0  4432    60 18589 30483  4 13 82  1  0
