procs -----------memory---------- ---swap-- -----io---- -system-- ------cpu-----
 r  b   swpd   free   buff  cache   si   so    bi    bo   in   cs us sy id wa st
 1  0      0 4024512 157576 2013612    0    0     7     3    1    2  1  2 97  0  0
 0  0      0 4027528 157576 2013180    0    0     0    80 5926 9690 13  8 79  0  0
 0  0      0 4027036 157576 2013180    0    0     0     0 1580 2038  1  1 98  0  0
 0  0      0 4027036 157576 2013184    0    0     0    12 1924 2532  2  1 97  0  0
 0  0      0 4027036 157576 2013188    0    0     0    24 1414 1752  1  1 98  0  0
 1  0      0 4027036 157576 2013196    0    0     0     0 2521 3524  1  4 95  0  0
 4  0      0 4027036 157576 2013204    0    0     0    88 1606 2024  1  2 97  0  0
 0  0      0 4027036 157576 2013208    0    0     0    36 1784 2336  1  2 97  0  0
 0  0      0 4027036 157576 2013212    0    0     0     0 1963 2826  1  1 98  0  0
 0  0      0 4027036 157576 2013220    0    0     0     8 1991 2695  3  2 95  0  0
 1  0      0 4027036 157576 2013228    0    0     0    40 2704 4077  1  2 96  0  0
 0  0      0 4027036 157576 2013240    0    0     0   124 2355 3199  2  2 95  0  0
 0  0      0 4027036 157576 2013240    0    0     0     0 1962 2670  1  2 97  0  0
 0  0      0 4026812 157576 2013248    0    0     0     0 2393 3477  2  2 97  0  0
 0  0      0 4026812 157576 2013252    0    0     0     0 1575 2145  1  1 98  0  0
 0  0      0 4026812 157576 2013260    0    0     0    44 2232 3037  3  3 95  0  0
 0  0      0 4026560 157576 2013260    0    0     0    48 2006 2604  1  3 96  0  0
 0  0      0 4026560 157576 2013272    0    0     0     0 2359 3428  2  2 96  0  0
 0  0      0 4026560 157576 2013272    0    0     0     0 2136 3086  1  2 97  0  0
 0  0      0 4026560 157576 2013280    0    0     0     0 2110 2957  2  2 97  0  0
 1  0      0 4026560 157576 2013280    0    0     0    24 1523 1957  1  2 98  0  0
procs -----------memory---------- ---swap-- -----io---- -system-- ------cpu-----
 r  b   swpd   free   buff  cache   si   so    bi    bo   in   cs us sy id wa st
 0  0      0 4026060 157576 2013292    0    0     0   120 4165 6473  2  4 94  0  0
 0  0      0 4026060 157576 2013292    0    0     0     4 1555 2062  0  1 98  0  0
 0  0      0 4026060 157576 2013304    0    0     0     0 2042 2805  2  2 96  0  0
 0  0      0 4026060 157576 2013304    0    0     0     0 1513 1886  1  2 98  0  0
 0  0      0 4026060 157576 2013320    0    0     0     0 2669 3915  3  3 94  0  0
 0  0      0 4025808 157576 2013324    0    0     0    76 1919 2431  1  2 97  0  0
 0  0      0 4025568 157576 2013328    0    0     0    32 1905 2547  1  2 97  0  0
 0  0      0 4025568 157576 2013336    0    0     0     0 2239 3153  1  2 97  0  0
 0  0      0 4025568 157576 2013336    0    0     0     0 1836 2506  1  2 97  0  0
 0  0      0 4025344 157576 2013352    0    0     0     0 2319 3325  1  2 97  0  0
 0  0      0 4025344 157576 2013360    0    0     0    60 3234 4868  2  3 94  0  0
 0  0      0 4025344 157576 2013360    0    0     0    76 1662 2122  1  2 98  0  0
 1  0      0 4025344 157576 2013364    0    0     0     4 1700 2172  1  2 98  0  0
 0  0      0 4025344 157576 2013372    0    0     0     0 2087 2909  2  2 96  0  0
 0  0      0 4025344 157576 2013384    0    0     0     0 1910 2566  1  3 96  0  0
 1  0      0 4025344 157576 2013384    0    0     0    72 2125 2805  1  3 96  0  0
 0  0      0 4025344 157576 2013388    0    0     0    20 1722 2205  1  1 97  0  0
 0  0      0 4025120 157576 2013388    0    0     0    56 3064 4722  4  3 93  0  0
 0  0      0 4025120 157576 2013400    0    0     0     4 1855 2440  1  2 97  0  0
 0  0      0 4025120 157576 2013400    0    0     0     0 1761 2196  1  2 97  0  0
 0  0      0 4024868 157576 2013416    0    0     0    68 3193 4864  2  3 95  0  0
procs -----------memory---------- ---swap-- -----io---- -system-- ------cpu-----
 r  b   swpd   free   buff  cache   si   so    bi    bo   in   cs us sy id wa st
 0  0      0 4024868 157576 2013416    0    0     0    80 2317 3239  2  2 96  0  0
 0  0      0 4024868 157576 2013424    0    0     0     0 1641 2126  1  2 97  0  0
 0  0      0 4024868 157576 2013428    0    0     0    16 1533 1934  1  1 98  0  0
 0  0      0 4024868 157576 2013444    0    0     0     8 2304 3283  2  2 96  0  0
 0  0      0 4024868 157576 2013448    0    0     0    72 1750 2297  1  2 97  0  0
 0  0      0 4024868 157576 2013452    0    0     0    28 2238 3102  2  2 96  0  0
 0  0      0 4024868 157576 2013456    0    0     0     0 2308 3412  1  2 97  0  0
 0  0      0 4024868 157576 2013456    0    0     0     0 1651 2136  1  2 97  0  0
 0  0      0 4024868 157576 2013476    0    0     0    20 2076 2968  1  2 97  0  0
 1  0      0 4024368 157576 2013476    0    0     0     0 3148 4816  2  3 95  0  0
 0  0      0 4024368 157576 2013488    0    0     0   120 1551 1870  2  2 96  0  0
 0  0      0 4024368 157576 2013488    0    0     0    28 1771 2309  2  2 96  0  0
 0  0      0 4024368 157576 2013492    0    0     0     0 1525 1853  1  2 98  0  0
 0  0      0 4024144 157576 2013492    0    0     0     0 1701 2164  1  3 96  0  0
 0  0      0 4024144 157576 2013508    0    0     0    16 1854 2334  1  2 97  0  0
 0  0      0 4024144 157576 2013508    0    0     0    64 1387 1742  1  1 97  0  0
 0  0      0 4024144 157576 2013516    0    0     0    28 1897 2685  1  2 97  0  0
 0  0      0 4024144 157576 2013516    0    0     0     0 1661 2269  1  2 97  0  0
 0  0      0 4024144 157576 2013528    0    0     0     0 1408 1728  1  2 98  0  0
 0  0      0 4024144 157576 2013528    0    0     0     0 3179 4882  2  3 95  0  0
 0  0      0 4024144 157576 2013540    0    0     0   120 1653 2090  1  1 97  0  0
procs -----------memory---------- ---swap-- -----io---- -system-- ------cpu-----
 r  b   swpd   free   buff  cache   si   so    bi    bo   in   cs us sy id wa st
 0  0      0 4024144 157576 2013540    0    0     0    20 1763 2355  1  2 97  0  0
 0  0      0 4024144 157576 2013540    0    0     0     4 1557 2012  1  2 98  0  0
 0  0      0 4024144 157576 2013556    0    0     0     0 2192 2902  3  3 94  0  0
 0  0      0 4024144 157576 2013564    0    0     0     0 2100 2709  2  3 95  0  0
 0  0      0 4024144 157576 2013568    0    0     0    60 1680 2275  1  2 97  0  0
 0  0      0 4024144 157576 2013572    0    0     0    32 2033 2812  1  2 97  0  0
 0  0      0 4024144 157576 2013572    0    0     0    48 1962 2523  1  2 97  0  0
 0  0      0 4024144 157576 2013584    0    0     0     0 1435 1842  1  1 98  0  0
 0  0      0 4024144 157576 2013584    0    0     0     0 3256 5050  1  3 95  0  0
 0  0      0 4024144 157576 2013596    0    0     0   136 1994 2516  1  2 97  0  0
 0  0      0 4024144 157576 2013600    0    0     0    24 1678 2145  1  2 97  0  0
 0  0      0 4024144 157576 2013608    0    0     0    12 1707 2176  1  2 97  0  0
 0  0      0 4024144 157576 2013608    0    0     0     8 1909 2581  1  3 96  0  0
 0  0      0 4023892 157576 2013620    0    0     0     0 1753 2258  1  2 97  0  0
 0  0      0 4023892 157576 2013624    0    0     0    64 1773 2365  1  2 97  0  0
 0  0      0 4023892 157576 2013624    0    0     0    16 2100 3022  1  1 97  0  0
 0  0      0 4023892 157576 2013632    0    0     0     4 1978 2718  1  2 97  0  0
 0  0      0 4023892 157576 2013632    0    0     0    20 1590 1896  1  2 97  0  0
 2  0      0 4023892 157576 2013644    0    0     0     0 3084 4807  3  3 94  0  0
 0  0      0 4023892 157576 2013644    0    0     0   100 1658 2113  2  2 96  0  0
 0  0      0 4023892 157576 2013656    0    0     0    24 1820 2263  1  2 97  0  0
procs -----------memory---------- ---swap-- -----io---- -system-- ------cpu-----
 r  b   swpd   free   buff  cache   si   so    bi    bo   in   cs us sy id wa st
 0  0      0 4023892 157576 2013660    0    0     0     0 1572 1982  1  2 98  0  0
 0  0      0 4023892 157576 2013672    0    0     0     8 2311 3043  2  3 95  0  0
 0  0      0 4023892 157576 2013672    0    0     0    12 2014 2704  1  2 97  0  0
 0  0      0 4023892 157576 2013680    0    0     0    64 2086 2835  1  2 97  0  0
 0  0      0 4023892 157576 2013680    0    0     0    32 2007 2773  1  2 97  0  0
 0  0      0 4023892 157576 2013692    0    0     0     0 1828 2419  1  2 97  0  0
 0  0      0 4023892 157576 2013696    0    0     0     8 1446 1833  1  2 98  0  0
 0  0      0 4023644 157576 2013708    0    0     0     0 2950 4549  2  3 96  0  0
 0  0      0 4023644 157576 2013708    0    0     0   128 1635 2018  1  2 97  0  0
 0  0      0 4023644 157576 2013716    0    0     0     0 1990 2699  1  1 98  0  0
 0  0      0 4023644 157576 2013720    0    0     0    20 1680 2196  1  2 97  0  0
 0  0      0 4023644 157576 2013732    0    0     0     0 1934 2546  3  3 95  0  0
 0  0      0 4023644 157576 2013736    0    0     0     4 1792 2288  3  2 95  0  0
 0  0      0 4023644 157576 2013740    0    0     0    60 1717 2310  1  2 97  0  0
 1  0      0 4023644 157576 2013740    0    0     0    12 2165 3043  2  2 97  0  0
 0  0      0 4023644 157576 2013752    0    0     0    32 1876 2504  1  2 97  0  0
