procs -----------memory---------- ---swap-- -----io---- -system-- ------cpu-----
 r  b   swpd   free   buff  cache   si   so    bi    bo   in   cs us sy id wa st
 2  0      0 3973972  64044 1611804    0    0     7     5   12    7  1  5 93  0  0
 1  0      0 3974736  64044 1611900    0    0    12    48 17835 31006 13 15 72  0  0
 0  0      0 3974488  64044 1611928    0    0     0    12 15414 25172  1  8 91  0  0
 0  0      0 3974236  64044 1611960    0    0     0     0 14338 23571  1  7 92  0  0
 0  0      0 3974236  64048 1611996    0    0     0   144 15031 24550  1  9 89  0  0
 0  0      0 3974236  64060 1612032    0    0     0   524 15417 24775  2 10 89  0  0
 0  0      0 3974236  64060 1612064    0    0     0    80 14522 23585  2  8 90  0  0
 2  0      0 3974236  64060 1612092    0    0     0     8 15193 24081  1 10 90  0  0
 0  0      0 3974236  64060 1612136    0    0     0     0 15452 24914  2  8 90  0  0
 2  0      0 3974236  64060 1612172    0    0     0    80 15693 24939  2  9 89  0  0
 0  0      0 3974236  64072 1612188    0    0     0   100 15492 24745  1  9 90  0  0
 0  0      0 3974236  64072 1612236    0    0     0   104 14957 24099  1  8 91  0  0
 1  0      0 3974236  64072 1612268    0    0     0    52 15656 25283  1  9 90  0  0
 1  0      0 3974236  64072 1612304    0    0     0     0 15459 24429  2  7 91  0  0
 0  0      0 3974236  64072 1612324    0    0     0     4 15160 24247  1  9 90  0  0
 0  0      0 3973732  64080 1612364    0    0     0   164 15204 24643  1  9 90  0  0
 0  0      0 3973732  64092 1612400    0    0     0   292 15991 25782  2  9 88  0  0
 3  0      0 3956188  64104 1613984    0    0  1204  1132 20591 35015  8 16 73  2  0
 2  0      0 3942508  64124 1615300    0    0   228   828 16309 28041 11 15 73  1  0
 1  0      0 3820300  64264 1624316    0    0  8924     0 14898 24477 14 11 72  2  0
 3  0      0 3760900  64264 1624520    0    0    80    24 15267 24558 17 10 73  0  0
procs -----------memory---------- ---swap-- -----io---- -system-- ------cpu-----
 r  b   swpd   free   buff  cache   si   so    bi    bo   in   cs us sy id wa st
 2  0      0 3751588  64264 1625088    0    0     0   684 15259 24656 17  9 74  0  0
 1  0      0 3730432  64264 1625228    0    0     0   168 15352 25081 17 10 74  0  0
 1  0      0 3718348  64268 1629196    0    0  3633   276 14584 23922 16  9 75  1  0
 1  0      0 3624500  64268 1654428    0    0 13424     0 18623 28218  9 14 73  4  0
 1  0      0 3598580  64268 1658820    0    0  4128    20 12840 22605 14  9 75  2  0
 1  0      0 3570620  64268 1685856    0    0 26912    20 15766 25577  9 10 74  7  0
 1  0      0 3558776  64268 1690284    0    0  4320   156 15826 24989 15 10 73  2  0
 1  0      0 3545928  64272 1692720    0    0  2360   464 15775 25384 16  9 73  2  0
 4  0      0 3525272  64288 1695784    0    0  2936   680 17867 30622 20 15 63  3  0
 3  0      0 3491964  64308 1700328    0    0  2460  1148 18586 32838 22 19 56  3  0
 2  0      0 3220480  64308 1704700    0    0  3572    72 13418 23298 29 11 58  2  0
 3  0      0 3056036  64308 1709548    0    0  4544   120 12956 22601 32  9 58  1  0
 3  1      0 3027568  64308 1713828    0    0     0    44 14290 23439 28 10 60  2  0
 2  0      0 2974952  64308 1718336    0    0     0   532 16734 26319 26 13 59  2  0
 2  0      0 2955500  64308 1721236    0    0     0     8 15380 24872 28 10 60  2  0
 2  0      0 2892896  64312 1725256    0    0     0   468 14896 24396 26 10 62  2  0
 2  0      0 2416468  64312 1757488    0    0 14336    28 20499 29715 17 17 60  6  0
 4  0      0 2344148  64312 1764096    0    0     0    44 17475 27392 23 11 64  3  0
 4  0      0 2325244  64312 1771492    0    0     0   140 15622 24341 25 10 62  2  0
 2  0      0 2654532  64312 1775084    0    0     0     0 14790 24027 26 11 62  1  0
 0  0      0 2976636  64312 1780372    0    0     0   220 16869 26091 11 13 75  1  0
procs -----------memory---------- ---swap-- -----io---- -system-- ------cpu-----
 r  b   swpd   free   buff  cache   si   so    bi    bo   in   cs us sy id wa st
 1  0      0 2946752  64312 1784364    0    0     0    24 17123 26962 11 11 77  1  0
 3  0      0 2924244  64312 1786312    0    0     0    40 13343 22390 14  8 77  1  0
 0  0      0 2882052  64312 1791116    0    0     0   124 13492 22470 15  8 77  1  0
 0  0      0 2798688  64312 1798512    0    0     0     0 17070 26284 12 10 77  1  0
 1  1      0 2761068  64328 1803692    0    0    42   336 18587 29452 16 13 70  2  0
 2  0      0 2623108  64348 1811184    0    0   500  1008 20321 34717 20 21 56  3  0
 4  0      0 2456012  64360 1817536    0    0   172   668 15233 25695 28 11 60  1  0
 2  1      0 2247832  64360 1826848    0    0     0    12 13972 22935 29 11 59  1  0
 2  0      0 2130120  64360 1836044    0    0     0     0 14228 22820 29 10 60  1  0
 2  0      0 2023560  64360 1843172    0    0     0    20 13572 22493 29  9 61  1  0
 2  1      0 1896456  64360 1849260    0    0     0     4 13771 23161 29 10 61  1  0
 1  1      0 1723840  64368 1861268    0    0     0   416 15947 25243 27 11 60  2  0
 2  0      0 1124144  64396 1877432    0    0     0   660 22331 34939 24 23 49  4  0
 5  0      0 1043868  64428 1892376    0    0   168  1164 20328 33980 28 22 46  3  0
 3  0      0 853576  64428 1902196    0    0     0    12 15720 24612 36 14 47  3  0
 2  1      0 677636  64428 1915660    0    0     0     8 15979 24273 35 13 49  2  0
 8  0      0 658892  64428 1925648    0    0     0    60 17668 27761 35 17 46  2  0
 5  0      0 462596  64428 1933648    0    0     0    24 15351 24560 35 16 47  2  0
 2  0      0 328400  64328 1926804    0    0     0  1868 16396 25984 33 15 48  3  0
 4  0      0 183284  64204 1924456    0    0     0     4 14715 23954 32 15 51  2  0
 4  0      0 125452  54336 1483312    0    0 14288   268 21346 31944 24 29 42  5  0
procs -----------memory---------- ---swap-- -----io---- -system-- ------cpu-----
 r  b   swpd   free   buff  cache   si   so    bi    bo   in   cs us sy id wa st
 3  0      0  92048  52564 1371676    0    0  1512     0 17061 26669 22 22 54  2  0
 1  0      0 127540  51564 1297228    0    0 13404     0 17732 27446 19 21 51  9  0
 6  0      0 199712  41540 1067712    0    0  6968   140 17218 27290 22 24 48  5  0
 2  1      0 264804  40280 1034544    0    0 12228   316 16204 25863 28 19 48  5  0
 3  0      0 827772  40284 1051216    0    0  7352     0 15751 25037 26 17 54  4  0
 3  0      0 800700  40284 1072152    0    0 13168     0 19273 28921 23 13 51 13  0
 2  3      0 808388  40284 1081592    0    0  2980     0 19205 29689 22 12 62  4  0
 2  0      0 768116  40564 1089876    0    0  1858   132 18759 29234 22 14 60  4  0
 0  0      0 757096  40564 1095032    0    0   800   188 18568 28401 20 11 66  3  0
 3  0      0 729936  40564 1099656    0    0     0   116 17260 27632 21 12 65  2  0
 3  0      0 652280  40564 1106876    0    0     0     0 15694 24655 21 10 67  2  0
 4  0      0 577292  40564 1115392    0    0     0     0 15741 24877 21 10 67  2  0
 1  0      0 1176628  40568 1124332    0    0     0    96 15088 24151 23 13 63  1  0
 2  0      0 3015616  40568 1133164    0    0  1656    64 16933 26316 13 12 73  2  0
 4  0      0 4451008  40568 1125296    0    0    16    72 16153 25572 15 13 72  0  0
 0  0      0 4472208  40568 1125868    0    0   552    12 16677 26800  1 10 88  0  0
 2  0      0 4472208  40568 1125916    0    0     0     0 15314 24332  2 10 88  0  0
 0  0      0 4472208  40576 1125964    0    0     8   120 15937 25834  2  9 88  0  0
 0  0      0 4471968  40576 1126004    0    0     0   100 15200 24405  1  9 89  0  0
 0  0      0 4471720  40576 1126036    0    0     0    68 16081 26188  2  9 89  0  0
 1  0      0 4471480  40576 1126068    0    0     0     0 14993 24179  1  8 92  0  0
procs -----------memory---------- ---swap-- -----io---- -system-- ------cpu-----
 r  b   swpd   free   buff  cache   si   so    bi    bo   in   cs us sy id wa st
 0  0      0 4470472  40576 1127212    0    0  1112    12 15381 24840  1  9 89  0  0
 1  0      0 4469968  40588 1127232    0    0     0    84 15575 24724  1 10 89  0  0
 0  0      0 4469968  40588 1127276    0    0     0     0 15339 24694  1  8 91  0  0
 0  0      0 4469968  40588 1127312    0    0     0    72 15080 24041  1  7 91  0  0
 1  0      0 4469968  40588 1127360    0    0     0     8 15591 25142  2  9 90  0  0
 2  0      0 4469968  40588 1127384    0    0     0     8 14566 23809  2  9 89  0  0
 1  0      0 4469464  40592 1127424    0    0     0    92 15317 24690  2  8 90  0  0
 0  0      0 4469464  40592 1127464    0    0     0    56 15058 23980  1  8 91  0  0
 0  0      0 4467700  40592 1129312    0    0  1824    52 16599 26683  2 10 88  0  0
 4  0      0 4467700  40592 1129344    0    0     0    16 15278 24161  1  8 91  0  0
 0  0      0 4467452  40592 1129372    0    0     0     0 14965 23957  1  8 91  0  0
 0  0      0 4467200  40604 1129408    0    0     0    80 15052 24180  1 10 89  0  0
 0  0      0 4467200  40604 1129448    0    0     0     8 15846 25270  1  8 91  0  0
 1  0      0 4467200  40604 1129488    0    0     0   300 14970 23984  2  9 90  0  0
 0  0      0 4467200  40604 1129516    0    0     0    44 15878 25592  2  9 90  0  0
 2  0      0 4467200  40604 1129548    0    0     0     8 15416 24703  2 10 89  0  0
 1  0      0 4466948  40612 1129584    0    0     0    92 15331 24849  1  9 90  0  0
 0  0      0 4466948  40612 1129608    0    0     0    64 16072 25688  2  9 89  0  0
 1  0      0 4466708  40612 1129644    0    0     0    28 16046 25999  1  9 90  0  0
 0  0      0 4462956  40612 1131824    0    0  2216    36 15259 24286  1  8 90  1  0
