procs -----------memory---------- ---swap-- -----io---- -system-- ------cpu-----
 r  b   swpd   free   buff  cache   si   so    bi    bo   in   cs us sy id wa st
 6  0      0 951632 199052 4955712    0    0     6    28   22    4  2  6 91  1  0
 0  0      0 951164 199052 4955784    0    0     0    88 15036 25740 14 15 70  0  0
 0  0      0 950916 199052 4955828    0    0     0   196 12740 21736  2 10 88  0  0
 0  0      0 950916 199052 4955840    0    0     0     0 11101 18508  2  8 90  0  0
 0  0      0 950916 199052 4955920    0    0     0  1064 11634 19428  2  8 89  0  0
 1  0      0 950916 199052 4955980    0    0     0    24 12335 20779  2  9 89  0  0
 0  0      0 950916 199052 4956016    0    0     0   108 10697 16769  1  9 89  0  0
 0  0      0 950916 199052 4956068    0    0     0   400 12448 21136  2 11 87  0  0
 0  0      0 950916 199052 4956144    0    0     0   376 11453 18714  3 10 88  0  0
 1  0      0 952768 199052 4956188    0    0     0     0 12463 20259  2  9 89  0  0
 0  0      0 952768 199052 4956248    0    0     0    24 10157 17087  1  9 90  0  0
 0  0      0 952520 199052 4956296    0    0     0    24 12471 21108  2  9 90  0  0
 0  0      0 952520 199052 4956316    0    0     0   336 11379 18988  1  8 90  0  0
 3  0      0 952520 199052 4956392    0    0     0    12 12234 20373  2 10 89  0  0
 2  0      0 952268 199052 4956416    0    0     0    96 11252 19030  1  9 90  0  0
 0  0      0 952268 199052 4956504    0    0     0    16 10601 17895  2 10 88  0  0
 2  0      0 952268 199052 4956536    0    0     0    20 10845 18448  1  8 91  0  0
 5  0      0 952944 199052 4956600    0    0     0   208 13942 23255  6 12 82  0  0
 0  0      0 954740 199052 4956688    0    0     0   284 14200 25199 15 16 69  0  0
 0  0      0 955016 199052 4956716    0    0     0    48 15570 27466 12 18 70  0  0
 1  0      0 955016 199052 4956780    0    0     0     0 13228 22513  5 12 82  0  0
procs -----------memory---------- ---swap-- -----io---- -system-- ------cpu-----
 r  b   swpd   free   buff  cache   si   so    bi    bo   in   cs us sy id wa st
 0  0      0 954768 199052 4956820    0    0     0    40 12218 20568  5 10 85  0  0
 0  0      0 954768 199052 4956884    0    0     0    16 10897 18357  1  8 91  0  0
 1  0      0 954768 199052 4956944    0    0     0   244 12668 20729  2 10 88  0  0
 0  0      0 954768 199052 4956976    0    0     0   100 12474 20660  3 10 87  0  0
 4  0      0 954768 199052 4957056    0    0     0     0 11473 18865  2  9 90  0  0
 0  0      0 954768 199052 4957132    0    0     0   172 11146 18256  2  8 90  0  0
 3  0      0 939920 199052 4957132    0    0     0  1060 16595 29246 10 18 70  2  0
 1  0      0 935756 199060 4958968    0    0     0  1180 16401 28434  8 20 70  2  0
 1  0      0 900516 199060 4959380    0    0     0   132 13172 21489 17 10 73  0  0
 2  0      0 741172 199060 4959556    0    0     0   112 13057 21146 16  9 75  0  0
 1  0      0 734128 199060 4959880    0    0     0     4 13374 21923 17  9 74  0  0
 1  0      0 724312 199060 4960144    0    0     0    20 14322 23139 17 10 73  0  0
 2  0      0 709204 199060 4960420    0    0     0   224 14207 23264 18  9 73  0  0
 1  0      0 697068 199060 4960516    0    0     0   596 14674 23246 17 10 74  0  0
 4  0      0 671840 199060 4960624    0    0     0   872 15081 26031 27 15 59  0  0
 3  0      0 680228 199060 4960860    0    0     0   128 13071 23061 24 13 63  0  0
 1  0      0 669580 199060 4961052    0    0     0    44 12091 22704 24 13 63  0  0
 1  0      0 661768 199060 4961200    0    0     0   556 12183 22984 23 10 66  1  0
 1  0      0 567868 199060 4973216    0    0     0   104 17252 26628 11 16 72  1  0
 1  0      0 550480 199060 4973376    0    0     0    24 13515 22218 18  9 73  0  0
 1  0      0 544936 199060 4973580    0    0     0    16 13481 22181 17  9 74  0  0
procs -----------memory---------- ---swap-- -----io---- -system-- ------cpu-----
 r  b   swpd   free   buff  cache   si   so    bi    bo   in   cs us sy id wa st
 1  0      0 535360 199060 4973720    0    0     0    88 13896 22566 17  9 73  0  0
 1  0      0 530576 199060 4973920    0    0     0   704 13885 23068 19  9 72  0  0
 7  0      0 521252 199060 4974004    0    0     0    76 13809 22251 18  8 74  0  0
 1  0      0 519740 199060 4974252    0    0     0   100 13470 21949 18  9 74  0  0
 1  0      0 510920 199060 4974368    0    0     0    28 13183 21657 17  8 75  0  0
 2  0      0 282800 199060 4975336    0    0     0     8 13550 22496 16 11 74  0  0
 1  0      0 236952 199064 4982140    0    0     0   352 12485 20821 15  8 76  1  0
 1  0      0 228480 199064 4985548    0    0     0    48 13111 22468 16 10 74  1  0
 2  0      0 203628 199064 4991072    0    0     0  6768 12503 20693 14  8 77  1  0
 4  0      0 163540 199064 4995664    0    0     0    20 14053 22453 15 10 74  1  0
 3  0      0 181060 199064 4997284    0    0     0    36 14468 27818 31 15 55  0  0
 4  0      0 181388 199064 4997356    0    0     0   944 15065 25803 26 13 61  1  0
 1  0      0 180164 199064 4997416    0    0     0   160 14251 24434 23 10 67  0  0
 0  0      0 901708 199064 4997428    0    0     0    20 14935 24710 18 15 67  0  0
 0  0      0 901720 199064 4997520    0    0     0    44 12042 20469  1 10 90  0  0
 0  0      0 901720 199064 4997560    0    0     0     4 11618 18937  2  8 91  0  0
 1  0      0 901468 199064 4997620    0    0     0   196 11519 18438  1  8 91  0  0
 0  0      0 900964 199064 4997672    0    0     0    64 13190 22635  2 11 87  0  0
 0  0      0 900964 199064 4997716    0    0     0   136 11816 19329  1  9 89  0  0
 1  0      0 900964 199064 4997780    0    0     0    20 11219 18488  1  7 92  0  0
 0  0      0 900964 199064 4997836    0    0     0    32 12006 20581  2  8 90  0  0
procs -----------memory---------- ---swap-- -----io---- -system-- ------cpu-----
 r  b   swpd   free   buff  cache   si   so    bi    bo   in   cs us sy id wa st
 1  0      0 900964 199068 4997864    0    0     0   188 12266 20632  2  9 90  0  0
 1  0      0 900464 199068 4997916    0    0     0   188 12234 20960  2 10 88  0  0
 1  0      0 900464 199068 4998012    0    0     0   192 11367 19259  2  9 89  0  0
 3  0      0 900212 199068 4998044    0    0     0   796 11818 19736  2  9 88  0  0
 1  0      0 900212 199068 4998108    0    0     0   144 11629 19724  2  8 90  0  0
 0  0      0 900212 199068 4998132    0    0     0   356 12603 20722  1 11 88  0  0
 5  0      0 899276 199068 4998188    0    0     0    16 14322 24881 14 18 68  0  0
 1  0      0 900712 199068 4998280    0    0     0    48 14252 24555  9 14 77  0  0
 0  0      0 897940 199068 4998320    0    0     0  3108 14601 25007 11 15 74  0  0
 0  0      0 901984 199068 4998384    0    0     0   120 12112 20245  8 11 82  0  0
 0  0      0 901984 199068 4998412    0    0     0    24 12087 20123  4 11 85  0  0
 0  0      0 901984 199068 4998480    0    0     0   744 12732 21172  2 10 88  0  0
 0  0      0 901984 199068 4998556    0    0     0   232 11249 18416  2  9 89  0  0
 0  0      0 901984 199068 4998568    0    0     0    72 11000 18460  1  9 90  0  0
 0  0      0 901736 199068 4998644    0    0     0    24 12059 20467  2  9 89  0  0
 0  0      0 901736 199068 4998688    0    0     0    96 10761 17382  1  8 91  0  0
 1  0      0 901736 199068 4998752    0    0     0   160 11988 20534  3  9 88  0  0
 0  0      0 901736 199068 4998800    0    0     0    36 11169 18637  2  8 90  0  0
 0  0      0 901736 199068 4998800    0    0     0    44 12146 20551  1 10 89  0  0
 1  0      0 901736 199068 4998908    0    0     0    32 10909 18615  1  8 91  0  0
 0  0      0 901736 199068 4998908    0    0     0    52 12301 21066  4 10 86  0  0
procs -----------memory---------- ---swap-- -----io---- -system-- ------cpu-----
 r  b   swpd   free   buff  cache   si   so    bi    bo   in   cs us sy id wa st
 1  0      0 901736 199068 4999020    0    0     0   436 11452 19104  1  8 90  0  0
 1  0      0 901484 199068 4999064    0    0     0    40 12341 20438  2 10 89  0  0
 3  0      0 893852 199068 4999096    0    0     0    44 14192 24650 12 13 74  0  0
 2  0      0 904328 199068 4999176    0    0     0    28 13256 23005  8 13 80  0  0
 0  0      0 901284 199068 4999240    0    0     0     8 13705 23435  9 13 77  0  0
 0  0      0 901284 199072 4999264    0    0     0   168 14407 25036  8 13 78  0  0
 0  0      0 900980 199072 4999332    0    0     0   120 11338 18793  2  9 90  0  0
 2  0      0 900980 199072 4999360    0    0     0    24 12427 21187  1  9 90  0  0
 1  0      0 900980 199072 4999452    0    0     0    48 10382 17760  2  9 90  0  0
 3  0      0 900980 199072 4999460    0    0     0    40 12657 21508  2 10 88  0  0
 0  0      0 900980 199076 4999536    0    0     0   396 11541 18653  2  9 90  0  0
 1  0      0 900980 199076 4999580    0    0     0    12 11060 18889  3  8 89  0  0
 2  0      0 900980 199076 4999612    0    0     0   168 10617 18050  2  9 90  0  0
 0  0      0 900980 199076 4999704    0    0     0   752 12959 21293  2 10 88  0  0
 0  0      0 900980 199076 4999748    0    0     0    96 10970 18571  2  9 90  0  0
 3  0      0 900980 199076 4999788    0    0     0   376 12429 20894  3  8 88  0  0
 0  0      0 900980 199076 4999832    0    0     0    24 11079 18372  2 10 89  0  0
11  0      0 900980 199076 4999896    0    0     0    16 11515 19762  2  8 90  0  0
 0  0      0 900728 199076 4999968    0    0     0    96 10903 18472  2  9 89  0  0
 5  0      0 899820 199076 4999972    0    0     0    68 12986 22299 10 14 77  0  0
 0  0      0 897456 199080 5000064    0    0     0   528 14216 23881  8 15 76  0  0
procs -----------memory---------- ---swap-- -----io---- -system-- ------cpu-----
 r  b   swpd   free   buff  cache   si   so    bi    bo   in   cs us sy id wa st
 0  0      0 893340 199080 5000104    0    0     0    12 15932 27304 14 17 69  0  0
 0  0      0 893088 199080 5000208    0    0     0   208 11579 19330  7 11 83  0  0
 1  0      0 893088 199080 5000264    0    0     0    40 13226 22496  2  9 89  0  0
 0  0      0 892840 199080 5000296    0    0     0   144 9404 15699  1  8 91  0  0
 0  0      0 892840 199080 5000348    0    0     0   172 14005 22808  3 13 84  0  0
 1  0      0 893096 199080 5000412    0    0     0    20 11148 18621  2  9 89  0  0
 0  0      0 892844 199080 5000448    0    0     0    20 9979 16737  1  8 90  0  0
 0  0      0 892844 199080 5000496    0    0     0    20 12681 21113  2 10 88  0  0
 4  0      0 892604 199084 5000568    0    0     0   216 10393 17235  1  8 90  0  0
 1  0      0 892604 199084 5000608    0    0     0   320 11177 18433  3  8 89  0  0
 1  0      0 892604 199084 5000688    0    0     0    16 12690 21046  2 10 88  0  0
 0  0      0 892604 199084 5000708    0    0     0    20 11124 18243  1  9 90  0  0
 0  0      0 892604 199084 5000768    0    0     0    24 10042 16941  2  8 90  0  0
 0  0      0 892604 199088 5000840    0    0     0   176 11579 19758  3  9 88  0  0
 0  0      0 892604 199088 5000908    0    0     0    44 12582 21274  2 12 87  0  0
 2  0      0 902572 199088 5000952    0    0     0   112 12886 22026 14 17 70  0  0
 2  0      0 902072 199088 5000992    0    0     0    36 13419 23111  7 12 81  0  0
 0  0      0 902480 199088 5001072    0    0     0    12 14670 25662 10 13 77  0  0
 1  0      0 904328 199088 5001100    0    0     0   320 13579 23533  7 11 82  1  0
 0  0      0 904328 199088 5001168    0    0     0    40 12519 20181  3 11 86  0  0
 2  0      0 904328 199088 5001208    0    0     0    76 12072 20334  2 11 88  0  0
procs -----------memory---------- ---swap-- -----io---- -system-- ------cpu-----
 r  b   swpd   free   buff  cache   si   so    bi    bo   in   cs us sy id wa st
 8  0      0 904328 199088 5001256    0    0     0   124 10883 18413  2  8 91  0  0
 2  0      0 904328 199088 5001300    0    0     0   140 10613 18091  1  8 91  0  0
 1  0      0 904328 199088 5001336    0    0     0   844 11750 20075  2  8 90  1  0
 0  0      0 904328 199088 5001420    0    0     0   116 11827 20134  2  9 88  0  0
 0  0      0 904328 199088 5001472    0    0     0    44 11708 19943  2 10 88  0  0
 0  0      0 904328 199088 5001516    0    0     0    44 10803 18616  1  9 90  0  0
 0  0      0 904328 199088 5001552    0    0     0   100 11115 18481  1  8 90  0  0
 0  0      0 904328 199088 5001620    0    0     0   408 11119 19063  2  8 88  2  0
 1  0      0 904328 199088 5001668    0    0     0    44 12829 21906  3 10 86  0  0
 0  0      0 904328 199088 5001708    0    0     0    48 11539 19703  2 10 88  0  0
 2  0      0 904328 199088 5001760    0    0     0    52 10069 17410  1  8 91  0  0
 3  0      0 904328 199088 5001836    0    0     0   224 11757 19421  2  8 90  0  0
 0  0      0 904328 199088 5001876    0    0     0   620 12463 20654  2 10 87  0  0
 0  0      0 895224 199088 5001940    0    0     0    48 14341 25551 16 18 66  0  0
 1  0      0 892904 199088 5001992    0    0     0    16 14635 25287 13 15 72  0  0
 2  0      0 892904 199088 5002044    0    0     0    80 11472 19237  6 10 84  0  0
 0  0      0 892904 199088 5002100    0    0     0    60 12927 21996  5 11 84  0  0
 0  0      0 892904 199088 5002140    0    0     0   180 11303 19078  2  8 90  0  0
 0  0      0 892904 199088 5002188    0    0     0   104 11497 19340  1  8 91  0  0
 0  0      0 892904 199088 5002244    0    0     0    40 12189 20369  2  9 88  0  0
 0  0      0 892904 199088 5002308    0    0     0    36 10055 16653  2  8 90  0  0
procs -----------memory---------- ---swap-- -----io---- -system-- ------cpu-----
 r  b   swpd   free   buff  cache   si   so    bi    bo   in   cs us sy id wa st
 0  0      0 892904 199088 5002364    0    0     0    40 11525 19330  2  9 89  0  0
 0  0      0 894988 199092 5002412    0    0     0   308 12043 20308  2  9 89  0  0
 0  0      0 894988 199092 5002464    0    0     0    20 12733 21641  2  9 89  0  0
 2  0      0 894736 199092 5002508    0    0     0    88 9982 16972  2  9 90  0  0
 0  0      0 894736 199092 5002552    0    0     0    44 10216 17377  1  9 89  0  0
 0  0      0 894736 199092 5002608    0    0     0    92 13303 22602  5 12 83  0  0
 4  0      0 893920 199092 5002652    0    0     0   188 13703 24216 17 19 64  0  0
 5  0      0 893636 199092 5002724    0    0     0     8 14471 24020 10 13 78  0  0
 0  0      0 893008 199092 5002788    0    0     0    32 12836 22432  9 14 78  0  0
 0  0      0 895140 199096 5002836    0    0     0   120 11936 19578  8 13 79  0  0
 0  0      0 895140 199096 5002892    0    0     0    48 12270 20604  2  8 90  0  0
 2  0      0 896868 199100 5002940    0    0     0   468 11612 18766  2  9 88  1  0
 0  0      0 896868 199100 5003000    0    0     0   568 10335 17363  2  9 89  0  0
 0  0      0 896616 199100 5003048    0    0     0    88 12838 21359  2 10 88  0  0
 0  0      0 896616 199100 5003100    0    0     0   100 9942 16902  1  7 92  0  0
 3  0      0 896616 199100 5003136    0    0     0    56 10767 18090  1  9 90  0  0
 0  0      0 896616 199100 5003200    0    0     0   344 11861 19344  3 10 87  1  0
 0  0      0 896616 199100 5003260    0    0     0    32 11360 19172  2  9 89  0  0
 0  0      0 896616 199100 5003312    0    0     0     4 12441 20328  2 10 88  0  0
 0  0      0 896368 199100 5003364    0    0     0   100 9287 15399  1  7 92  0  0
 2  0      0 893368 199100 5003436    0    0     0    40 16989 29445 18 20 62  0  0
procs -----------memory---------- ---swap-- -----io---- -system-- ------cpu-----
 r  b   swpd   free   buff  cache   si   so    bi    bo   in   cs us sy id wa st
 3  0      0 881364 199104 5003480    0    0     0   572 14481 24316 12 15 74  0  0
 0  0      0 898952 199104 5003544    0    0     0    44 13089 22013  6 12 82  0  0
 0  0      0 898700 199104 5003596    0    0     0    28 12826 21552  7 12 81  0  0
 1  0      0 898700 199104 5003636    0    0     0    92 10386 17091  1  8 91  0  0
 0  0      0 898700 199104 5003688    0    0     0   256 10782 18013  2  8 90  0  0
 1  1      0 896860 199108 5003784    0    0     0   540 14447 24841  6 14 78  1  0
 1  0      0 864876 199112 5005872    0    0  1428   760 17894 30733 11 18 69  2  0
 2  0      0 858572 199112 5007608    0    0     0   700 13974 23074 15 13 71  1  0
 1  0      0 694260 199112 5007720    0    0     0    28 13649 22024 15 10 74  0  0
 1  0      0 672588 199112 5007932    0    0     0    88 14062 22749 17  9 74  0  0
 2  0      0 661512 199112 5008284    0    0     0   640 14769 23725 17  9 72  1  0
 1  0      0 647160 199112 5008528    0    0     0    52 14837 24250 18 10 72  0  0
 1  0      0 632944 199120 5008692    0    0     0   300 14185 22641 16 10 74  0  0
 1  0      0 625888 199120 5008788    0    0     0     8 13665 22302 17  8 75  0  0
 1  0      0 620860 199120 5009060    0    0     0    76 13082 22430 17  8 75  0  0
 1  0      0 611800 199120 5009292    0    0     0   176 12119 20861 17  8 74  0  0
 1  0      0 603484 199120 5009468    0    0     0    76 13614 22226 18  7 75  0  0
 1  0      0 512412 199120 5015060    0    0     0   576 17476 26059 14 16 68  2  0
 2  0      0 208616 199120 5016988    0    0     0    20 10544 17470 11 12 77  0  0
 7  0      0 190848 199120 5021692    0    0     0    68 15276 23651 11 10 78  1  0
 3  0      0 179332 199120 5025468    0    0     0    76 14395 22861 11 11 78  0  0
procs -----------memory---------- ---swap-- -----io---- -system-- ------cpu-----
 r  b   swpd   free   buff  cache   si   so    bi    bo   in   cs us sy id wa st
 1  0      0 164480 199120 5028688    0    0     0   160 15915 25112 13 10 76  0  0
 1  0      0 154884 199120 5031220    0    0     0  7360 13305 21967 13 12 75  1  0
 2  0      0 138104 199120 5035080    0    0     0   224 15470 24018 12 10 78  0  0
 0  0      0 125436 199120 5037876    0    0     0    80 16729 25451 12 13 75  0  0
 1  0      0 118080 199120 5039760    0    0     0    92 12524 21256 15  9 76  0  0
 1  0      0 103820 199120 5044152    0    0     0    56 14494 23861 14 10 76  1  0
 1  0      0 147360 199120 5046020    0    0     0  1312 13441 22320 16 10 73  1  0
 1  0      0 161848 199120 5046052    0    0     0    52 10414 18479 17  7 76  0  0
 0  0      0 838084 199120 5046116    0    0     0   116 13129 21872  6 12 82  0  0
 0  0      0 838336 199120 5046172    0    0     0     8 11160 18830  1  8 91  0  0
 0  0      0 838088 199120 5046224    0    0     0    64 12677 22043  2  9 90  0  0
 0  0      0 838088 199120 5046272    0    0     0   212 11188 19288  2 10 88  1  0
 0  0      0 838088 199120 5046316    0    0     0    92 11741 19897  2  9 89  0  0
 0  0      0 838088 199120 5046376    0    0     0    80 11057 18751  2  8 91  0  0
 0  0      0 837848 199120 5046440    0    0     0    20 11676 19980  2 10 88  0  0
 2  0      0 837600 199120 5046492    0    0     0    88 12618 21350  2  9 89  0  0
 4  0      0 837120 199124 5046568    0    0     0   456 12167 20782  2 10 87  2  0
 1  0      0 839296 199124 5046620    0    0     0    24 10646 18025  1  9 90  0  0
 0  0      0 839296 199124 5046680    0    0     0   148 11714 20013  1  9 89  0  0
 0  0      0 839296 199124 5046732    0    0     0     0 10811 17518  1  8 91  0  0
 1  0      0 839552 199124 5046776    0    0     0    80 12357 21086  3 10 87  0  0
procs -----------memory---------- ---swap-- -----io---- -system-- ------cpu-----
 r  b   swpd   free   buff  cache   si   so    bi    bo   in   cs us sy id wa st
 0  0      0 839552 199124 5046868    0    0     0   208 12832 21497  3 10 87  0  0
 6  0      0 840576 199124 5046916    0    0     0    40 9988 16912  2  7 90  0  0
 0  0      0 839064 199124 5046972    0    0     0    44 12298 20141  3 10 88  0  0
