procs -----------memory---------- ---swap-- -----io---- -system-- ------cpu-----
 r  b   swpd   free   buff  cache   si   so    bi    bo   in   cs us sy id wa st
 3  0      0 4023096 157644 2011364    0    0     7     3    2    3  1  2 97  0  0
 3  0      0 4022480 157644 2011400    0    0     0     0 5669 9314 12  7 81  0  0
 1  0      0 4022480 157644 2011404    0    0     0    16 1606 2121  2  2 97  0  0
 1  0      0 4022228 157644 2011404    0    0     0     0 1785 2422  1  2 97  0  0
 0  0      0 4021976 157644 2011408    0    0     0     0 1726 2230  1  2 97  0  0
 0  0      0 4021752 157644 2011408    0    0     0   148 1650 2214  1  1 98  0  0
 0  0      0 4021752 157644 2011424    0    0     0    24 1682 2261  1  1 98  0  0
 0  0      0 4021752 157644 2011428    0    0     0    20 1443 1823  1  1 98  0  0
 1  0      0 4024028 157644 2011432    0    0     0    12 1712 2239  4  2 95  0  0
 2  0      0 4023540 157644 2011444    0    0     0     0 3484 5341  2  3 95  0  0
 0  0      0 4023540 157644 2011444    0    0     0    60 2265 3175  2  2 97  0  0
 1  0      0 4025752 157644 2011456    0    0     0    16 1420 1787  1  2 98  0  0
 0  0      0 4025512 157644 2011456    0    0     0    28 1790 2280  1  2 98  0  0
 3  0      0 4025512 157644 2011468    0    0     0    16 2539 3601  2  3 95  0  0
 0  0      0 4025512 157644 2011468    0    0     0     0 2071 2579  1  3 97  0  0
 1  0      0 4025512 157644 2011472    0    0     0   120 1790 2347  1  2 98  0  0
 1  0      0 4025512 157644 2011484    0    0     0     4 1591 1979  1  2 98  0  0
 2  0      0 4025288 157644 2011492    0    0     0     8 1996 2837  1  2 97  0  0
 0  0      0 4025288 157644 2011492    0    0     0    28 1474 1907  1  2 98  0  0
 0  0      0 4025040 157644 2011500    0    0     0    16 3365 5236  2  3 95  0  0
 0  0      0 4025040 157644 2011504    0    0     0    56 2128 3005  1  2 97  0  0
procs -----------memory---------- ---swap-- -----io---- -system-- ------cpu-----
 r  b   swpd   free   buff  cache   si   so    bi    bo   in   cs us sy id wa st
 0  0      0 4025040 157644 2011508    0    0     0     8 1530 1892  1  1 98  0  0
 0  0      0 4025040 157644 2011508    0    0     0     0 1657 2142  3  2 95  0  0
 0  0      0 4025040 157644 2011520    0    0     0     8 1754 2307  2  2 96  0  0
 0  0      0 4024788 157644 2011520    0    0     0    40 2755 3814  2  3 95  0  0
 0  0      0 4024788 157644 2011540    0    0     0    88 2005 2573  1  2 97  0  0
 0  0      0 4024788 157644 2011540    0    0     0     0 1596 1986  1  1 98  0  0
 0  0      0 4024788 157644 2011548    0    0     0     8 1644 2150  1  2 97  0  0
 0  0      0 4024564 157644 2011548    0    0     0     8 2114 2913  1  2 97  0  0
 0  0      0 4026776 157644 2011556    0    0     0   128 3387 5168  2  3 95  0  0
 0  0      0 4026776 157644 2011568    0    0     0    48 2324 3415  1  2 97  0  0
 0  0      0 4026776 157644 2011576    0    0     0     0 1710 2337  1  1 98  0  0
 0  0      0 4026776 157644 2011576    0    0     0     0 2232 3202  1  2 97  0  0
 0  0      0 4026776 157644 2011584    0    0     0     8 1881 2504  1  3 96  0  0
 1  0      0 4026524 157644 2011588    0    0     0   160 2165 2904  1  2 96  0  0
 0  0      0 4026524 157644 2011600    0    0     0    52 1666 2232  2  2 96  0  0
 0  0      0 4026300 157644 2011604    0    0     0     4 2038 2920  1  2 97  0  0
 0  0      0 4026300 157644 2011608    0    0     0     0 1691 2183  1  2 97  0  0
 0  0      0 4026300 157644 2011608    0    0     0    12 1445 1796  1  1 98  0  0
 0  0      0 4026048 157644 2011616    0    0     0    72 3452 5425  3  3 93  0  0
 1  0      0 4025808 157644 2011624    0    0     0    20 2300 3320  2  2 97  0  0
 0  0      0 4025808 157644 2011632    0    0     0    20 2279 3265  1  2 97  0  0
procs -----------memory---------- ---swap-- -----io---- -system-- ------cpu-----
 r  b   swpd   free   buff  cache   si   so    bi    bo   in   cs us sy id wa st
 0  0      0 4025808 157644 2011636    0    0     0     4 1606 1991  1  1 98  0  0
 0  0      0 4025808 157644 2011648    0    0     0     0 2217 3099  2  3 95  0  0
 0  0      0 4025808 157644 2011652    0    0     0   128 2166 2735  2  2 96  0  0
 0  0      0 4025808 157644 2011660    0    0     0    24 2309 3363  1  2 96  0  0
 0  0      0 4025808 157644 2011668    0    0     0    16 1282 1600  1  1 98  0  0
 0  0      0 4025808 157644 2011672    0    0     0     8 1822 2488  1  2 97  0  0
 0  0      0 4025808 157644 2011672    0    0     0     8 1726 2231  1  2 98  0  0
 0  0      0 4025584 157644 2011688    0    0     0    72 4037 6406  2  3 94  0  0
 0  0      0 4025584 157644 2011692    0    0     0     0 1919 2590  2  2 96  0  0
 0  0      0 4025584 157644 2011704    0    0     0    20 1882 2692  1  2 97  0  0
 0  0      0 4025584 157644 2011704    0    0     0    20 1514 1872  0  1 98  0  0
 0  0      0 4026048 157644 2011708    0    0     0     8 2788 3979  4  3 93  0  0
 0  0      0 4025840 157644 2011716    0    0     0   180 1848 2281  1  3 97  0  0
 0  0      0 4025600 157644 2011724    0    0     0     0 1575 2106  1  1 98  0  0
 1  0      0 4025600 157644 2011728    0    0     0    20 1491 1786  1  2 98  0  0
 0  0      0 4025600 157644 2011732    0    0     0    16 2115 2837  1  2 97  0  0
 0  0      0 4025600 157644 2011736    0    0     0     0 1308 1639  1  1 98  0  0
 0  0      0 4025352 157644 2011748    0    0     0    64 3120 4775  2  3 95  0  0
 0  0      0 4025352 157644 2011752    0    0     0    12 2047 2910  1  1 97  0  0
 1  0      0 4025352 157644 2011764    0    0     0    20 1547 1991  1  1 98  0  0
 0  0      0 4025352 157644 2011764    0    0     0    12 1526 1926  2  2 97  0  0
procs -----------memory---------- ---swap-- -----io---- -system-- ------cpu-----
 r  b   swpd   free   buff  cache   si   so    bi    bo   in   cs us sy id wa st
 0  0      0 4025352 157644 2011768    0    0     0     0 1952 2612  2  3 95  0  0
 0  0      0 4025100 157644 2011768    0    0     0   120 1962 2474  1  2 97  0  0
 0  0      0 4025352 157644 2011780    0    0     0    16 1880 2457  1  1 98  0  0
 0  0      0 4025352 157644 2011788    0    0     0    24 1402 1795  1  2 98  0  0
 0  0      0 4025352 157644 2011796    0    0     0     0 1896 2535  1  2 97  0  0
 0  0      0 4025352 157644 2011796    0    0     0    16 1411 1787  1  2 98  0  0
 3  0      0 4025020 157644 2011800    0    0     0    80 3105 4832  2  3 95  0  0
 0  0      0 4025100 157644 2011800    0    0     0     0 2727 3895  3  3 94  0  0
 0  0      0 4025100 157644 2011820    0    0     0    40 1680 2200  1  1 98  0  0
 0  0      0 4025100 157644 2011820    0    0     0     4 1635 2164  1  2 98  0  0
 0  0      0 4025100 157644 2011828    0    0     0    16 2078 2835  1  3 96  0  0
 0  0      0 4025100 157644 2011832    0    0     0   144 1821 2429  1  2 97  0  0
 0  0      0 4025100 157644 2011844    0    0     0     0 1718 2364  1  2 97  0  0
 0  0      0 4025100 157644 2011844    0    0     0    28 1458 1822  1  2 98  0  0
 0  0      0 4025100 157644 2011852    0    0     0     8 1734 2256  1  2 97  0  0
 0  0      0 4025100 157644 2011860    0    0     0     4 1670 2287  1  2 98  0  0
 0  0      0 4025100 157644 2011860    0    0     0    80 1925 2672  1  2 97  0  0
 0  0      0 4025604 157644 2011872    0    0     0     0 3288 5183  3  3 95  0  0
 0  0      0 4025604 157644 2011876    0    0     0    28 1881 2606  1  2 97  0  0
 0  0      0 4025604 157644 2011880    0    0     0     0 1531 2024  1  2 98  0  0
 0  0      0 4052100 157644 2011888    0    0     0   356 3662 5567  3  5 91  1  0
procs -----------memory---------- ---swap-- -----io---- -system-- ------cpu-----
 r  b   swpd   free   buff  cache   si   so    bi    bo   in   cs us sy id wa st
 0  0      0 4052100 157644 2011752    0    0     0   104 3175 4754  3  3 93  0  0
 1  0      0 4051636 157644 2011760    0    0     0     0 2036 2837  1  2 97  0  0
 0  0      0 4051636 157644 2011760    0    0     0     0 1532 1976  1  1 98  0  0
 0  0      0 4051636 157644 2011768    0    0     0     0 1470 1926  1  2 98  0  0
 0  0      0 4051636 157644 2011772    0    0     0   168 1508 1970  1  1 97  0  0
 0  0      0 4051384 157644 2011784    0    0     0    44 2011 2722  2  3 95  0  0
 0  0      0 4050896 157644 2011796    0    0     0     0 3219 5090  2  2 96  0  0
 0  0      0 4050896 157644 2011796    0    0     0     0 1590 2017  1  1 98  0  0
 0  0      0 4050896 157644 2011796    0    0     0     0 1670 2229  1  1 98  0  0
 0  0      0 4050896 157644 2011804    0    0     0    56 2206 3000  2  3 95  0  0
 0  0      0 4050896 157644 2011808    0    0     0     8 1807 2375  1  3 97  0  0
 0  0      0 4050896 157644 2011812    0    0     0    44 1951 2650  1  1 97  0  0
 0  0      0 4053108 157644 2011816    0    0     0     0 1642 2091  1  2 97  0  0
 0  0      0 4053108 157644 2011824    0    0     0     0 1637 2102  1  2 97  0  0
 0  0      0 4053108 157644 2011824    0    0     0    60 1345 1756  1  1 98  0  0
 0  0      0 4052856 157644 2011836    0    0     0     0 2070 2775  4  2 94  0  0
 0  0      0 4052856 157644 2011840    0    0     0    16 2882 4429  2  3 96  0  0
 0  0      0 4052856 157644 2011848    0    0     0    36 1545 2118  1  1 98  0  0
 0  0      0 4052856 157644 2011852    0    0     0     0 1625 2260  1  2 97  0  0
 0  0      0 4052856 157644 2011856    0    0     0    60 1908 2670  2  3 95  0  0
 1  0      0 4047248 157644 2011868    0    0     0     0 1962 2453  2  3 96  0  0
