procs -----------memory---------- ---swap-- -----io---- -system-- ------cpu-----
 r  b   swpd   free   buff  cache   si   so    bi    bo   in   cs us sy id wa st
 2  0      0 1192116 145740 5197924    0    0     8    19   18    5  1  5 93  0  0
 3  0      0 1193092 145740 5197992    0    0     8     0 14227 24644 11 13 76  0  0
 0  0      0 1192844 145740 5198036    0    0     0    52 11992 19764  1  6 93  0  0
 0  0      0 1192844 145740 5198112    0    0     0   112 11726 18778  1  5 94  0  0
 1  0      0 1192844 145744 5198148    0    0     0   264 11968 19011  1  8 91  0  0
 0  0      0 1192844 145744 5198200    0    0     0   532 12316 19958  1  7 92  0  0
 0  0      0 1192592 145744 5198232    0    0     0   260 11818 19294  1  6 93  0  0
 0  0      0 1192592 145744 5198268    0    0     0     8 11942 19290  1  7 92  0  0
 1  0      0 1192592 145744 5198332    0    0     0    96 11846 19051  0  6 93  0  0
 0  0      0 1192592 145748 5198380    0    0     0   400 11876 19030  1  6 92  0  0
 0  0      0 1192592 145748 5198416    0    0     0    52 11628 18614  1  7 92  0  0
 0  0      0 1192592 145748 5198492    0    0     0    16 12298 19700  1  7 91  0  0
 1  0      0 1192592 145748 5198528    0    0     0    80 12875 20381  1  7 92  0  0
 0  0      0 1192592 145748 5198580    0    0     0    76 11844 19172  1  6 93  0  0
 1  0      0 1192592 145748 5198608    0    0     0   292 12584 19975  2  7 91  0  0
 0  0      0 1192128 145748 5198664    0    0     0    20 12569 20553  4  7 89  0  0
 1  0      0 1187708 145748 5198720    0    0     0     8 14275 23986 10 12 78  0  0
 6  0      0 1188304 145748 5198768    0    0     0    12 14229 24395  9 12 78  0  0
 0  0      0 1188468 145748 5198832    0    0     0   116 13303 22627  6 10 84  0  0
 0  0      0 1190488 145748 5198876    0    0     0   224 13254 22125  6  9 85  0  0
 0  0      0 1190488 145748 5198944    0    0     0    88 11780 19146  1  6 93  0  0
procs -----------memory---------- ---swap-- -----io---- -system-- ------cpu-----
 r  b   swpd   free   buff  cache   si   so    bi    bo   in   cs us sy id wa st
 1  0      0 1190488 145748 5198992    0    0     0     0 11702 19161  2  5 93  0  0
 1  0      0 1190488 145748 5199028    0    0     0    12 11493 19040  1  6 93  0  0
 0  0      0 1190488 145748 5199068    0    0     0    48 11887 19240  1  6 93  0  0
 0  0      0 1190488 145752 5199116    0    0     0   304 12237 19679  2  6 91  0  0
 0  0      0 1190488 145752 5199164    0    0     0    80 12224 19580  1  6 93  0  0
 1  0      0 1188440 145752 5199228    0    0     0    24 12095 19032  1  7 93  0  0
 0  0      0 1188192 145752 5199292    0    0     0    24 11852 18923  1  6 93  0  0
 2  0      0 1181688 145760 5199356    0    0     0   616 13851 22643  4 10 85  1  0
 2  1      0 1159316 145768 5200700    0    0    92  1564 17190 29710  8 15 75  2  0
 1  0      0 1144764 145768 5201384    0    0     0  1060 12020 20208 13  9 71  7  0
 1  0      0 992036 145768 5201476    0    0     0    72 10465 18481 17  7 76  0  0
 1  0      0 979704 145768 5201684    0    0     0     8 9658 17050 17  6 77  0  0
 8  0      0 961568 145768 5202040    0    0     0    20 9462 16635 18  8 73  0  0
 1  0      0 938188 145768 5202188    0    0     0    44 12675 24720 27 16 57  0  0
 2  0      0 890512 145772 5202372    0    0     0   472 13101 23360 23 12 64  0  0
 1  0      0 827804 145772 5214608    0    0     0   440 16420 25647 20 12 68  1  0
 1  0      0 819992 145772 5214820    0    0     0   304 11719 19123 17  7 76  0  0
 1  0      0 810428 145772 5214960    0    0     0     0 11910 18856 17  7 76  0  0
 1  0      0 802112 145772 5215128    0    0     0     8 11870 19142 17  7 76  0  0
 1  0      0 795824 145776 5215324    0    0     0   540 11496 18537 17  7 76  0  0
 1  0      0 558916 145776 5216136    0    0   540   296 11952 19520 16  8 76  0  0
procs -----------memory---------- ---swap-- -----io---- -system-- ------cpu-----
 r  b   swpd   free   buff  cache   si   so    bi    bo   in   cs us sy id wa st
 1  0      0 546600 145776 5216536    0    0     0    24 12603 20593 16  9 75  0  0
 2  0      0 489060 145776 5222760    0    0     0    16 13243 20812 12  8 77  3  0
 2  0      0 486144 145776 5225068    0    0     0    20 13723 21455 13  9 76  2  0
 1  0      0 485872 145776 5228024    0    0     0   412 14083 21890 12  9 77  2  0
 1  0      0 476860 145776 5232140    0    0     0    96 14834 22899 12  9 76  3  0
 1  0      0 457208 145776 5236048    0    0     0    68 14450 22142 12  9 77  2  0
 1  1      0 452124 145776 5238416    0    0     0    20 13084 20608 12  8 79  2  0
 1  0      0 450672 145776 5239116    0    0     0     0 10424 17613 16  7 77  1  0
 1  0      0 1155984 145780 5239172    0    0     0   360 10404 17438 12  9 79  0  0
 3  0      0 1143772 145780 5239236    0    0     0   100 15058 25818 14 14 71  0  0
 0  0      0 1140476 145780 5239300    0    0     0    64 14808 25069 10 13 77  0  0
 1  0      0 1142728 145780 5239332    0    0     0    32 12862 21906  7 10 83  0  0
 0  0      0 1142480 145780 5239364    0    0     0    12 12065 19205  2  7 91  0  0
 0  0      0 1142480 145780 5239416    0    0     0   752 12694 20303  1  6 92  1  0
 0  0      0 1142480 145780 5239460    0    0     0   140 12503 20020  1  7 92  0  0
 0  0      0 1142480 145780 5239516    0    0     0    40 11833 19145  1  6 93  0  0
 0  0      0 1142480 145780 5239580    0    0     0    88 11868 19025  1  5 94  0  0
 0  0      0 1142480 145780 5239632    0    0     0    40 11820 19251  1  6 93  0  0
 0  0      0 1142480 145780 5239688    0    0     0   288 11732 18864  1  6 93  0  0
 0  0      0 1142480 145780 5239744    0    0     0    92 13491 21606  2  7 91  0  0
 0  0      0 1142480 145780 5239776    0    0     0    72 12956 20549  1  7 92  0  0
procs -----------memory---------- ---swap-- -----io---- -system-- ------cpu-----
 r  b   swpd   free   buff  cache   si   so    bi    bo   in   cs us sy id wa st
 0  0      0 1142480 145780 5239816    0    0     0    76 12029 19166  1  6 93  0  0
 2  0      0 1142480 145780 5239868    0    0     0    32 12119 19427  2  7 92  0  0
 1  0      0 1142480 145780 5239920    0    0     0   432 12855 20407  2  7 91  0  0
 0  0      0 1142480 145780 5239984    0    0     0    32 12469 20075  2  7 92  0  0
 0  0      0 1142480 145780 5240020    0    0     0   312 12295 19486  1  6 93  0  0
 0  0      0 1143440 145780 5240108    0    0     0   500 16343 27980 14 16 70  0  0
 0  0      0 1140768 145780 5240164    0    0     0    88 14542 25124 12 13 75  0  0
 3  0      0 1143716 145780 5240216    0    0     0   364 12905 21579  4  9 86  1  0
 0  0      0 1143716 145780 5240244    0    0     0    32 12194 19808  1  6 93  0  0
 0  0      0 1143716 145780 5240296    0    0     0    72 12592 20429  1  7 92  0  0
 0  0      0 1143716 145780 5240344    0    0     0   104 11470 18429  1  6 93  0  0
 0  0      0 1143464 145780 5240404    0    0     0    52 11649 18829  2  7 91  0  0
 0  0      0 1143216 145788 5240444    0    0     0   628 12621 20270  1  6 93  0  0
 1  0      0 1143216 145788 5240520    0    0     0     0 12187 19733  1  7 93  0  0
 0  0      0 1143216 145788 5240556    0    0     0    96 11960 19270  1  6 93  0  0
 0  0      0 1143216 145788 5240596    0    0     0    32 12786 20009  1  7 92  0  0
 0  0      0 1142964 145788 5240636    0    0     0    40 12088 19348  1  6 92  0  0
 0  0      0 1142964 145788 5240696    0    0     0   276 12348 19513  1  6 93  0  0
 0  0      0 1142964 145788 5240752    0    0     0    24 11948 19037  1  7 92  0  0
 1  0      0 1142964 145788 5240800    0    0     0     0 12878 20651  2  7 91  0  0
 0  0      0 1142964 145788 5240840    0    0     0    28 12178 19328  0  7 92  0  0
procs -----------memory---------- ---swap-- -----io---- -system-- ------cpu-----
 r  b   swpd   free   buff  cache   si   so    bi    bo   in   cs us sy id wa st
 0  0      0 1142264 145788 5240928    0    0     0    52 12131 19649  1  8 90  0  0
 7  0      0 1139604 145788 5240972    0    0     0   472 15635 27480 17 15 68  0  0
 0  0      0 1140908 145788 5241008    0    0     0    24 14525 24903 11 14 75  0  0
 3  0      0 1140436 145788 5241048    0    0     0    20 12959 21540  5  9 85  0  0
 4  0      0 1140436 145788 5241088    0    0     0    24 11940 19575  3  7 90  0  0
 1  0      0 1140436 145788 5241140    0    0     0    76 11272 18476  1  5 94  0  0
 0  0      0 1140436 145788 5241200    0    0     0   272 11527 18325  1  8 91  0  0
 1  0      0 1140436 145788 5241244    0    0     0    36 12281 20066  1  7 92  0  0
 0  0      0 1140436 145788 5241324    0    0     0     8 13116 20988  1  7 92  0  0
 1  0      0 1140436 145788 5241364    0    0     0     8 12160 19350  1  6 93  0  0
 2  0      0 1140436 145788 5241408    0    0     0    16 12297 19504  2  7 91  0  0
 0  0      0 1140436 145788 5241444    0    0     0   504 12571 20355  2  6 92  0  0
 1  0      0 1140436 145788 5241488    0    0     0    32 11689 19024  1  7 93  0  0
 0  0      0 1139932 145788 5241544    0    0     0    24 12370 19829  2  7 91  0  0
 1  0      0 1139932 145788 5241608    0    0     0   152 11582 18759  1  6 94  0  0
 1  0      0 1139932 145788 5241652    0    0     0   448 11435 18404  1  6 93  0  0
 0  0      0 1139932 145788 5241724    0    0     0   396 11667 18827  1  6 93  0  0
 0  0      0 1139932 145788 5241764    0    0     0    56 12027 19474  1  6 93  0  0
 2  0      0 1139292 145788 5241804    0    0     0    48 14980 26144 13 16 71  0  0
 2  0      0 1137200 145788 5241868    0    0     0    12 14127 24121 11 13 76  0  0
 1  0      0 1139300 145788 5241912    0    0     0    24 12013 19883  4  8 88  0  0
procs -----------memory---------- ---swap-- -----io---- -system-- ------cpu-----
 r  b   swpd   free   buff  cache   si   so    bi    bo   in   cs us sy id wa st
 1  0      0 1139300 145788 5241964    0    0     0   940 13676 22659  6 10 83  1  0
 0  0      0 1139300 145788 5242012    0    0     0    64 12542 20177  1  7 92  0  0
 0  0      0 1139048 145788 5242076    0    0     0    52 12287 19845  2  7 92  0  0
 0  0      0 1139048 145788 5242136    0    0     0   308 11532 18625  1  6 93  0  0
 0  0      0 1139048 145788 5242172    0    0     0    12 11624 18873  1  7 92  0  0
 0  0      0 1139300 145788 5242232    0    0     0   240 12024 19262  1  8 91  0  0
 0  0      0 1139300 145788 5242264    0    0     0    40 12220 19530  1  6 93  0  0
 0  0      0 1139048 145788 5242312    0    0     0    76 12934 21042  2  7 91  0  0
 0  0      0 1139048 145788 5242364    0    0     0    32 11371 18542  1  7 93  0  0
 1  0      0 1134104 145796 5242428    0    0     0   788 14023 23502  6 13 80  1  0
 1  0      0 1124036 145808 5245012    0    0     0  1752 16987 29550  9 15 74  2  0
 2  0      0 1006452 145808 5245456    0    0     0    40 9469 16687 16  7 77  0  0
 4  0      0 934716 145808 5245564    0    0     0    44 9337 16387 16  7 77  0  0
 2  0      0 919744 145808 5245844    0    0     0    76 9368 16367 18  6 76  0  0
 1  0      0 901464 145808 5246160    0    0     0    52 12362 23651 28 14 58  0  0
 1  0      0 898224 145808 5246268    0    0     0   648 11844 21973 27 13 60  1  0
 1  0      0 808820 145808 5246756    0    0     0    24 12578 22626 19 12 69  0  0
 1  0      0 787436 145808 5247032    0    0     0    52 10053 17980 17  7 76  0  0
 1  0      0 779120 145808 5247304    0    0     0    56 9113 16102 18  5 78  0  0
 3  0      0 769040 145808 5247476    0    0     0   376 9548 16527 18  6 76  0  0
 1  0      0 764012 145808 5247732    0    0     0    36 9819 17260 18  6 77  0  0
procs -----------memory---------- ---swap-- -----io---- -system-- ------cpu-----
 r  b   swpd   free   buff  cache   si   so    bi    bo   in   cs us sy id wa st
 1  0      0 755696 145808 5247928    0    0     0    40 9047 15940 17  5 78  0  0
 1  0      0 522260 145808 5249448    0    0  1364    32 9894 16869 14  9 76  0  0
 0  1      0 508896 145808 5250488    0    0     0    40 10790 17663 14  7 78  1  0
 0  0      0 463148 145812 5252768    0    0     0   460 12229 19741 12  8 78  2  0
 1  0      0 460448 145812 5253940    0    0     0   464 12693 20427 12  8 78  2  0
 0  1      0 459772 145812 5255608    0    0     0   368 13356 21106 12  7 79  2  0
 1  0      0 423828 145812 5258024    0    0     0    40 13256 21246 12  9 77  2  0
 1  0      0 442352 145812 5259184    0    0     0   116 12588 20243 12  8 78  2  0
 1  0      0 428620 145816 5259876    0    0     0   388 11625 18622 16  7 76  1  0
 0  0      0 1116748 145816 5259916    0    0     0   356 12377 20031 13 11 76  0  0
 1  0      0 1102864 145816 5259984    0    0     0    24 15177 26073 16 14 70  0  0
 2  0      0 1101808 145816 5260028    0    0     0    44 15003 25704 11 13 76  0  0
 2  0      0 1102236 145816 5260096    0    0     0   184 12310 20601  4  8 89  0  0
 0  0      0 1104268 145820 5260152    0    0     0   300 13033 21435  6 10 85  0  0
 0  0      0 1104040 145820 5260228    0    0     0   376 12264 19714  1  7 91  1  0
 1  0      0 1104040 145820 5260268    0    0     0    20 11991 19549  1  6 93  0  0
 0  0      0 1104040 145820 5260316    0    0     0     4 12449 20653  2  7 91  0  0
 0  0      0 1104040 145820 5260348    0    0     0    56 11531 18927  1  7 91  0  0
 0  0      0 1108464 145820 5260392    0    0     0   232 12067 19425  1  7 92  0  0
 1  0      0 1108224 145820 5260452    0    0     0    52 12412 20255  1  7 92  0  0
 0  0      0 1108224 145820 5260500    0    0     0    24 11248 18438  1  5 95  0  0
procs -----------memory---------- ---swap-- -----io---- -system-- ------cpu-----
 r  b   swpd   free   buff  cache   si   so    bi    bo   in   cs us sy id wa st
 0  0      0 1108232 145820 5260556    0    0     0     0 11972 19291  1  7 92  0  0
 0  0      0 1108264 145820 5260624    0    0     0    16 11777 19097  1  6 93  0  0
 2  0      0 1106380 145820 5260664    0    0     0   264 11422 18563  1  6 93  0  0
 2  0      0 1109428 145820 5260708    0    0     0   232 12934 21595  6 10 84  1  0
 2  0      0 1111472 145820 5260756    0    0     0    60 15031 25502  9 12 79  0  0
 2  0      0 1109016 145820 5260800    0    0     0    16 14564 25274 12 13 75  0  0
 0  0      0 1109532 145820 5260844    0    0     0    16 13136 21964  5 10 85  0  0
 0  0      0 1109784 145820 5260900    0    0     0    20 12040 19586  2  7 91  0  0
 0  0      0 1109128 145820 5260960    0    0     0   280 12528 20709  1  7 92  0  0
 0  0      0 1108880 145820 5261024    0    0     0    36 11763 19049  0  7 93  0  0
 0  0      0 1108880 145820 5261064    0    0     0    64 12225 19750  1  7 92  0  0
 0  0      0 1108880 145820 5261108    0    0     0     0 11790 19111  1  6 93  0  0
 0  0      0 1108880 145820 5261148    0    0     0    16 11689 19117  1  6 93  0  0
 0  0      0 1108880 145824 5261184    0    0     0   324 12040 19505  1  6 93  1  0
 1  0      0 1108880 145824 5261240    0    0     0   568 12139 19704  1  7 92  0  0
 1  0      0 1108900 145824 5261284    0    0     0    68 11771 19135  1  6 93  0  0
 0  0      0 1108900 145824 5261356    0    0     0     8 12495 20667  1  7 91  0  0
 3  0      0 1107560 145824 5261388    0    0     0     8 12004 19368  5  8 87  0  0
 0  0      0 1112472 145832 5261472    0    0     0   648 15836 27542 13 14 73  0  0
 0  0      0 1117560 145832 5261516    0    0     0    52 14655 24706 11 12 77  0  0
 0  0      0 1117820 145832 5261552    0    0     0   400 13587 22327  6 10 85  0  0
procs -----------memory---------- ---swap-- -----io---- -system-- ------cpu-----
 r  b   swpd   free   buff  cache   si   so    bi    bo   in   cs us sy id wa st
 1  0      0 1117820 145832 5261592    0    0     0    92 11694 19026  1  6 93  0  0
 0  0      0 1117820 145832 5261632    0    0     0   232 11546 18827  2  7 91  0  0
 3  0      0 1117820 145832 5261696    0    0     0   264 11861 19266  1  6 93  0  0
 1  0      0 1117820 145832 5261752    0    0     0    44 12250 19320  1  5 93  0  0
 0  0      0 1117820 145832 5261808    0    0     0    36 11762 18868  1  7 93  0  0
 2  0      0 1117580 145832 5261864    0    0     0    36 12986 21007  2  8 91  0  0
 0  0      0 1117340 145832 5261924    0    0     0    56 11916 18859  2  6 92  0  0
 0  0      0 1117340 145832 5261968    0    0     0   440 12848 20663  2  7 91  0  0
 1  0      0 1117092 145832 5262004    0    0     0    28 11773 19116  0  7 93  0  0
 0  0      0 1117092 145832 5262044    0    0     0    40 11889 19424  1  5 94  0  0
 0  0      0 1117092 145832 5262104    0    0     0    32 11772 18899  1  6 93  0  0
 0  0      0 1117092 145832 5262168    0    0     0    28 12545 20309  2  7 91  0  0
 0  0      0 1117092 145836 5262200    0    0     0   228 12484 20428  2  7 91  0  0
 0  0      0 1117092 145836 5262272    0    0     0    36 13023 21032  1  8 91  0  0
 0  0      0 1117092 145836 5262332    0    0     0    72 12798 20268  1  7 92  0  0
 1  0      0 1117092 145836 5262364    0    0     0    44 12843 20737  2  6 92  0  0
 1  0      0 1112556 145836 5270592    0    0     0     4 11801 19252  1  7 92  0  0
 0  0      0 1112556 145836 5270632    0    0     0   496 13128 20840  1  7 90  1  0
 1  0      0 1112556 145836 5270688    0    0     0    24 11785 18911  1  6 93  0  0
 1  0      0 1112556 145836 5270740    0    0     0    48 11808 19265  1  7 92  0  0
 0  0      0 1112556 145836 5270796    0    0     0    60 11988 19125  1  6 94  0  0
procs -----------memory---------- ---swap-- -----io---- -system-- ------cpu-----
 r  b   swpd   free   buff  cache   si   so    bi    bo   in   cs us sy id wa st
 0  0      0 1112556 145836 5270852    0    0     0     8 12282 19410  1  6 94  0  0
 1  0      0 1112556 145840 5270908    0    0     0   236 12385 19547  1  6 92  0  0
 0  0      0 1112556 145840 5270952    0    0     0    16 12492 19776  1  7 92  0  0
 1  0      0 1112052 145840 5270992    0    0     0   592 11964 19481  1  6 93  0  0
 3  0      0 1112052 145840 5271020    0    0     0    80 12128 20270  2  6 92  0  0
 0  0      0 1112052 145840 5271088    0    0     0    28 11703 19122  1  7 92  0  0
 2  0      0 1112052 145840 5271136    0    0     0   400 12440 20239  2  7 91  0  0
 1  0      0 1112052 145840 5271196    0    0     0     8 12076 19617  1  6 93  0  0
 1  0      0 1111548 145840 5271260    0    0     0    36 11540 18906  2  8 91  0  0
 0  0      0 1111548 145840 5271304    0    0     0   404 11554 18751  1  6 93  0  0
 1  0      0 1111548 145840 5271344    0    0     0    84 11429 18781  2  6 92  0  0
 1  0      0 1111296 145840 5271380    0    0     0   856 12031 19088  1  6 92  1  0
 1  0      0 1111296 145840 5271428    0    0     0    32 11835 19235  1  6 94  0  0
 0  0      0 1111296 145840 5271480    0    0     0     4 11774 19270  1  7 92  0  0
 3  0      0 1111296 145840 5271520    0    0     0    40 12963 21206  2  8 90  0  0
 0  0      0 1111296 145840 5271588    0    0     0    48 12222 19581  1  9 90  0  0
 0  0      0 1111296 145840 5271656    0    0     0   264 12661 20690  1  7 92  0  0
 2  0      0 1111296 145840 5271696    0    0     0    28 12078 19427  1  7 92  0  0
 0  0      0 1111044 145840 5271744    0    0     0     8 11900 19393  1  6 93  0  0
 0  0      0 1111044 145840 5271776    0    0     0    24 11855 19107  1  7 92  0  0
 1  0      0 1111044 145840 5271824    0    0     0    48 12410 19662  1  6 93  0  0
procs -----------memory---------- ---swap-- -----io---- -system-- ------cpu-----
 r  b   swpd   free   buff  cache   si   so    bi    bo   in   cs us sy id wa st
 0  0      0 1111044 145840 5271876    0    0     0   388 12517 19780  2  6 92  1  0
 0  0      0 1111044 145840 5271928    0    0     0    68 12552 20468  1  7 92  0  0
 0  0      0 1110552 145840 5271992    0    0     0     0 12237 19834  1  7 92  0  0
 3  0      0 1110328 145840 5272072    0    0     0    32 12597 20743  1  7 92  0  0
