2026-07-14 19:44:24.135 procs -----------memory---------- ---swap-- -----io---- -system-- ------cpu-----
2026-07-14 19:44:24.138 r  b   swpd   free   buff  cache   si   so    bi    bo   in   cs us sy id wa st
2026-07-14 19:44:24.142 2  0      0 3561368 120052 2170084    0    0     7    42    7    3  2 10 87  1  0
2026-07-14 19:44:25.137 0  0      0 3560440 120056 2170108    0    0     0   764 3411 5411  4  4 92  0  0
2026-07-14 19:44:26.138 0  0      0 3560192 120056 2170112    0    0     0     0 1622 2166  1  2 97  0  0
2026-07-14 19:44:27.139 0  0      0 3560192 120056 2170112    0    0     0     0 1249 1766  1  1 99  0  0
2026-07-14 19:44:28.140 0  0      0 3559944 120056 2170112    0    0     0     0 2062 3285  2  2 96  0  0
2026-07-14 19:44:29.141 0  0      0 3559944 120056 2170116    0    0     0     0 1411 2048  1  1 98  0  0
2026-07-14 19:44:30.141 1  0      0 3559696 120060 2170116    0    0     0    16 1425 1948  2  2 96  0  0
2026-07-14 19:44:31.143 0  0      0 3559448 120060 2170116    0    0     0     0 2049 3069  2  2 95  0  0
2026-07-14 19:44:32.143 0  0      0 3559448 120060 2170116    0    0     0     0 1157 1657  1  1 98  0  0
2026-07-14 19:44:33.144 0  0      0 3559448 120060 2170116    0    0     0     0 1099 1466  1  1 98  0  0
2026-07-14 19:44:34.144 3  0      0 3559448 120064 2170112    0    0     0    48 1414 2088  1  2 97  0  0
2026-07-14 19:44:35.146 1  0      0 3548736 120076 2170184    0    0     0   524 7456 12291  7 11 81  1  0
2026-07-14 19:44:36.145 1  0      0 3534068 120084 2171648    0    0     0   884 7572 12144 10 12 78  1  0
2026-07-14 19:44:37.147 1  0      0 3515968 120100 2172224    0    0     0   184 4298 6581 15  6 79  0  0
2026-07-14 19:44:38.148 1  0      0 3347928 120100 2172384    0    0     0     4 2134 2864 15  4 81  0  0
2026-07-14 19:44:39.148 1  0      0 3341880 120100 2172448    0    0     0     0 1345 1486 16  2 82  0  0
2026-07-14 19:44:40.148 1  0      0 3330820 120100 2172832    0    0     0     4 1502 1612 16  2 82  0  0
2026-07-14 19:44:41.148 4  0      0 3307840 120124 2173044    0    0     0  1092 10844 18381 26 14 58  2  0
2026-07-14 19:44:42.151 2  0      0 3290024 120144 2175140    0    0     0  1020 6591 10381 24 12 63  1  0
2026-07-14 19:44:43.150 2  0      0 3204976 120144 2175276    0    0     0     0 2143 2360 32  3 65  0  0
2026-07-14 19:44:44.152 3  0      0 3072880 120144 2175524    0    0     0     4 1599 1464 30  4 66  0  0
2026-07-14 19:44:45.152 procs -----------memory---------- ---swap-- -----io---- -system-- ------cpu-----
2026-07-14 19:44:45.155 r  b   swpd   free   buff  cache   si   so    bi    bo   in   cs us sy id wa st
2026-07-14 19:44:45.158 4  0      0 3058288 120144 2175796    0    0     0     0 1973 1963 33  3 64  0  0
2026-07-14 19:44:46.153 3  0      0 3041920 120144 2176304    0    0     0     8 1697 1756 32  4 64  0  0
2026-07-14 19:44:47.154 6  0      0 2917284 120148 2188544    0    0     0   356 9841 12600 31 12 55  2  0
2026-07-14 19:44:48.154 5  0      0 2873640 120160 2189592    0    0     0   888 8594 14801 40 16 42  1  0
2026-07-14 19:44:49.155 5  0      0 2840912 120176 2191124    0    0     0   648 3348 4358 45  8 47  0  0
2026-07-14 19:44:50.155 4  0      0 2676740 120176 2191480    0    0     0  1564 2899 2488 46  6 48  0  0
2026-07-14 19:44:51.156 4  0      0 2629140 120176 2191724    0    0     0     0 2811 3501 47  6 47  0  0
2026-07-14 19:44:52.157 4  0      0 2609520 120176 2192364    0    0     0     8 2509 2737 48  4 48  0  0
2026-07-14 19:44:53.158 4  1      0 2511516 120176 2202324    0    0     0    36 5315 5454 46  6 47  1  0
2026-07-14 19:44:54.160 4  0      0 2452236 120180 2205532    0    0     0   232 3603 3176 46  6 47  1  0
2026-07-14 19:44:55.162 4  0      0 2430184 120180 2205808    0    0     0     0 2137 1897 48  3 48  0  0
2026-07-14 19:44:56.163 4  0      0 2153736 120180 2207548    0    0     0     0 2936 2725 45  6 49  0  0
2026-07-14 19:44:57.164 4  0      0 2102508 120180 2213240    0    0     0     4 4094 4187 45  5 50  0  0
2026-07-14 19:44:58.165 4  0      0 2084272 120180 2215344    0    0     0     0 3731 4330 46  5 48  0  0
2026-07-14 19:44:59.164 4  0      0 2066808 120184 2217580    0    0     0   168 3132 3039 45  4 51  0  0
2026-07-14 19:45:00.166 4  0      0 1944484 120184 2234332    0    0     0  5528 7505 7764 41  8 49  2  0
2026-07-14 19:45:01.165 4  0      0 1911652 120184 2237652    0    0     0     0 3413 3567 44  5 50  0  0
2026-07-14 19:45:02.167 4  0      0 1866912 120184 2241072    0    0     0    32 3237 3537 46  5 49  0  0
2026-07-14 19:45:03.168 2  0      0 1579812 120184 2244056    0    0     0     0 3758 4242 39  7 54  1  0
2026-07-14 19:45:04.169 4  0      0 1585876 120192 2249984    0    0     0  1260 4152 4471 41  4 54  1  0
2026-07-14 19:45:05.167 3  0      0 1570980 120192 2255736    0    0     0     0 4252 4775 42  4 54  1  0
2026-07-14 19:45:06.168 procs -----------memory---------- ---swap-- -----io---- -system-- ------cpu-----
2026-07-14 19:45:06.170 r  b   swpd   free   buff  cache   si   so    bi    bo   in   cs us sy id wa st
2026-07-14 19:45:06.173 7  0      0 2275456 120192 2260620    0    0     0   508 5316 6357 30  7 62  1  0
2026-07-14 19:45:07.170 2  1      0 2247492 120192 2265252    0    0     0     0 4657 5611 27  5 68  1  0
2026-07-14 19:45:08.170 3  0      0 1836392 120192 2269388    0    0     0     0 5022 5915 23  8 69  1  0
2026-07-14 19:45:09.171 2  0      0 1758808 120192 2273992    0    0     0   148 4710 4992 18  5 77  1  0
2026-07-14 19:45:10.171 2  0      0 1730944 120192 2277728    0    0     0     0 4531 4967 26  5 69  0  0
2026-07-14 19:45:11.172 2  0      0 1745776 120192 2279896    0    0     0     0 3927 4473 28  3 69  0  0
2026-07-14 19:45:12.173 1  0      0 2499436 120192 2281168    0    0     0     0 3041 3332 16  7 77  0  0
2026-07-14 19:45:13.173 2  0      0 2490868 120192 2282956    0    0     0  6832 3049 3625 11  2 87  0  0
2026-07-14 19:45:14.174 1  0      0 2481796 120192 2284036    0    0     0  5332 2879 4117 11  3 77  9  0
2026-07-14 19:45:15.174 2  0      0 2472236 120192 2285424    0    0     0     0 3127 4014 11  3 87  0  0
2026-07-14 19:45:16.175 2  0      0 2459900 120192 2287080    0    0     0     0 2192 2579 10  2 88  0  0
2026-07-14 19:45:17.176 2  0      0 2455616 120192 2287672    0    0     0     0 2893 3787 15  3 82  0  0
2026-07-14 19:45:18.176 2  0      0 2455616 120192 2287812    0    0     0     0 2499 3578 18  3 79  0  0
2026-07-14 19:45:19.176 2  0      0 2552576 120192 2287812    0    0     0  7908 1503 1741 17  2 81  0  0
2026-07-14 19:45:20.179 1  0      0 3426072 120192 2287812    0    0     0     0 2043 2402  4 12 84  0  0
2026-07-14 19:45:21.179 1  0      0 3426072 120192 2287812    0    0     0  4280 2366 3608  1  2 97  0  0
2026-07-14 19:45:22.180 1  0      0 3425568 120192 2287812    0    0     0    12 2751 4277  2  3 95  0  0
2026-07-14 19:45:23.181 1  0      0 3425568 120192 2287812    0    0     0     0 1795 2619  1  2 97  0  0
2026-07-14 19:45:24.182 1  0      0 3425568 120200 2287812    0    0     0   416 1151 1484  0  2 98  0  0
2026-07-14 19:45:25.183 1  0      0 3425568 120200 2287812    0    0     0     0 1632 2210  3  2 96  0  0
2026-07-14 19:45:26.183 1  0      0 3425568 120200 2287812    0    0     0     0 1087 1425  1  1 98  0  0
2026-07-14 19:45:27.183 procs -----------memory---------- ---swap-- -----io---- -system-- ------cpu-----
2026-07-14 19:45:27.186 r  b   swpd   free   buff  cache   si   so    bi    bo   in   cs us sy id wa st
2026-07-14 19:45:27.189 1  0      0 3425568 120200 2287816    0    0     0     0 1406 1964  1  2 97  0  0
2026-07-14 19:45:28.185 1  0      0 3425568 120200 2287816    0    0     0     0 2582 4195  1  4 95  0  0
2026-07-14 19:45:29.186 1  0      0 3425568 120208 2287816    0    0     0    16 1156 1600  1  1 98  0  0
2026-07-14 19:45:30.187 1  0      0 3425568 120208 2287816    0    0     0     0 1368 1787  1  2 98  0  0
2026-07-14 19:45:31.187 1  0      0 3425568 120208 2287816    0    0     0     0 2042 3028  1  2 97  0  0
2026-07-14 19:45:32.186 1  0      0 3425568 120208 2287816    0    0     0     0 1520 2153  1  2 97  0  0
2026-07-14 19:45:33.189 2  0      0 3425568 120208 2287816    0    0     0     0 1246 1727  1  2 98  0  0
2026-07-14 19:45:34.190 1  0      0 3425568 120216 2287812    0    0     0    16 1345 1787  1  1 98  0  0
2026-07-14 19:45:35.191 1  0      0 3425568 120216 2287816    0    0     0     0 1362 1940  1  2 98  0  0
2026-07-14 19:45:36.192 2  0      0 3425568 120216 2287816    0    0     0    12 2186 3350  1  2 97  0  0
2026-07-14 19:45:37.192 1  0      0 3425316 120216 2287824    0    0     0    12 1607 2193  1  3 97  0  0
2026-07-14 19:45:38.193 1  0      0 3425316 120216 2287824    0    0     0     0 2210 3446  3  2 95  0  0
2026-07-14 19:45:39.194 1  0      0 3425316 120216 2287824    0    0     0     0 1052 1328  1  2 98  0  0
2026-07-14 19:45:40.195 1  0      0 3418460 120220 2287824    0    0     0    40 1458 1799  2  3 95  0  0
