procs -----------memory---------- ---swap-- -----io---- -system-- ------cpu-----
 r  b   swpd   free   buff  cache   si   so    bi    bo   in   cs us sy id wa st
 1  0      0 3934848 120176 2246592    0    0     7    42    6    2  2 10 87  1  0
 1  0      0 3935164 120180 2246652    0    0    12     0 12257 21253 12 13 75  0  0
 0  0      0 3934916 120180 2246696    0    0     0     0 9607 16087  3  8 89  0  0
 0  2      0 3934916 120184 2246708    0    0     0  1408 7953 13348  3  6 89  3  0
 0  0      0 3934668 120184 2246764    0    0     0   176 8934 14833  2  5 92  2  0
 0  0      0 3934416 120184 2246804    0    0     0    12 7708 12740  1  6 93  0  0
 0  0      0 3934416 120184 2246860    0    0     0    48 9048 14617  1  7 91  0  0
 5  0      0 3934416 120184 2246876    0    0     0     0 8681 14537  1  8 91  0  0
 0  0      0 3934416 120192 2246896    0    0     0   248 6751 10955  1  6 93  0  0
 1  0      0 3934444 120192 2247168    0    0   212    88 8474 13626  2  7 91  0  0
 0  0      0 3934444 120192 2247184    0    0     0   148 9676 15479  2  8 90  0  0
 0  1      0 3934444 120192 2247232    0    0     0    84 8225 13272  1  6 93  0  0
 1  0      0 3933240 120200 2247320    0    0     0   372 11399 18874  6 13 81  0  0
 2  0      0 3919464 120216 2247832    0    0    64  1040 15957 27648 12 18 68  2  0
 1  0      0 3909456 120236 2254324    0    0  5376   668 9551 16113 11 11 76  2  0
 1  0      0 3779912 120236 2256500    0    0  1920   224 8775 14943 14  8 77  1  0
 1  0      0 3719952 120236 2256536    0    0     0     4 7582 13181 17  6 77  0  0
 1  0      0 3712156 120236 2256892    0    0     0    88 7817 13538 17  6 77  0  0
 2  0      0 3702364 120236 2257076    0    0     0     4 8865 14600 17  6 77  0  0
 1  0      0 3689764 120240 2257308    0    0     0   884 11097 17827 17  8 75  0  0
 2  0      0 3671632 120240 2257416    0    0     0   172 10487 16436 17  7 76  0  0
procs -----------memory---------- ---swap-- -----io---- -system-- ------cpu-----
 r  b   swpd   free   buff  cache   si   so    bi    bo   in   cs us sy id wa st
 1  0      0 3666112 120240 2257616    0    0    44    40 9222 14644 17  6 78  0  0
 1  0      0 3653264 120240 2257828    0    0    28     8 8327 14462 17  6 77  0  0
 1  0      0 3651512 120240 2257948    0    0     0    72 8076 13881 17  6 77  0  0
 1  1      0 3567320 120248 2265708    0    0     0   616 10176 16021 14  8 77  1  0
 1  0      0 3520688 120248 2270408    0    0     0    88 11953 17929 15  9 75  1  0
 1  0      0 3516656 120248 2270576    0    0     0   152 10118 15603 17  6 77  0  0
 2  0      0 3512660 120248 2270680    0    0     0     8 9765 15633 17  7 77  0  0
 1  0      0 3504596 120248 2270828    0    0     0     0 9491 15200 18  5 77  0  0
 3  0      0 3498560 120252 2271000    0    0     0   808 10516 16613 17  7 76  1  0
 1  0      0 3492008 120252 2271184    0    0     0    88 9792 15613 17  8 75  0  0
 1  0      0 3486968 120252 2271316    0    0     0    44 10003 15822 16  7 77  0  0
 1  0      0 3479924 120252 2271388    0    0     0   156 10417 16478 18  7 75  0  0
 8  0      0 3205872 120264 2273020    0    0     0  1132 14475 25212 20 18 61  2  0
13  0      0 3134796 120300 2280516    0    0     0  2044 18646 33213 27 26 44  3  0
 9  0      0 3110608 120320 2284688    0    0     0   888 12866 22675 38 19 43  1  0
 6  0      0 2917780 120320 2286972    0    0     0    40 8378 13808 43 12 45  0  0
 2  0      0 2726432 120320 2290356    0    0     0   156 8377 13576 43 12 46  0  0
 3  0      0 2695576 120320 2293828    0    0     0   988 9048 14225 44 10 46  0  0
 2  0      0 2643184 120320 2297396    0    0     0     8 9194 14859 45 10 45  0  0
 4  0      0 2606008 120328 2299248    0    0     0   488 10355 17412 50 15 35  0  0
 4  0      0 2579180 120348 2300948    0    0   505  1232 12590 22829 52 21 25  2  0
procs -----------memory---------- ---swap-- -----io---- -system-- ------cpu-----
 r  b   swpd   free   buff  cache   si   so    bi    bo   in   cs us sy id wa st
 4  0      0 2578884 120364 2303040    0    0     0   724 11897 20780 57 16 26  1  0
 4  0      0 2539176 120372 2303676    0    0     0   116 8151 13211 63 10 27  0  0
 4  0      0 2372568 120384 2303984    0    0     0    20 6869 11935 63 10 27  0  0
 3  0      0 3084848 120392 2304572    0    0     0    24 7186 12837 53 14 33  0  0
 3  1      0 2981792 120408 2311612    0    0     0    52 9521 15474 45 11 43  0  0
11  0      0 2875908 120432 2330652    0    0     0   828 15940 23234 45 17 35  3  0
 7  0      0 2859600 120432 2321060    0    0     0   368 7883 13373 49  9 41  1  0
 2  0      0 3176064 120432 2321108    0    0     0    44 8276 15187 39 11 50  0  0
 2  0      0 3156408 120436 2321292    0    0     0   808 8314 14017 34  8 58  0  0
 2  0      0 3140544 120440 2321540    0    0     0    20 7769 12958 33  7 61  0  0
 2  0      0 3129480 120456 2321824    0    0     0   704 8855 15116 33  7 60  0  0
 1  0      0 3104356 120456 2322160    0    0     0    56 8022 13471 33  7 60  0  0
 2  0      0 3003360 120456 2335876    0    0     0   156 13003 18802 28 12 58  2  0
 2  0      0 2772708 120460 2336628    0    0   340   648 8018 13625 31  9 60  0  0
 5  0      0 2524052 120460 2341280    0    0     0    56 8608 13909 30  8 61  0  0
 2  0      0 2498700 120472 2347952    0    0     0   456 8366 13635 31  7 62  1  0
 2  0      0 2440420 120472 2353340    0    0     0    52 8973 14747 30  7 63  0  0
 2  0      0 2410756 120472 2358716    0    0     0    44 9451 15689 30  8 62  0  0
 2  0      0 2363092 120472 2362520    0    0     0    68 8599 14155 32  7 61  0  0
 3  0      0 2318640 120472 2365320    0    0     0    16 8568 14258 33  7 60  0  0
 7  0      0 2011268 120480 2374804    0    0     0   288 9299 15006 29  8 62  1  0
procs -----------memory---------- ---swap-- -----io---- -system-- ------cpu-----
 r  b   swpd   free   buff  cache   si   so    bi    bo   in   cs us sy id wa st
 2  0      0 1869628 120480 2381896    0    0   544    52 12979 20010 22 10 67  1  0
 1  0      0 1684160 120480 2392956    0    0     0    48 12975 18963 23 10 66  1  0
 4  1      0 1576120 120480 2404072    0    0     0 10780 12028 18274 26  9 63  2  0
 1 60      0 1463004 120484 2410068    0    0     0 48672 14126 20881 17 15 14 54  0
 1  0      0 1379528 120520 2421888    0    0     0  4784 13164 20271 20 11 29 41  0
 2  0      0 1231872 120520 2430376    0    0     0     0 10514 16601 23 14 62  1  0
 2  0      0 1132900 120520 2439424    0    0     0     0 10786 16798 22 12 65  1  0
 2  0      0 1052396 120520 2449956    0    0     0     0 10377 15945 26 10 63  1  0
 2  0      0 845432 120520 2464132    0    0     0     0 11331 17359 23 12 64  1  0
 3  0      0 822368 120532 2476160    0    0     0   464 11075 17647 27  9 63  1  0
 2  0      0 781252 120532 2480192    0    0     0    12 8417 13989 26 13 61  0  0
 3  0      0 731848 120532 2490360    0    0     0     0 8501 13984 30  9 61  0  0
 2  0      0 1352732 120532 2496576    0    0     0     0 9256 14985 26 12 61  0  0
 2  0      0 1227832 120532 2503920    0    0     0     0 10534 16136 15  8 77  1  0
 1  0      0 1089740 120540 2508944    0    0     0   728 11101 16705 11 12 76  1  0
 1  0      0 1072280 120540 2514640    0    0     0   164 10763 17320 13 12 75  0  0
 2  0      0 963772 120540 2517736    0    0     0    12 8313 13876 11 12 77  0  0
 2  0      0 877916 120540 2523716    0    0     0     0 9752 15694 14  9 76  0  0
 1  0      0 766236 120540 2531448    0    0     0     0 9079 14836 13  9 78  0  0
 1  0      0 723920 120544 2538576    0    0     0   368 9904 16408 15  9 76  1  0
 1  0      0 692304 120544 2543084    0    0     0   140 9335 15381 15  6 79  0  0
procs -----------memory---------- ---swap-- -----io---- -system-- ------cpu-----
 r  b   swpd   free   buff  cache   si   so    bi    bo   in   cs us sy id wa st
 3  0      0 686156 120544 2547052    0    0     0     0 8565 14313 16  6 78  0  0
 1  0      0 669032 120544 2551664    0    0     0    16 8730 14372 15  6 78  0  0
 1  0      0 594820 120544 2558224    0    0     0     0 9068 14274 14  7 79  0  0
 0  0      0 493220 120544 2569068    0    0     0   532 9757 15168 12  7 80  0  0
 1  0      0 517756 117580 2525236    0    0     0   120 9616 15552 12 14 74  0  0
 2  0      0 2455772 117580 2527884    0    0     0   140 8918 14597 14  9 77  0  0
 1  0      0 2568516 117580 2527920    0    0     0     0 9951 15702 17  8 74  0  0
 2  0      0 2563756 117588 2532708    0    0  4752    16 12621 19758 19  8 72  2  0
 1  0      0 3710324 117592 2532760    0    0     0   280 10977 17258 16 11 73  0  0
 0  0      0 3745924 117592 2532820    0    0     0   112 10485 17189  3 10 87  0  0
