procs -----------memory---------- ---swap-- -----io---- -system-- ------cpu-----
 r  b   swpd   free   buff  cache   si   so    bi    bo   in   cs us sy id wa st
 3  0      0 3650856 131056 2292248    0    0     7    42    5    9  2 10 87  1  0
 0  0      0 3654892 131056 2292296    0    0     0     0 11347 19636 15 14 72  0  0
 1  0      0 3654892 131056 2292328    0    0     0     0 8364 13812  1  7 92  0  0
 1  0      0 3654892 131056 2292360    0    0     0   808 8940 14272  2  7 91  1  0
 0  0      0 3654892 131056 2292380    0    0     0   184 6823 10915  2  5 93  0  0
 0  0      0 3654892 131056 2292428    0    0     0    12 7900 12606  1  6 94  0  0
 1  0      0 3654640 131056 2292472    0    0     0    44 8739 14179  2  8 91  0  0
 0  0      0 3654640 131056 2292504    0    0     0     0 8672 14632  2  6 92  0  0
 0  0      0 3654640 131056 2292524    0    0     0   228 7620 12571  1  6 93  0  0
 0  0      0 3654640 131056 2292572    0    0     0   156 8009 13149  2  6 93  0  0
 0  0      0 3654640 131056 2292628    0    0     0    48 8688 13789  2  7 91  0  0
 0  0      0 3654388 131056 2292656    0    0     0    80 7708 12740  2  7 91  0  0
 0  0      0 3654140 131056 2292676    0    0     0     4 7103 11466  1  5 94  0  0
 0  0      0 3654140 131060 2292696    0    0     0   420 7180 12027  1  6 93  1  0
 4  0      0 3647796 131060 2292732    0    0     0   180 9711 16026  3  7 90  0  0
 0  0      0 3659432 131060 2279664    0    0     0   400 9669 16079  2  9 89  1  0
 0  0      0 3659184 131060 2279692    0    0     0     4 7185 12213  1  6 92  0  0
 1  0      0 3659436 131060 2279720    0    0     0     8 7022 12100  2  6 92  0  0
 0  0      0 3659436 131072 2279764    0    0     0   640 8026 13349  1  6 92  1  0
 0  0      0 3658964 131076 2279796    0    0     0   124 8576 14187  2  7 91  0  0
 4  0      0 3647732 131096 2279864    0    0   124   848 12069 20397  8 14 77  1  0
procs -----------memory---------- ---swap-- -----io---- -system-- ------cpu-----
 r  b   swpd   free   buff  cache   si   so    bi    bo   in   cs us sy id wa st
 3  0      0 3640580 131120 2281512    0    0     0  1148 13097 22328  8 17 74  1  0
 1  0      0 3610004 131120 2281968    0    0     0    84 9006 14314 15  9 76  0  0
 1  0      0 3443980 131120 2282108    0    0     0  1028 9622 14866 15  8 77  0  0
 3  0      0 3439220 131120 2282288    0    0     0   264 9142 15125 17  6 77  0  0
 1  0      0 3430664 131120 2282568    0    0     0    84 9199 14492 16  7 77  0  0
 2  0      0 3415744 131120 2282840    0    0     0   116 9606 15529 17  8 75  0  0
 1  0      0 3403276 131124 2282992    0    0     0   304 10466 16452 17  8 76  0  0
 1  0      0 3394720 131124 2283044    0    0     0     8 9098 14542 17  5 78  0  0
 1  0      0 3388672 131124 2283276    0    0     0    80 7641 12693 17  5 78  0  0
 1  0      0 3380144 131124 2283412    0    0     0    20 7555 12921 19  5 76  0  0
 1  0      0 3372092 131124 2283600    0    0     0   184 7639 13173 18  6 76  0  0
 1  0      0 3266892 131136 2296356    0    0     0   332 12039 17506 12 11 76  2  0
 1  0      0 3249756 131136 2296480    0    0     0     4 7993 13011 17  5 78  0  0
 1  0      0 3244468 131136 2296596    0    0     0    40 6955 11986 17  5 78  0  0
 8  0      0 3219900 131152 2296728    0    0     0   992 12794 22446 25 15 59  2  0
 4  0      0 3173964 131188 2299372    0    0   528  2348 16653 30976 30 26 41  3  0
 3  0      0 3142064 131200 2301644    0    0     0  1932 11257 19773 41 16 41  2  0
 3  0      0 2866520 131200 2302116    0    0     0     0 6820 11164 46 10 44  0  0
 3  0      0 2771088 131200 2302388    0    0     0    12 7225 12739 49  8 43  0  0
 3  0      0 2747436 131200 2302800    0    0     0    52 6571 11177 49  6 44  0  0
 3  0      0 2438524 131200 2306320    0    0  1296    64 7636 12659 42 13 45  0  0
procs -----------memory---------- ---swap-- -----io---- -system-- ------cpu-----
 r  b   swpd   free   buff  cache   si   so    bi    bo   in   cs us sy id wa st
10  0      0 2387252 131208 2311092    0    0     0   624 10272 17029 45 15 39  1  0
 3  0      0 2334672 131220 2316176    0    0     0  1436 12823 22917 51 18 29  2  0
 4  0      0 2293184 131236 2323572    0    0     0   736 10293 17511 53 13 33  1  0
 6  0      0 2090492 131236 2329428    0    0     0  8796 8396 13266 56 10 34  0  0
 5  0      0 2020548 131236 2335204    0    0     0    88 8285 13531 57  9 33  1  0
 5  0      0 1921320 131236 2352724    0    0     0   112 12619 18209 57 11 31  1  0
 4  0      0 2161608 131236 2365836    0    0     0    64 11703 15957 58 13 28  1  0
 3  0      0 2216772 131244 2366064    0    0     0   564 8021 12640 48  7 45  0  0
 4  0      0 2886160 131244 2366228    0    0     0     0 7835 12384 33 10 57  0  0
 3  0      0 2869864 131244 2366504    0    0     0    36 7825 13084 33  7 60  0  0
 3  0      0 2853016 131244 2366788    0    0     0   984 7649 12435 33  6 61  1  0
 2  0      0 2838152 131244 2367124    0    0     0    60 7440 12552 34  5 61  0  0
 2  0      0 2728604 131248 2380720    0    0     0   360 13582 19491 29 12 58  1  0
 2  0      0 2710844 131248 2381224    0    0     0   244 7904 13002 32  7 61  0  0
 3  0      0 2306492 131248 2381856    0    0     0   124 7980 13332 30 10 60  0  0
 1  0      0 2229120 131248 2389172    0    0     0    40 9345 15318 32  7 60  0  0
 2  0      0 2208796 131248 2394344    0    0     0   120 8486 13823 30  7 63  0  0
 1  0      0 2147704 131248 2401128    0    0     0   440 8463 13500 29  7 64  1  0
 2  0      0 2105296 131248 2405856    0    0     0    20 8280 13571 29  8 62  0  0
 2  0      0 2040252 131248 2409968    0    0     0    16 8395 13698 32  8 60  0  0
 2  0      0 2004800 131248 2414380    0    0     0    16 8197 13535 32  6 62  0  0
procs -----------memory---------- ---swap-- -----io---- -system-- ------cpu-----
 r  b   swpd   free   buff  cache   si   so    bi    bo   in   cs us sy id wa st
 1  0      0 1597460 131248 2423216    0    0   544    80 9501 14621 24 11 64  1  0
 3  0      0 1458016 131252 2431044    0    0     0   348 11067 16672 23 12 65  1  0
 9  0      0 1261484 131252 2439428    0    0     0    32 10427 15533 23 10 66  1  0
 3  0      0 1199956 131252 2450260    0    0     0    40 9417 15018 25  9 65  0  0
 5  0      0 1100176 131252 2460160    0    0     0    24 11821 19120 26 12 62  1  0
 1 25      0 941432 131260 2465452    0    0     0 61880 10751 16375 23 11 41 25  0
 2  0      0 875572 131296 2472348    0    0     0 11036 16688 25867 14 11 25 50  0
 1  0      0 782760 131296 2480576    0    0     0   100 10333 16184 25 12 61  1  0
 1  0      0 677064 131296 2493640    0    0     0     0 10521 15920 24 11 65  0  0
 2  0      0 602668 131296 2500204    0    0     0     0 8340 13333 26 11 63  0  0
 2  0      0 482688 131296 2508028    0    0     0     0 8736 13273 29  9 62  0  0
 2  0      0 466528 131300 2513708    0    0     0   792 9385 14450 28 11 60  2  0
 1  0      0 1088396 131300 2523852    0    0     0     4 8910 13421 23 12 64  0  0
 1  0      0 943292 131300 2530924    0    0     0     0 12394 18928 17  9 74  1  0
 1  0      0 902968 131300 2536736    0    0     0     0 10506 15788 11 12 77  0  0
 1  0      0 817876 131300 2540896    0    0     0     0 10000 15426 12 10 77  0  0
 1  0      0 707664 131304 2545472    0    0     0   724 10805 16354  9 15 76  1  0
 2  0      0 596572 131312 2556700    0    0  5864   192 10704 16753 15 12 71  2  0
 2  0      0 489864 131312 2562920    0    0     0     4 10110 15476 13 10 76  1  0
 2  0      0 415976 131312 2571832    0    0     0     0 10088 15454 14  8 77  0  0
 3  0      0 412556 131312 2576988    0    0     0     0 10876 16710 14  8 78  0  0
procs -----------memory---------- ---swap-- -----io---- -system-- ------cpu-----
 r  b   swpd   free   buff  cache   si   so    bi    bo   in   cs us sy id wa st
 1  0      0 407896 131320 2580920    0    0     0   252 10154 15570 16  6 77  0  0
 0  0      0 388692 131320 2585556    0    0     0   156 10167 15765 16  6 78  0  0
 4  0      0 403204 130904 2572264    0    0     0    56 11847 18223 15 10 75  0  0
 0  0      0 479000 130016 2541296    0    0     0   304 10196 15596 14 10 76  1  0
 1  0      0 464004 128640 2488076    0    0    68     0 9996 15519 14 11 75  1  0
 1  0      0 2442400 128640 2489836    0    0     0   252 9765 15028 14  9 77  0  0
 1  0      0 2813816 128644 2489880    0    0     4    88 10449 16246 18  7 75  0  0
 1  0      0 2813316 128644 2489920    0    0     0   160 10915 17062 18  7 75  0  0
 1  0      0 3730704 128652 2494720    0    0  4780   260 9648 14961 11 12 76  2  0
 0  0      0 3728696 128652 2494756    0    0     0     8 8745 14169  3  8 89  0  0
