procs -----------memory---------- ---swap-- -----io---- -system-- ------cpu-----
 r  b   swpd   free   buff  cache   si   so    bi    bo   in   cs us sy id wa st
 2  0      0 4305712 161292 1632556    0    0     2    10    1   10  2  1 97  0  0
 1  0      0 4308744 161292 1632560    0    0     0   152 5881 9468 13  8 78  0  0
 1  0      0 4308004 161292 1632576    0    0     0    20 2984 4553  2  2 96  0  0
 0  0      0 4307756 161292 1632580    0    0     0     0 2130 3009  2  2 97  0  0
 0  0      0 4307292 161292 1632588    0    0     0     0 2089 2835  2  2 96  0  0
 1  0      0 4307292 161292 1632596    0    0     0    12 2268 3068  1  3 96  0  0
 1  0      0 4307292 161292 1632596    0    0     0    84 2233 3198  2  2 96  0  0
 0  0      0 4307292 161292 1632608    0    0     0     0 2627 3847  1  2 97  0  0
 0  0      0 4307292 161292 1632608    0    0     0     0 1420 1706  1  1 98  0  0
 0  0      0 4307292 161292 1632616    0    0     0     0 1981 2618  1  2 97  0  0
 0  0      0 4305424 161292 1632624    0    0     0     0 1673 2059  1  2 97  0  0
 0  0      0 4305424 161292 1632628    0    0     0    96 1715 2190  1  2 97  0  0
 0  0      0 4305424 161292 1632632    0    0     0     4 1640 2071  2  1 97  0  0
 0  0      0 4305424 161292 1632640    0    0     0     0 1628 2045  1  1 97  0  0
 0  0      0 4305424 161292 1632640    0    0     0     0 2066 2795  2  2 96  0  0
 2  0      0 4305424 161292 1632648    0    0     0    32 2275 3190  2  3 95  0  0
 0  0      0 4305424 161292 1632652    0    0     0    60 2109 3041  1  2 97  0  0
 0  0      0 4305424 161292 1632660    0    0     0    36 4370 7020  3  4 93  0  0
 0  0      0 4305424 161292 1632668    0    0     0     4 1622 2160  1  2 97  0  0
 3  0      0 4302036 161292 1632680    0    0     0     0 7041 11385 16 12 71  0  0
 1  0      0 4307216 161292 1632696    0    0     0     4 5904 9694 13  9 78  0  0
procs -----------memory---------- ---swap-- -----io---- -system-- ------cpu-----
 r  b   swpd   free   buff  cache   si   so    bi    bo   in   cs us sy id wa st
 4  0      0 4307072 161292 1632708    0    0     0    60 2366 3248  2  3 94  0  0
 0  0      0 4306892 161292 1632712    0    0     0     4 2977 4389  5  4 91  0  0
 0  0      0 4306892 161292 1632720    0    0     0    48 1530 1916  1  1 98  0  0
 0  0      0 4306640 161292 1632724    0    0     0     4 2016 2693  1  2 96  0  0
 0  0      0 4306668 161292 1632736    0    0     0     0 2481 3443  4  3 94  0  0
 0  0      0 4306428 161292 1632744    0    0     0    56 2253 3231  1  2 97  0  0
 0  0      0 4306428 161292 1632744    0    0     0     8 2879 4515  2  2 96  0  0
 0  0      0 4306428 161292 1632756    0    0     0    12 1517 1993  1  2 97  0  0
 1  0      0 4306176 161292 1632760    0    0     0    32 2553 3685  2  3 95  0  0
 0  0      0 4306176 161292 1632760    0    0     0     4 1855 2315  3  2 95  0  0
 0  0      0 4306176 161292 1632768    0    0     0    88 1815 2431  1  2 97  0  0
 0  0      0 4306432 161292 1632772    0    0     0     0 3107 4849  2  3 95  0  0
 0  0      0 4306432 161292 1632780    0    0     0    16 1957 2618  1  2 97  0  0
 1  0      0 4306936 161292 1632788    0    0     0     0 1936 2742  1  2 97  0  0
 0  0      0 4306936 161292 1632792    0    0     0    40 2463 3366  3  4 94  0  0
 3  0      0 4306464 161292 1632800    0    0     0    72 4153 6430  9  8 83  0  0
 1  0      0 4306752 161292 1632816    0    0     0    88 5904 9697 11  8 81  0  0
 0  0      0 4302500 161292 1632824    0    0     0     4 4752 7488 10  6 84  0  0
 0  0      0 4304568 161292 1632832    0    0     0     0 4860 7851 10  6 84  0  0
 0  0      0 4304328 161292 1632844    0    0     0    36 1858 2469  1  2 97  0  0
 0  0      0 4306436 161292 1632848    0    0     0    64 1735 2300  1  2 97  0  0
procs -----------memory---------- ---swap-- -----io---- -system-- ------cpu-----
 r  b   swpd   free   buff  cache   si   so    bi    bo   in   cs us sy id wa st
 0  0      0 4306436 161292 1632880    0    0     0    76 3158 4503  4  4 92  0  0
 1  0      0 4289624 161292 1632892    0    0     0  1076 8306 13529 12 12 73  3  0
 1  0      0 4272696 161292 1634356    0    0     0   692 4834 7260 12  8 79  1  0
 2  0      0 4114248 161292 1634760    0    0     0    32 3129 3916 16  5 79  0  0
 1  0      0 4090348 161292 1635008    0    0     0   552 3198 3935 17  3 81  0  0
 1  0      0 4079524 161292 1635216    0    0     0     8 4383 6484 17  4 78  0  0
 1  0      0 4063580 161292 1635476    0    0     0     8 2267 2411 16  3 81  0  0
 1  0      0 4047792 161292 1635496    0    0     0   216 2282 2399 16  3 82  0  0
 1  0      0 4041252 161292 1635580    0    0     0    24 2332 2513 17  2 81  0  0
 1  0      0 4031688 161292 1635704    0    0     0    40 2210 2257 16  3 81  0  0
 1  0      0 4024896 161292 1635868    0    0     0     0 1968 1976 16  2 82  0  0
 2  0      0 4020624 161292 1636056    0    0     0     8 3818 5559 24  7 70  0  0
 2  0      0 4007332 161292 1636048    0    0     0   164 4952 7910 25  8 67  0  0
 1  0      0 3999808 161292 1636204    0    0     0     4 5327 8541 27  9 64  0  0
 1  0      0 3990468 161292 1636276    0    0     0    80 4646 7180 23  6 71  0  0
 1  0      0 3984184 161292 1636380    0    0     0     0 3192 4327 17  3 80  0  0
 1  0      0 3978148 161292 1636508    0    0     0     0 2175 2295 16  2 82  0  0
 1  0      0 3970776 161296 1636688    0    0     0   136 3264 4132 19  3 78  0  0
 2  0      0 3936752 161296 1637064    0    0     0   996 9684 16737 26 14 58  3  0
 2  0      0 3923956 161296 1638808    0    0     0   616 3639 4859 30  7 63  1  0
 2  0      0 3422008 161296 1651580    0    0     0     0 7643 8661 24 13 62  1  0
procs -----------memory---------- ---swap-- -----io---- -system-- ------cpu-----
 r  b   swpd   free   buff  cache   si   so    bi    bo   in   cs us sy id wa st
 2  0      0 3350404 161296 1655788    0    0     0     0 4038 4345 27  4 68  0  0
 2  0      0 3321212 161296 1660008    0    0     0    28 4105 4412 27  5 68  0  0
 1  0      0 3289808 161296 1664968    0    0     0    16 4482 5127 27  7 65  0  0
 2  0      0 3261392 161300 1668920    0    0     0   340 4817 5711 26  6 68  1  0
 2  0      0 3237184 161300 1673124    0    0     0     0 4902 6085 27  5 68  0  0
 2  0      0 3211184 161300 1676960    0    0     0     4 3768 3957 24  5 70  1  0
 2  0      0 3187720 161300 1682256    0    0     0     8 3941 4100 26  4 70  0  0
 4  0      0 3171476 161300 1683712    0    0     0     0 4554 7276 40  9 51  0  0
 4  0      0 3168796 161300 1683864    0    0     0   264 4823 7942 42  9 49  0  0
 2  0      0 3151400 161300 1684004    0    0     0     4 3523 6790 40  6 53  0  0
 1  0      0 3934064 161300 1684084    0    0     0    28 3786 6082 29  9 62  0  0
 1  0      0 3920392 161300 1684152    0    0     0     4 1687 2119 17  2 82  0  0
 1  0      0 3915128 161300 1684248    0    0     0     4 2689 3555 18  3 79  0  0
 1  1      0 3906780 161300 1684344    0    0     0   176 3729 5208 19  5 76  0  0
 2  0      0 3883752 161304 1685576    0    0     0   996 10403 18105 26 16 56  2  0
 2  0      0 3860912 161308 1687048    0    0     0   600 4296 6055 31  6 62  1  0
 2  0      0 3605300 161308 1700720    0    0     0     0 6936 7247 25  9 65  1  0
 1  0      0 3140516 161308 1701532    0    0     0  1384 3481 3815 26  8 66  0  0
 1  0      0 3104492 161308 1703264    0    0     0    40 3325 3500 27  5 69  0  0
 1  0      0 3073976 161308 1704812    0    0     0    76 2728 2648 26  3 71  0  0
 2  0      0 3047280 161308 1706520    0    0     0   240 2906 2941 26  3 71  0  0
procs -----------memory---------- ---swap-- -----io---- -system-- ------cpu-----
 r  b   swpd   free   buff  cache   si   so    bi    bo   in   cs us sy id wa st
 2  0      0 3029468 161308 1708240    0    0     0    32 2765 2783 27  2 71  0  0
 2  0      0 3001508 161308 1709836    0    0     0     4 3494 4075 27  5 69  0  0
 2  0      0 2985432 161308 1711416    0    0     0  7632 3499 4568 27  3 70  0  0
 5  0      0 2962496 161308 1712932    0    0     0     4 4708 7151 31  6 63  0  0
 1  0      0 2914004 161312 1715044    0    0     0   292 5707 9040 33  9 57  0  0
 2  0      0 2900528 161312 1715504    0    0     0 13968 5042 8495 41  8 51  0  0
 2  0      0 2891168 161312 1715772    0    0     0    36 4143 5799 38  4 58  0  0
 2  0      0 3844184 161312 1715772    0    0     0    36 2489 2627 25 10 64  0  0
 1  0      0 3834320 161312 1716008    0    0     0     0 3349 4946 18  3 79  0  0
 1  4      0 3849412 161316 1716048    0    0     0  6500 4489 6444 20  5 72  4  0
 2  0      0 3736152 161324 1730044    0    0     0  1580 16350 23643 21 13 45 21  0
 2  0      0 3214320 161328 1733152    0    0     0   708 5989 8869 25 14 60  1  0
 2  0      0 2986124 161328 1738468    0    0     0     0 3389 3415 29  6 65  0  0
 3  0      0 2951980 161328 1743896    0    0     0     0 4153 4989 28  4 68  0  0
 2  0      0 2886896 161328 1748520    0    0     0     0 3532 3401 27  3 70  0  0
 2  0      0 2852488 161328 1753380    0    0     0 12412 3945 4236 27  4 69  0  0
 2  0      0 2793280 161332 1758156    0    0     0   228 3450 3366 27  3 69  1  0
 2  0      0 2743792 161332 1761048    0    0     0     4 2421 2050 31  3 66  0  0
 2  0      0 2702324 161332 1766020    0    0     0     0 3169 3182 30  2 68  0  0
 2  0      0 2608124 161332 1773860    0    0     0     0 2948 2825 29  4 67  0  0
 4  0      0 2481604 161332 1777608    0    0     0    76 5896 9681 41 11 48  0  0
procs -----------memory---------- ---swap-- -----io---- -system-- ------cpu-----
 r  b   swpd   free   buff  cache   si   so    bi    bo   in   cs us sy id wa st
 5  0      0 2391664 161332 1783148    0    0     0   200 6517 10788 40 11 48  0  0
 1  0      0 2276436 161332 1790608    0    0     0     0 4795 6349 33  7 60  0  0
 1  0      0 2166548 161332 1799472    0    0     0    28 6034 8991 36  8 56  0  0
 2  0      0 2020036 161332 1807864    0    0     0     0 3148 3236 29  4 67  0  0
 3  0      0 1905256 161332 1814060    0    0     0    28 3022 2976 29  4 66  0  0
 2  0      0 1836420 161332 1821872    0    0     0    96 3523 3935 31  4 65  0  0
 2  0      0 1682224 161332 1830608    0    0     0    12 3522 3396 28  5 67  0  0
 3  0      0 1512796 161332 1856120    0    0     0     0 8379 8814 27  8 63  2  0
 2  0      0 1141480 161332 1862484    0    0     0     0 3383 3579 23  7 70  0  0
 2  0      0 897164 161332 1872728    0    0     0    28 4939 5530 24  5 70  1  0
 2  0      0 883500 161336 1884988    0    0     0   180 5536 6881 26  5 68  1  0
 1  0      0 750452 161336 1893976    0    0     0     4 4662 5029 25  5 70  0  0
 2  0      0 616192 161336 1900736    0    0     0  6544 5334 6445 25  5 70  0  0
 1  0      0 490188 161336 1908704    0    0     0     0 3598 3677 24  4 72  0  0
 2  0      0 350092 161336 1915380    0    0     0 62512 4201 4721 26  4 67  3  0
 0  8      0 289500 161336 1919152    0    0     0   504 3588 3999 15  4 51 30  0
 3  0      0 173888 161336 1927172    0    0     0    12 10009 15846 22  9 29 40  0
 2  0      0 147932 160936 1913796    0    0   420    12 5963 9076 37 12 51  0  0
 2  0      0 212248 160936 1921076    0    0    44   180 4601 8639 35  6 59  0  0
 2  3      0 202488 160936 1925520    0    0   624 31600 3304 3796 23  3 62 13  0
 1  0      0 945968 160936 1934496    0    0  6116    24 6836 9682 11  5 54 30  0
procs -----------memory---------- ---swap-- -----io---- -system-- ------cpu-----
 r  b   swpd   free   buff  cache   si   so    bi    bo   in   cs us sy id wa st
 1  0      0 857800 160940 1939436    0    0    20  7912 7833 11847 18  8 72  3  0
 2  0      0 784308 160940 1950792    0    0  2204  1116 8340 12858 22 12 63  3  0
 2  0      0 636572 160940 1962320    0    0  1240    44 4599 5047 27  6 67  1  0
 1  0      0 373500 160940 1971348    0    0     0     0 3496 3393 27  8 65  1  0
 2  0      0 2335060 160940 1973440    0    0     4    24 2665 2803 32  4 64  0  0
 2  0      0 2684716 160940 1973824    0    0     0     0 2294 2287 32  4 64  0  0
 2  2      0 2670124 160940 1974012    0    0     0   120 2262 2197 33  2 65  0  0
 1  0      0 3687044 160940 1974152    0    0     0   100 2826 3101 27 10 63  0  0
 1  0      0 3677508 160940 1974380    0    0     0     0 2915 3783 17  2 80  0  0
 2  0      0 3665916 160940 1974460    0    0     0    12 4749 7226 18  4 78  0  0
 2  0      0 3662160 160940 1974668    0    0     0     4 1997 2001 16  2 82  0  0
 1  0      0 3653344 160940 1974892    0    0     0     0 2200 2320 16  3 81  0  0
 1  0      0 3637772 160940 1975056    0    0     0   236 2338 2594 16  3 81  0  0
 1  0      0 3637772 160940 1975232    0    0     0    32 2266 2388 17  2 81  0  0
 1  0      0 3620612 160940 1975320    0    0     0     0 2061 2244 17  2 81  0  0
 1  0      0 3615836 160940 1975616    0    0     0    12 1973 2020 16  2 81  0  0
 1  0      0 3600784 160940 1975620    0    0     0     0 1980 2087 17  2 82  0  0
 1  0      0 3599032 160940 1975788    0    0     0   132 2901 3539 19  4 78  0  0
 1  2      0 3579892 160956 1976436    0    0   596   888 6760 10451 20  6 69  4  0
 2  0      0 3517580 160956 1978900    0    0  1568    20 5476 8442 17  5 76  2  0
 1  0      0 3215160 160956 1979304    0    0     0     8 2772 3346 10  7 83  0  0
procs -----------memory---------- ---swap-- -----io---- -system-- ------cpu-----
 r  b   swpd   free   buff  cache   si   so    bi    bo   in   cs us sy id wa st
 0  0      0 3197796 160956 1981724    0    0     0     8 2644 3348 12  3 85  0  0
 1  0      0 3183960 160956 1984000    0    0     0  4904 2965 3871 11  3 85  0  0
 0  0      0 3169876 160956 1986068    0    0     0 43836 3184 4067 11  4 86  0  0
 1  1      0 3161560 160960 1987376    0    0     0  1896 3841 5716  9  3 64 24  0
 1  0      0 3148708 160960 1989320    0    0     0   212 3474 4433 11  3 86  1  0
 0  0      0 3132252 160960 1991496    0    0     0     8 2684 3411 11  3 86  0  0
 1  0      0 3121712 160960 1993204    0    0     0     4 3071 4210 14  4 82  0  0
 1  0      0 3121712 160960 1993272    0    0     0    28 2538 3858 18  2 80  0  0
 1  0      0 3121712 160960 1993284    0    0     0   168 2176 2905 18  2 80  0  0
 1  0      0 3895832 160960 1993284    0    0     0     0 3425 5366 14  7 79  0  0
 0  0      0 3891896 160960 1993296    0    0     0    20 1775 2267  3  3 95  0  0
 0  0      0 3894044 160960 1993296    0    0     0     0 1985 2647  1  2 96  0  0
 0  0      0 3894044 160960 1993308    0    0     0    36 1714 2185  1  2 97  0  0
 0  0      0 3894044 160960 1993308    0    0     0    80 1581 1978  1  1 97  0  0
 0  0      0 3894044 160960 1993324    0    0     0    20 1717 2252  1  2 97  0  0
 0  0      0 3892376 160960 1993324    0    0     0     0 1694 2096  2  2 96  0  0
 0  0      0 3892524 160960 1993336    0    0     0    20 2439 3277  2  4 94  0  0
 0  0      0 3892060 160960 1993336    0    0     0    20 2433 3499  2  2 96  0  0
 0  0      0 3891304 160960 1993348    0    0     0   200 3976 6385  2  3 95  0  0
 0  0      0 3891052 160960 1993356    0    0     0    16 3212 5005  2  3 95  0  0
 0  0      0 3891052 160960 1993360    0    0     0     0 1949 2680  2  2 97  0  0
procs -----------memory---------- ---swap-- -----io---- -system-- ------cpu-----
 r  b   swpd   free   buff  cache   si   so    bi    bo   in   cs us sy id wa st
 0  0      0 3891052 160960 1993372    0    0     0     8 2091 2689  3  2 94  0  0
 0  0      0 3890828 160960 1993376    0    0     0  9124 2215 2790  1  2 97  0  0
 0  0      0 3890828 160964 1993376    0    0     0   376 1636 2124  1  2 97  0  0
 0  0      0 3890828 160964 1993392    0    0     0     4 1752 2308  1  2 98  0  0
 0  0      0 3890588 160964 1993392    0    0     0    20 1624 2120  1  2 98  0  0
 0  0      0 3890448 160964 1993404    0    0     0     4 5743 8483  6  6 89  0  0
 0  0      0 3890604 160964 1993404    0    0     0    24 3441 5146  2  2 95  0  0
 0  0      0 3890528 160972 1993416    0    0     0   496 2317 2948  1  2 97  0  0
 0  0      0 3890368 160972 1993420    0    0     0     0 3445 5498  2  3 95  0  0
 0  0      0 3890368 160972 1993424    0    0     0     4 1821 2392  1  2 97  0  0
 0  0      0 3890368 160972 1993436    0    0     0    16 2120 2788  1  2 97  0  0
 0  0      0 3890540 160972 1993440    0    0     0    40 1686 2178  2  2 96  0  0
 0  0      0 3890380 160972 1993452    0    0     0    68 3264 5136  2  3 95  0  0
 0  0      0 3890380 160972 1993456    0    0     0    16 2004 2738  1  2 97  0  0
 0  0      0 3890552 160972 1993468    0    0     0     0 1794 2417  1  2 98  0  0
 1  0      0 3890388 160972 1993476    0    0     0     8 2296 3092  3  4 93  0  0
 0  0      0 3890388 160972 1993488    0    0     0    48 2501 3628  2  2 96  0  0
 0  0      0 3890388 160972 1993488    0    0     0   160 2441 3545  1  2 96  0  0
 0  0      0 3890320 160972 1993496    0    0     0     0 3647 5859  2  3 95  0  0
 0  0      0 3890408 160972 1993500    0    0     0    16 1670 2113  1  2 97  0  0
 0  0      0 3890408 160972 1993512    0    0     0     0 1631 2080  1  1 98  0  0
procs -----------memory---------- ---swap-- -----io---- -system-- ------cpu-----
 r  b   swpd   free   buff  cache   si   so    bi    bo   in   cs us sy id wa st
 0  0      0 3890156 160972 1993512    0    0     0    24 2045 2786  3  2 95  0  0
 0  0      0 3890156 160980 1993504    0    0     0    88 1504 1975  1  2 98  0  0
 0  0      0 3890156 160980 1993524    0    0     0     0 1817 2431  1  2 97  0  0
 1  0      0 3890156 160980 1993528    0    0     0     0 1616 2198  1  1 98  0  0
 0  0      0 3890156 160980 1993536    0    0     0    12 2418 3361  3  4 93  0  0
 0  0      0 3889904 160980 1993540    0    0     0    24 2839 4285  2  2 96  0  0
 0  0      0 3889824 160984 1993540    0    0     0   136 3964 6301  2  4 94  0  0
 0  0      0 3889912 160984 1993548    0    0     0     0 3101 4935  2  2 96  0  0
 0  0      0 3890164 160984 1993552    0    0     0     0 1870 2496  2  2 96  0  0
 0  0      0 3890164 160984 1993560    0    0     0     0 1558 1984  1  1 98  0  0
 0  0      0 3890164 160984 1993568    0    0     0    12 1993 2659  3  2 94  0  0
 0  0      0 3890164 160992 1993568    0    0     0    92 1810 2500  1  1 97  0  0
 0  0      0 3890164 160992 1993576    0    0     0    24 1793 2462  1  2 98  0  0
 0  0      0 3890164 160992 1993584    0    0     0     0 1814 2478  1  2 97  0  0
 0  0      0 3890164 160992 1993596    0    0     0     0 2638 3758  2  4 94  0  0
 0  0      0 3889912 160992 1993600    0    0     0     0 3080 4662  2  2 96  0  0
 0  0      0 3889688 160996 1993600    0    0     0   144 2139 2940  1  2 96  0  0
 0  0      0 3889228 160996 1993612    0    0     0    20 4160 6829  3  3 94  0  0
 1  0      0 3870004 160996 1993616    0    0     0    12 1943 2478  3  2 95  0  0
