procs -----------memory---------- ---swap-- -----io---- -system-- ------cpu-----
 r  b   swpd   free   buff  cache   si   so    bi    bo   in   cs us sy id wa st
 4  0      0 4123924 170448 1781740    0    0     2     7    4   13  1  1 98  0  0
 0  0      0 4123616 170448 1781792    0    0     0     0 6701 10930 11  8 81  0  0
 0  0      0 4123616 170448 1781796    0    0     0     0 1187 1342  0  1 98  0  0
 0  0      0 4123616 170448 1781796    0    0     0     0 1748 2279  1  1 98  0  0
 0  0      0 4125700 170448 1781800    0    0     0    72 1268 1506  0  1 99  0  0
 0  0      0 4125700 170448 1781808    0    0     0    24 1238 1395  0  1 99  0  0
 0  0      0 4125448 170448 1781812    0    0     0    24 1926 2357  1  2 97  0  0
 0  0      0 4125208 170448 1781816    0    0     0     0 1418 1679  1  1 98  0  0
 0  0      0 4125208 170448 1781820    0    0     0     0 1108 1167  0  1 99  0  0
 0  0      0 4125208 170448 1781824    0    0     0    60 1917 2580  1  1 98  0  0
 2  0      0 4125208 170448 1781832    0    0     0     8 2220 3168  1  2 96  0  0
 0  0      0 4125000 170448 1781836    0    0     0     8 2273 3008  1  2 97  0  0
 0  0      0 4124760 170448 1781840    0    0     0    28 1101 1186  1  1 99  0  0
 0  0      0 4124760 170448 1781840    0    0     0     0 1943 2677  1  1 98  0  0
 0  0      0 4124760 170448 1781844    0    0     0    36 1257 1493  0  1 99  0  0
 0  0      0 4124760 170448 1781852    0    0     0     0 1534 1951  0  1 99  0  0
 0  0      0 4124508 170448 1781856    0    0     0     8 2945 4293  2  2 96  0  0
 0  0      0 4124284 170448 1781864    0    0     0     8 1761 2168  1  2 98  0  0
 0  0      0 4124560 170448 1781868    0    0     0    96 1165 1401  0  1 99  0  0
 0  0      0 4124732 170448 1781868    0    0     0    44 1824 2501  1  1 98  0  0
 2  0      0 4125568 170448 1781876    0    0     0     0 3446 5112  7  6 87  0  0
procs -----------memory---------- ---swap-- -----io---- -system-- ------cpu-----
 r  b   swpd   free   buff  cache   si   so    bi    bo   in   cs us sy id wa st
 1  0      0 4125732 170448 1781892    0    0     0     0 6236 9999 10  8 82  0  0
 0  0      0 4123020 170448 1781900    0    0     0     8 4862 8058 10  6 84  0  0
 0  0      0 4126900 170448 1781896    0    0     0     8 3737 5758  6  4 90  0  0
 0  0      0 4126900 170448 1781900    0    0     0   116 1188 1390  0  1 99  0  0
 0  0      0 4126900 170448 1781912    0    0     0     8 1375 1718  0  1 99  0  0
 0  0      0 4126900 170448 1781916    0    0     0     0 1974 2622  1  2 97  0  0
 0  0      0 4126900 170448 1781920    0    0     0     8 1381 1584  1  1 98  0  0
 0  0      0 4126900 170448 1781924    0    0     0     0 1199 1366  1  1 99  0  0
 0  0      0 4126900 170452 1781924    0    0     0    48 2038 2818  1  2 97  0  0
 0  0      0 4126900 170452 1781932    0    0     0    28 1684 2035  2  2 97  0  0
 0  0      0 4126400 170452 1781936    0    0     0     0 3305 4927  2  2 96  0  0
 0  0      0 4126176 170452 1781940    0    0     0     4 1130 1218  0  1 98  0  0
 0  0      0 4126176 170452 1781948    0    0     0     0 1546 2029  0  1 98  0  0
 0  0      0 4126176 170452 1781948    0    0     0   108 1448 1769  1  1 98  0  0
 0  0      0 4126176 170452 1781956    0    0     0    32 1328 1537  0  1 99  0  0
 0  0      0 4126176 170452 1781960    0    0     0     4 1940 2367  1  1 98  0  0
 1  0      0 4126176 170452 1781964    0    0     0     0 1237 1343  1  1 98  0  0
 1  0      0 4131068 170452 1781980    0    0     0     8 6512 10451 14  7 79  0  0
 3  0      0 4130076 170452 1781956    0    0     0    72 5817 9168 11  7 82  0  0
 0  0      0 4130076 170452 1781968    0    0     0    32 3300 5027  5  5 90  0  0
 0  0      0 4129588 170452 1781968    0    0     0     8 2631 3808  1  2 97  0  0
procs -----------memory---------- ---swap-- -----io---- -system-- ------cpu-----
 r  b   swpd   free   buff  cache   si   so    bi    bo   in   cs us sy id wa st
 0  0      0 4129588 170452 1781972    0    0     0     4 1062 1136  0  1 99  0  0
 0  0      0 4129348 170452 1781976    0    0     0    20 1926 2606  1  1 98  0  0
 0  0      0 4129348 170452 1781980    0    0     0   136 1066 1251  0  1 99  0  0
 0  0      0 4129348 170452 1781988    0    0     0    20 1402 1725  0  1 98  0  0
 0  0      0 4129348 170452 1781992    0    0     0     0 2380 3501  2  2 96  0  0
 0  0      0 4131528 170452 1781996    0    0     0     8 1429 1709  1  1 98  0  0
 0  0      0 4131528 170452 1782000    0    0     0     8 1574 1918  1  1 98  0  0
 0  0      0 4131528 170452 1782008    0    0     0    72 1787 2471  1  1 98  0  0
 0  0      0 4131288 170452 1782016    0    0     0     0 1704 2217  1  2 97  0  0
 0  0      0 4131288 170452 1782020    0    0     0    24 2685 3995  1  2 97  0  0
 0  0      0 4131288 170452 1782020    0    0     0     0 1170 1233  0  1 99  0  0
 0  0      0 4131288 170452 1782024    0    0     0     8 1491 1829  1  1 98  0  0
 0  0      0 4131288 170452 1782028    0    0     0   132 1385 1542  1  1 98  0  0
 0  0      0 4127496 170452 1782048    0    0     0     0 6276 10369 14  8 78  0  0
 0  0      0 4127788 170452 1782052    0    0     0    24 5981 10057 11  8 80  0  0
 0  0      0 4132184 170452 1782064    0    0     0     0 3134 4754  5  4 91  0  0
 0  0      0 4132260 170452 1782060    0    0     0     0 1540 1989  0  1 99  0  0
 0  0      0 4132020 170452 1782064    0    0     0    60 1505 2032  1  1 98  0  0
 0  0      0 4132020 170452 1782072    0    0     0    20 1695 2192  1  2 97  0  0
 0  0      0 4131520 170452 1782076    0    0     0    32 3396 5235  2  3 95  0  0
 0  0      0 4131520 170452 1782080    0    0     0     0 1204 1222  0  1 99  0  0
procs -----------memory---------- ---swap-- -----io---- -system-- ------cpu-----
 r  b   swpd   free   buff  cache   si   so    bi    bo   in   cs us sy id wa st
 0  0      0 4131520 170452 1782080    0    0     0     0 2006 2641  1  2 98  0  0
 0  0      0 4131692 170452 1782084    0    0     0   112 1305 1539  1  1 98  0  0
 0  0      0 4131772 170452 1782096    0    0     0    20 1296 1505  1  1 98  0  0
 1  0      0 4131772 170452 1782100    0    0     0    28 1886 2406  1  2 98  0  0
 0  0      0 4131520 170452 1782104    0    0     0     0 1302 1538  0  1 98  0  0
 0  0      0 4131520 170452 1782104    0    0     0     0 1069 1140  0  1 99  0  0
 0  0      0 4131520 170452 1782108    0    0     0    56 1784 2504  1  1 98  0  0
 0  0      0 4131520 170452 1782116    0    0     0     0 1757 2353  1  2 97  0  0
 0  0      0 4131268 170452 1782120    0    0     0    32 2439 3549  1  2 97  0  0
 0  0      0 4125192 170452 1782140    0    0     0     4 6592 10622 13  9 77  0  0
 0  0      0 4123936 170452 1782152    0    0     0     0 6664 10867 12  8 79  0  0
 0  0      0 4124200 170456 1782148    0    0     0   112 3177 4795  4  4 92  0  0
 0  0      0 4124200 170456 1782160    0    0     0     0 1414 1750  1  1 99  0  0
 0  0      0 4123960 170456 1782164    0    0     0    40 2644 3813  2  2 97  0  0
 0  0      0 4123988 170456 1782168    0    0     0    24 2111 2746  1  2 97  0  0
 0  0      0 4123748 170456 1782172    0    0     0     4 1323 1489  1  1 98  0  0
 0  0      0 4124000 170456 1782172    0    0     0    92 1757 2291  1  1 98  0  0
 0  0      0 4124000 170456 1782180    0    0     0     0 1598 1945  1  2 97  0  0
 0  0      0 4124000 170456 1782188    0    0     0    28 2386 3400  1  2 97  0  0
 2  0      0 4124256 170456 1782192    0    0     0     0 1520 1896  1  1 98  0  0
 0  0      0 4124256 170456 1782192    0    0     0     8 1603 2028  1  1 98  0  0
procs -----------memory---------- ---swap-- -----io---- -system-- ------cpu-----
 r  b   swpd   free   buff  cache   si   so    bi    bo   in   cs us sy id wa st
 0  0      0 4124256 170456 1782196    0    0     0   140 1426 1645  1  1 98  0  0
 0  0      0 4124256 170456 1782204    0    0     0     0 1265 1405  0  1 99  0  0
 0  0      0 4124004 170456 1782208    0    0     0    20 1671 2072  1  1 98  0  0
 0  0      0 4123752 170456 1782212    0    0     0     4 1447 1794  0  1 98  0  0
 0  0      0 4123752 170456 1782212    0    0     0     0 1231 1451  1  1 99  0  0
 0  0      0 4124756 170456 1782240    0    0     0    60 7624 12794 16 11 73  0  0
 0  0      0 4122700 170456 1782252    0    0     0     8 5686 9085 11  7 82  0  0
 1  0      0 4124436 170456 1782256    0    0     0    32 4811 7817  5  5 90  0  0
 0  0      0 4124220 170456 1782260    0    0     0     8 2386 3343  2  2 95  0  0
 0  0      0 4124220 170456 1782264    0    0     0     0 1667 2212  1  1 98  0  0
 0  0      0 4124496 170456 1782268    0    0     0   100 1392 1713  1  1 98  0  0
 0  0      0 4124496 170456 1782276    0    0     0    12 1347 1603  1  1 99  0  0
 0  0      0 4124244 170456 1782280    0    0     0     4 1749 2104  1  1 98  0  0
 0  0      0 4123992 170456 1782284    0    0     0    32 1433 1769  0  2 98  0  0
 0  0      0 4123992 170456 1782288    0    0     0     0 1057 1160  0  1 99  0  0
 0  0      0 4124012 170456 1782292    0    0     0   132 1876 2516  1  1 98  0  0
 0  0      0 4124012 170456 1782300    0    0     0     0 1723 2217  1  2 97  0  0
 0  0      0 4124024 170456 1782304    0    0     0     8 2461 3567  1  1 97  0  0
 0  0      0 4124284 170456 1782304    0    0     0    24 1265 1480  1  1 98  0  0
 0  0      0 4124032 170456 1782308    0    0     0     4 1646 2211  1  1 98  0  0
 0  0      0 4124032 170456 1782312    0    0     0    48 1130 1244  0  1 98  0  0
procs -----------memory---------- ---swap-- -----io---- -system-- ------cpu-----
 r  b   swpd   free   buff  cache   si   so    bi    bo   in   cs us sy id wa st
 0  0      0 4124032 170456 1782320    0    0     0     0 1439 1704  1  1 98  0  0
 1  0      0 4120984 170456 1782332    0    0     0     8 7622 12750 15 10 75  0  0
 1  0      0 4122976 170456 1782332    0    0     0     8 5946 9504 11  8 81  0  0
 1  0      0 4125408 170456 1782348    0    0     0     4 3235 4817  5  3 92  0  0
 0  0      0 4125096 170456 1782344    0    0     0   132 3003 4418  4  2 94  0  0
 0  0      0 4125096 170456 1782352    0    0     0     0 1653 2072  1  2 97  0  0
 0  0      0 4125096 170456 1782356    0    0     0     8 2493 3530  1  2 97  0  0
 2  0      0 4125348 170456 1782360    0    0     0     0 1511 1768  1  1 98  0  0
 0  0      0 4125348 170456 1782364    0    0     0     8 1434 1804  1  1 98  0  0
 0  0      0 4125348 170456 1782372    0    0     0    60 1166 1340  0  1 99  0  0
 0  0      0 4125348 170456 1782380    0    0     0     0 1261 1486  1  1 99  0  0
 0  0      0 4125348 170456 1782380    0    0     0     0 1437 1703  1  1 98  0  0
 0  0      0 4124864 170456 1782384    0    0     0     0 1555 1842  0  1 98  0  0
 0  0      0 4124864 170456 1782388    0    0     0     0 1375 1579  0  1 99  0  0
 0  0      0 4124864 170456 1782392    0    0     0    56 1977 2639  2  1 97  0  0
 0  0      0 4124864 170456 1782396    0    0     0     4 1622 1991  1  2 97  0  0
 0  0      0 4124864 170456 1782400    0    0     0     0 3207 4958  1  2 97  0  0
 1  0      0 4124612 170456 1782408    0    0     0     0 1620 1978  1  1 98  0  0
 6  0      0 4122832 170456 1782420    0    0     0     0 5152 7983 10  6 84  0  0
 1  0      0 4121592 170456 1782428    0    0     0    48 5317 8736 11  8 82  0  0
 1  0      0 4120848 170456 1782444    0    0     0    20 3703 5833  5  4 92  0  0
procs -----------memory---------- ---swap-- -----io---- -system-- ------cpu-----
 r  b   swpd   free   buff  cache   si   so    bi    bo   in   cs us sy id wa st
 0  0      0 4124460 170456 1782440    0    0     0     4 3405 5198  5  4 91  0  0
 0  0      0 4126728 170456 1782444    0    0     0     0 1503 1820  1  1 98  0  0
 0  0      0 4126728 170456 1782448    0    0     0    12 1132 1346  0  1 99  0  0
 0  0      0 4126504 170456 1782456    0    0     0   120 1930 2638  2  2 97  0  0
 0  0      0 4126504 170456 1782464    0    0     0     8 1784 2337  1  2 97  0  0
 0  0      0 4126016 170456 1782468    0    0     0     8 2300 3451  1  2 97  0  0
 0  0      0 4125764 170456 1782468    0    0     0   128 1565 1935  1  2 98  0  0
 0  0      0 4125524 170456 1782472    0    0     0     0 1598 2075  1  1 97  0  0
 0  0      0 4125524 170460 1782480    0    0     0    52 1163 1413  0  1 98  0  0
 0  0      0 4125524 170468 1782480    0    0     0   100 1408 1801  1  1 98  0  0
 3  0      0 4125524 170468 1782492    0    0     0     4 2412 3484  1  2 97  0  0
 4  0      0 4115816 170468 1782496    0    0     0     8 5016 7602 10  7 83  0  0
 1  0      0 4111024 170468 1782512    0    0     0     8 5379 8853 10  6 84  0  0
 0  0      0 4123508 170468 1782524    0    0     0    48 4657 7472  8  4 88  0  0
 1  1      0 4126188 170468 1782524    0    0     0   100 4723 7314  7  7 86  0  0
 2  1      0 4123128 170484 1783844    0    0     0  1500 10610 17981 10 13 74  4  0
 1  0      0 4000200 170488 1784616    0    0     0    28 3238 4036 15  3 81  0  0
 1  0      0 3916860 170488 1784764    0    0     0     8 1951 1837 15  3 82  0  0
 1  0      0 3906792 170488 1784992    0    0     0     4 1750 1480 16  2 82  0  0
 3  0      0 3886396 170488 1785284    0    0     0   464 2272 2247 16  2 82  0  0
 1  1      0 3871820 170492 1785400    0    0     0   124 2020 1971 16  2 82  0  0
procs -----------memory---------- ---swap-- -----io---- -system-- ------cpu-----
 r  b   swpd   free   buff  cache   si   so    bi    bo   in   cs us sy id wa st
 1  0      0 3862496 170496 1785572    0    0     0    12 2102 2044 16  2 82  0  0
 1  0      0 3849392 170496 1785692    0    0     0     0 2025 1913 17  2 82  0  0
 1  0      0 3842856 170496 1785840    0    0     0    12 2715 3164 17  2 82  0  0
 3  0      0 3828744 170496 1785956    0    0     0     4 3056 3819 17  3 80  0  0
 2  0      0 3820576 170496 1786108    0    0     0    32 6964 11585 29  9 62  0  0
 1  0      0 3807784 170496 1786208    0    0     0   332 5670 9250 27  7 66  0  0
 3  0      0 3804600 170496 1786348    0    0     0    68 3766 5490 22  4 74  0  0
 2  0      0 3766652 170496 1786616    0    0     0   924 6769 10889 22  7 68  3  0
 2  0      0 3756704 170496 1788924    0    0     0   612 5679 8442 28  9 63  0  0
 2  0      0 3572540 170496 1789120    0    0     0     4 2637 2825 31  4 65  0  0
 2  0      0 3095596 170496 1803028    0    0     0     8 8134 8303 26  9 64  1  0
 1  0      0 2997928 170496 1806668    0    0     0     0 3729 3577 26  3 70  1  0
 2  0      0 2963656 170496 1810172    0    0     0   464 4333 4723 26  4 70  0  0
 1  0      0 2931088 170496 1813904    0    0     0   228 3994 4202 27  4 68  1  0
 3  0      0 2911284 170496 1817492    0    0     0    12 3663 3747 26  4 71  0  0
 2  0      0 2884844 170496 1820620    0    0     0     4 4670 5868 27  4 69  0  0
 2  0      0 2861852 170496 1824316    0    0     0   172 3915 4308 27  3 70  0  0
 5  0      0 2834308 170496 1827416    0    0     0     0 2970 2812 26  3 71  0  0
 6  0      0 2813436 170496 1831404    0    0     0   168 6964 11455 37 11 51  1  0
 3  0      0 2770552 170496 1834292    0    0     0    28 6325 11050 38  9 53  0  0
 3  0      0 2767288 170496 1834436    0    0     0     8 2589 2894 34  3 63  0  0
procs -----------memory---------- ---swap-- -----io---- -system-- ------cpu-----
 r  b   swpd   free   buff  cache   si   so    bi    bo   in   cs us sy id wa st
 1  0      0 3720236 170496 1834548    0    0     0     8 3589 4886 30 10 60  0  0
 1  0      0 3715464 170496 1834668    0    0     0   240 2317 3114 17  2 81  0  0
 1  0      0 3706908 170500 1834752    0    0     0   172 2136 2648 17  3 79  0  0
 1  0      0 3212176 170500 1848532    0    0     0     0 7842 8445  9  9 81  2  0
 1  0      0 3051620 170500 1852668    0    0     0     4 3714 4633 14  4 82  0  0
 0  0      0 3035824 170500 1859920    0    0     0     8 2698 2903 13  2 85  0  0
 1  0      0 2979024 170500 1865104    0    0     0    12 3749 4503 12  3 85  0  0
 0  0      0 2959016 170500 1869652    0    0     0 13560 3625 4314 13  2 83  2  0
 1  0      0 2925052 170500 1873556    0    0     0     0 2684 2867 11  3 86  0  0
 1  0      0 2884840 170500 1876268    0    0     0 12908 2424 2789 15  3 82  0  0
 1  0      0 2828616 170500 1883400    0    0     0     0 2791 3008 13  2 84  0  0
 1  0      0 2760724 170500 1890044    0    0     0    20 2992 3200 13  2 84  0  0
 0  0      0 2644076 170500 1895452    0    0     0   224 4325 5483 13  4 83  0  0
 1  0      0 2500048 170500 1900944    0    0     0     0 2911 3386 14  3 83  0  0
 1  0      0 2400712 170500 1911368    0    0     0     0 3330 4331 15  3 83  0  0
 1  0      0 2279292 170500 1922136    0    0     0     0 2975 3178 14  3 83  0  0
 1  0      0 2129664 170500 1928220    0    0     0     0 2568 2819 14  3 83  0  0
 1  0      0 1989744 170504 1935252    0    0     0    80 2806 3064 13  2 84  0  0
 1  0      0 1886360 170504 1944732    0    0     0     4 3369 3614 15  2 83  0  0
 1  0      0 1796912 170504 1956616    0    0     0     0 3273 3479 15  3 81  0  0
 1  0      0 1677232 170504 1964600    0    0     0     0 2869 2621 14  3 83  0  0
procs -----------memory---------- ---swap-- -----io---- -system-- ------cpu-----
 r  b   swpd   free   buff  cache   si   so    bi    bo   in   cs us sy id wa st
 1  0      0 1620296 170504 1976572    0    0     0     0 3560 3834 14  3 82  0  0
 1  0      0 1505824 170504 1982840    0    0     0    60 3689 4355 15  4 81  0  0
 1  0      0 1372256 170504 1990652    0    0     0     8 2781 2878 14  3 83  0  0
 1  0      0 1168900 170504 1996672    0    0     0     4 4194 5387 15  3 81  1  0
 0  0      0 1098540 170504 2003436    0    0     0     0 3050 3513 14  3 83  0  0
 1  1      0 1002068 170504 2010856    0    0     0     0 2585 2566 14  3 83  0  0
 3  0      0 807004 170504 2017672    0    0     0   208 3640 4505 14  3 82  1  0
 1  0      0 854700 170504 2025224    0    0     0     8 3428 3897 14  3 83  0  0
 1  0      0 822436 170504 2029560    0    0     0     8 2951 3177 14  3 83  0  0
 1  0      0 820648 170504 2033624    0    0     0     4 2139 2240 14  2 84  0  0
 0  0      0 791140 170504 2038248    0    0     0     0 3705 4630 13  3 84  0  0
 1  0      0 720840 170504 2043988    0    0     0    72 2947 3151 14  3 82  1  0
 0  0      0 615852 170504 2054564    0    0     0     4 3772 4294 13  2 84  1  0
 0  0      0 440628 170504 2065232    0    0     0     0 4856 6281 14  3 82  1  0
 1  0      0 2792384 170504 2067088    0    0     0     8 1938 1930 16  2 82  0  0
 1  0      0 2892588 170504 2067096    0    0     0     4 1660 1304 17  1 82  0  0
 0  0      0 3819784 170504 2067100    0    0     0     0 2716 3371  5  6 90  0  0
 0  0      0 3815200 170504 2067104    0    0     0  2332 1399 1625  0  1 98  0  0
 0  0      0 3814948 170504 2067108    0    0     0     8 1516 1883  1  1 98  0  0
