2026-07-14 19:46:15.927 procs -----------memory---------- ---swap-- -----io---- -system-- ------cpu-----
2026-07-14 19:46:15.931 r  b   swpd   free   buff  cache   si   so    bi    bo   in   cs us sy id wa st
2026-07-14 19:46:15.934 1  0      0 3817952  64648 2013852    0    0     6    33    6    8  2  9 89  0  0
2026-07-14 19:46:16.928 3  0      0 3815432  64656 2013948    0    0     0   836 23345 39964  5 17 78  0  0
2026-07-14 19:46:17.928 0  0      0 3815180  64656 2014080    0    0     0   608 24469 40204  2 16 83  0  0
2026-07-14 19:46:18.928 1  0      0 3814688  64656 2014152    0    0     0     0 23694 39851  2 16 82  0  0
2026-07-14 19:46:19.929 1  0      0 3814688  64656 2014232    0    0     0     0 22990 38839  2 14 84  0  0
2026-07-14 19:46:20.930 0  0      0 3812396  64656 2014336    0    0     0     0 23855 39504  2 15 83  0  0
2026-07-14 19:46:21.930 1  0      0 3811896  64664 2014408    0    0     0   648 23516 39885  2 15 83  0  0
2026-07-14 19:46:22.931 0  0      0 3811896  64664 2014500    0    0     0   712 24972 41388  3 16 81  0  0
2026-07-14 19:46:23.931 3  0      0 3811644  64664 2014572    0    0     0    64 23462 39918  2 16 82  0  0
2026-07-14 19:46:24.931 2  0      0 3811420  64664 2014636    0    0     0     0 23074 39296  3 15 82  0  0
2026-07-14 19:46:25.930 2  0      0 3813632  64664 2014708    0    0     0     0 22840 38825  1 15 84  0  0
2026-07-14 19:46:26.933 0  0      0 3813632  64672 2014796    0    0     0   472 23331 39515  2 15 82  0  0
2026-07-14 19:46:27.931 2  0      0 3820184  64672 2014900    0    0     0  1400 25317 41994  2 16 81  1  0
2026-07-14 19:46:28.934 3  0      0 3820184  64672 2014960    0    0     0   740 24437 40667  3 16 81  0  0
2026-07-14 19:46:29.933 1  0      0 3819736  64672 2015036    0    0     0     0 23137 38850  2 15 84  0  0
2026-07-14 19:46:30.934 0  0      0 3819736  64672 2015104    0    0     0     0 23547 39316  2 16 82  0  0
2026-07-14 19:46:31.934 1  0      0 3819496  64680 2015168    0    0     0   600 22923 38528  1 14 84  1  0
2026-07-14 19:46:32.934 0  0      0 3819256  64680 2015296    0    0     0   104 23967 40542  2 15 83  0  0
2026-07-14 19:46:33.935 0  0      0 3818752  64680 2015376    0    0     0   732 24720 40790  3 16 81  0  0
2026-07-14 19:46:34.934 3  0      0 3818752  64680 2015460    0    0     0    36 23221 38876  2 15 84  0  0
2026-07-14 19:46:35.936 0  0      0 3818752  64680 2015536    0    0     0     0 22960 39134  2 15 84  0  0
2026-07-14 19:46:36.936 procs -----------memory---------- ---swap-- -----io---- -system-- ------cpu-----
2026-07-14 19:46:36.939 r  b   swpd   free   buff  cache   si   so    bi    bo   in   cs us sy id wa st
2026-07-14 19:46:36.942 3  0      0 3818752  64680 2015604    0    0     0   472 23676 40242  2 15 82  1  0
2026-07-14 19:46:37.937 0  0      0 3818752  64680 2015676    0    0     0    96 22940 38988  2 14 84  0  0
2026-07-14 19:46:38.938 2  0      0 3825060  64680 2007716    0    0     0   196 23907 40047  3 17 80  0  0
2026-07-14 19:46:39.939 1  0      0 3824836  64680 2007680    0    0     0   608 23496 39388  2 14 84  0  0
2026-07-14 19:46:40.938 0  0      0 3824836  64680 2007748    0    0     0     0 23661 39771  2 15 84  0  0
2026-07-14 19:46:41.939 1  0      0 3824836  64684 2007856    0    0     0   524 22950 38790  2 16 82  0  0
2026-07-14 19:46:42.939 1  0      0 3824836  64684 2007940    0    0     0  1676 25166 41378  4 17 80  0  0
2026-07-14 19:46:43.940 1  0      0 3824584  64684 2008008    0    0     0   188 23994 40473  3 14 83  0  0
2026-07-14 19:46:44.940 0  0      0 3824584  64684 2008136    0    0     0   772 23674 40062  1 16 83  0  0
2026-07-14 19:46:45.942 2  0      0 3824584  64684 2008208    0    0     0    12 23589 39595  2 15 83  0  0
2026-07-14 19:46:46.942 2  0      0 3824584  64692 2008292    0    0     0   808 23756 39667  2 15 83  0  0
2026-07-14 19:46:47.942 0  0      0 3824584  64692 2008368    0    0     0     0 23314 38801  2 15 83  0  0
2026-07-14 19:46:48.942 2  0      0 3824584  64692 2008424    0    0     0     0 23206 39381  3 15 82  0  0
2026-07-14 19:46:49.943 0  0      0 3824360  64692 2008508    0    0     0   272 24103 39989  2 14 84  0  0
2026-07-14 19:46:50.943 0  0      0 3824360  64692 2008584    0    0     0   476 24042 39804  2 17 82  0  0
2026-07-14 19:46:51.942 0  0      0 3824112  64700 2008696    0    0     0   452 24071 40154  2 13 85  1  0
2026-07-14 19:46:52.944 1  0      0 3823112  64716 2008784    0    0     0   340 25694 43242  5 19 75  0  0
2026-07-14 19:46:53.944 4  0      0 3798240  64740 2009484    0    0     0  1172 27437 48213 10 25 63  2  0
2026-07-14 19:46:54.943 5  0      0 3773816  64756 2010688    0    0     0   816 20167 37383 19 16 64  1  0
2026-07-14 19:46:55.945 1  0      0 3629488  64756 2010796    0    0     0   748 23742 39595 17 16 66  0  0
2026-07-14 19:46:56.946 3  0      0 3616148  64756 2011060    0    0     0  1080 23281 39366 18 16 66  0  0
2026-07-14 19:46:57.946 procs -----------memory---------- ---swap-- -----io---- -system-- ------cpu-----
2026-07-14 19:46:57.948 r  b   swpd   free   buff  cache   si   so    bi    bo   in   cs us sy id wa st
2026-07-14 19:46:57.951 3  0      0 3602804  64756 2011480    0    0     0     0 23252 39166 18 15 68  0  0
2026-07-14 19:46:58.947 4  0      0 3582152  64756 2011692    0    0     0     4 23298 39803 18 17 65  0  0
2026-07-14 19:46:59.947 1  0      0 3559712  64760 2011856    0    0     0   612 22787 39034 15 15 69  1  0
2026-07-14 19:47:00.946 1  0      0 3129152  64760 2026224    0    0     0   196 28276 44064 10 21 67  2  0
2026-07-14 19:47:01.949 3  0      0 3109636  64760 2029716    0    0     0   576 24229 40571 11 17 71  2  0
2026-07-14 19:47:02.949 2  0      0 3097064  64760 2033120    0    0     0     0 25103 42070 11 16 71  2  0
2026-07-14 19:47:03.949 1  0      0 3086224  64760 2036896    0    0     0    32 23492 40252 11 15 72  2  0
2026-07-14 19:47:04.949 3  1      0 3077700  64768 2039768    0    0     0   560 23123 39432 10 17 71  2  0
2026-07-14 19:47:05.950 0  0      0 3069244  64768 2042164    0    0     0    32 22816 38808 12 17 70  1  0
2026-07-14 19:47:06.950 0  0      0 3051980  64768 2045500    0    0     0   740 25102 41433 10 18 70  2  0
2026-07-14 19:47:07.951 5  0      0 3040500  64768 2048380    0    0     0    56 24349 40184  9 16 73  2  0
2026-07-14 19:47:08.951 5  0      0 3033444  64768 2050100    0    0     0     8 23024 39250 14 16 69  1  0
2026-07-14 19:47:09.950 1  0      0 3021000  64776 2053616    0    0     0   548 24015 39735 10 17 67  5  0
2026-07-14 19:47:10.952 3  0      0 3011512  64776 2056868    0    0     0     0 23934 39818 12 17 69  1  0
2026-07-14 19:47:11.953 3  0      0 3759564  64776 2057180    0    0     0   180 22766 38839 12 19 69  0  0
2026-07-14 19:47:12.954 2  0      0 3759572  64776 2057244    0    0     0   580 24411 41239  2 15 83  0  0
2026-07-14 19:47:13.953 2  0      0 3759076  64776 2057308    0    0     0   900 23823 40671  2 16 82  0  0
2026-07-14 19:47:14.954 3  0      0 3759184  64784 2057388    0    0     0  2252 23870 40120  2 15 81  1  0
2026-07-14 19:47:15.954 2  0      0 3759184  64784 2057496    0    0     0     0 23173 38944  2 15 83  0  0
2026-07-14 19:47:16.955 0  0      0 3758944  64784 2057580    0    0     0    20 23765 39834  2 15 84  0  0
2026-07-14 19:47:17.955 4  0      0 3758696  64784 2057660    0    0     0   720 24212 40256  2 15 83  0  0
2026-07-14 19:47:18.955 procs -----------memory---------- ---swap-- -----io---- -system-- ------cpu-----
2026-07-14 19:47:18.958 r  b   swpd   free   buff  cache   si   so    bi    bo   in   cs us sy id wa st
2026-07-14 19:47:18.961 2  0      0 3758696  64784 2057756    0    0     0    72 23664 40081  3 17 80  0  0
2026-07-14 19:47:19.955 0  0      0 3758696  64788 2057840    0    0     0   632 23302 39356  2 15 82  0  0
2026-07-14 19:47:20.955 1  0      0 3758696  64788 2057912    0    0     0     4 22926 39119  2 15 83  0  0
2026-07-14 19:47:21.957 0  0      0 3758696  64788 2058012    0    0     0     0 24258 40315  2 16 82  0  0
2026-07-14 19:47:22.957 0  0      0 3758696  64788 2058108    0    0     0   224 23884 40511  3 16 82  0  0
2026-07-14 19:47:23.958 9  0      0 3758364  64788 2058188    0    0     0   560 24183 40642  3 16 81  0  0
2026-07-14 19:47:24.958 1  0      0 3758448  64796 2058256    0    0     0   492 23527 39335  2 17 81  1  0
2026-07-14 19:47:25.959 0  0      0 3758224  64796 2058300    0    0     0    28 23231 39143  3 14 83  0  0
2026-07-14 19:47:26.959 0  0      0 3758224  64796 2058392    0    0     0     0 23331 39581  2 13 85  0  0
2026-07-14 19:47:27.960 0  0      0 3758224  64796 2058500    0    0     0    44 23584 39770  2 14 83  0  0
2026-07-14 19:47:28.960 2  0      0 3758428  64796 2058604    0    0     0   700 23940 40409  3 17 80  0  0
2026-07-14 19:47:29.961 0  0      0 3758504  64800 2058672    0    0     0  1348 23826 39751  2 15 83  1  0
2026-07-14 19:47:30.961 2  0      0 3758504  64800 2058776    0    0     0     8 23190 39131  2 14 84  0  0
2026-07-14 19:47:31.961 0  0      0 3758504  64800 2058860    0    0     0     4 23140 38740  2 16 82  0  0
2026-07-14 19:47:32.961 0  0      0 3758504  64800 2058932    0    0     0     0 23562 40394  2 15 82  0  0
2026-07-14 19:47:33.962 1  0      0 3758508  64800 2059016    0    0     0   608 23261 39659  2 16 82  0  0
2026-07-14 19:47:34.963 1  0      0 3758508  64804 2059096    0    0     0   932 23706 39913  2 15 83  1  0
2026-07-14 19:47:35.963 0  0      0 3758508  64804 2059184    0    0     0     8 23590 39319  2 12 86  0  0
2026-07-14 19:47:36.964 0  0      0 3758508  64804 2059268    0    0     0    12 23814 40169  3 14 83  0  0
2026-07-14 19:47:37.964 2  0      0 3758320  64804 2059332    0    0     0     0 23103 39090  1 16 83  0  0
2026-07-14 19:47:38.965 1  0      0 3758320  64804 2059424    0    0     0   144 23080 39437  3 16 81  0  0
2026-07-14 19:47:39.964 procs -----------memory---------- ---swap-- -----io---- -system-- ------cpu-----
2026-07-14 19:47:39.967 r  b   swpd   free   buff  cache   si   so    bi    bo   in   cs us sy id wa st
2026-07-14 19:47:39.970 2  0      0 3758320  64812 2059496    0    0     0  1044 23801 39739  2 15 83  0  0
2026-07-14 19:47:40.964 1  0      0 3758320  64812 2059592    0    0     0    32 22951 39074  2 14 84  0  0
2026-07-14 19:47:41.966 1  0      0 3758068  64812 2059664    0    0     0     8 23932 40012  3 15 82  0  0
2026-07-14 19:47:42.966 0  0      0 3758068  64812 2059756    0    0     0     4 23819 40316  2 15 82  0  0
