procs -----------memory---------- ---swap-- -----io---- -system-- ------cpu-----
 r  b   swpd   free   buff  cache   si   so    bi    bo   in   cs us sy id wa st
 3  0      0 1107372 147476 5286308    0    0     8    19    1   36  2  5 93  0  0
 0  0      0 1108164 147476 5286404    0    0     8     0 17252 30503 12 15 72  0  0
 0  0      0 1107916 147476 5286464    0    0     0     8 13956 23412  1  6 93  0  0
 2  0      0 1107916 147476 5286520    0    0     0    92 14365 23499  1  8 91  0  0
 0  0      0 1107664 147476 5286584    0    0     0   516 14631 24110  1  8 90  1  0
 0  0      0 1107664 147476 5286648    0    0     0    32 15079 24588  2  7 91  0  0
 0  0      0 1107664 147476 5286692    0    0     0  1288 14457 23595  1  8 91  0  0
 1  0      0 1107664 147476 5286756    0    0     0     0 14463 23699  0  8 92  0  0
 0  0      0 1107664 147476 5286828    0    0     0    60 14757 23911  2  8 90  0  0
 1  0      0 1107664 147476 5286880    0    0     0   532 14791 24333  1  8 90  0  0
 2  0      0 1107664 147476 5286956    0    0     0    12 14414 23807  1  8 91  0  0
 0  0      0 1107664 147476 5287016    0    0     0    16 14587 23567  1  8 91  0  0
 0  0      0 1107424 147476 5287080    0    0     0   112 14600 24296  3  8 88  0  0
 0  0      0 1107176 147476 5287132    0    0     0    48 14472 23756  1  8 91  0  0
 1  0      0 1106924 147476 5287184    0    0     0   748 15352 24624  1  8 90  0  0
 1  0      0 1106672 147476 5287244    0    0     0    24 15836 26275  2  9 89  0  0
 6  0      0 1102192 147476 5287316    0    0     0     0 16118 27520 11 14 76  0  0
 1  0      0 1102288 147476 5287400    0    0     0    32 16081 27590  9 14 76  0  0
 0  0      0 1103064 147476 5287460    0    0     0   336 15863 26681  7 11 82  0  0
 0  0      0 1103328 147476 5287508    0    0     0    72 16432 27307  7 12 81  0  0
 0  0      0 1103080 147476 5287592    0    0     0    56 15290 24358  2  8 90  0  0
procs -----------memory---------- ---swap-- -----io---- -system-- ------cpu-----
 r  b   swpd   free   buff  cache   si   so    bi    bo   in   cs us sy id wa st
 2  0      0 1103080 147476 5287648    0    0     0    20 14462 23460  1  7 92  0  0
 1  0      0 1103080 147476 5287688    0    0     0    12 13891 22829  1  7 92  0  0
 0  0      0 1103080 147476 5287744    0    0     0   228 14573 23723  1  7 92  0  0
 3  0      0 1103080 147476 5287808    0    0     0   308 15009 24238  1  9 90  1  0
 0  0      0 1103080 147476 5287884    0    0     0    72 15320 25285  2  9 90  0  0
 0  0      0 1103080 147476 5287952    0    0     0    44 14544 24041  1  8 91  0  0
 0  0      0 1103080 147476 5288004    0    0     0    16 14269 23379  1  8 90  0  0
 1  0      0 1103080 147476 5288064    0    0     0   260 14234 23538  1  8 91  0  0
 2  0      0 1103080 147476 5288132    0    0     0    64 14413 23670  1  9 90  0  0
 0  0      0 1103080 147476 5288164    0    0     0   120 15361 24985  2  8 90  0  0
 0  0      0 1103080 147476 5288220    0    0     0   308 14496 23618  1  7 91  0  0
 0  0      0 1103080 147476 5288292    0    0     0    16 14539 23657  1  7 91  0  0
 2  0      0 1103080 147480 5288352    0    0     0   244 14492 23807  1  9 90  0  0
 0  0      0 1103080 147480 5288424    0    0     0   232 14638 23255  1  7 92  0  0
 0  0      0 1103080 147480 5288480    0    0     0    60 15131 25125  1 10 89  0  0
 2  0      0 1084376 147480 5288552    0    0     0   172 16658 28440 11 12 77  0  0
 3  0      0 1100844 147480 5288612    0    0     0   952 17328 30406 11 14 74  0  0
 0  0      0 1096100 147480 5288676    0    0     0   452 16262 28001  8 13 78  1  0
 0  0      0 1098660 147480 5288728    0    0     0    20 15439 25593  5 11 84  0  0
 1  0      0 1101012 147480 5288796    0    0     0    28 14273 23745  2  7 91  0  0
 0  0      0 1101012 147480 5288872    0    0     0    92 14827 24148  1  7 91  0  0
procs -----------memory---------- ---swap-- -----io---- -system-- ------cpu-----
 r  b   swpd   free   buff  cache   si   so    bi    bo   in   cs us sy id wa st
 0  0      0 1101012 147480 5288932    0    0     0   256 14240 23277  1  8 91  0  0
 1  0      0 1100764 147484 5288984    0    0     0   324 14461 23474  1  8 92  0  0
 0  0      0 1100764 147484 5289056    0    0     0   440 14215 23134  1  8 91  0  0
 0  0      0 1100264 147484 5289108    0    0     0    24 15484 25786  2  8 90  0  0
 0  0      0 1100516 147484 5289164    0    0     0   104 14641 24346  2  8 91  0  0
 0  0      0 1100516 147484 5289216    0    0     0   160 14032 23056  1  7 92  0  0
 0  0      0 1100516 147484 5289280    0    0     0   296 14777 23974  2  9 89  1  0
 2  0      0 1100516 147484 5289348    0    0     0    20 14391 23570  1  8 91  0  0
 0  0      0 1100516 147484 5289416    0    0     0     8 14895 24540  1  8 91  0  0
 0  0      0 1100768 147484 5289472    0    0     0    20 14287 23563  1  7 92  0  0
 1  0      0 1100768 147484 5289540    0    0     0   140 14145 23173  1  8 91  0  0
 2  0      0 1097488 147484 5289592    0    0     0   384 14492 23405  3  8 89  0  0
 0  0      0 1097216 147484 5289668    0    0     0   252 17583 30932 13 17 70  0  0
 1  0      0 1104632 147484 5289704    0    0     0    12 17091 29740 10 15 75  0  0
 1  0      0 1106484 147484 5289776    0    0     0    24 15657 26612  6 12 82  0  0
 0  0      0 1106484 147484 5289840    0    0     0   160 13865 23240  1  8 91  0  0
 0  0      0 1106484 147484 5289908    0    0     0   316 14032 23169  2  8 91  0  0
 0  0      0 1106484 147484 5289968    0    0     0   104 14295 23522  1  6 92  0  0
 1  0      0 1106484 147484 5290024    0    0     0    28 15601 26094  2  8 90  0  0
 0  0      0 1106484 147484 5290092    0    0     0     8 14124 23437  1  7 92  0  0
 0  0      0 1106484 147484 5290148    0    0     0   120 14099 23241  1  8 91  0  0
procs -----------memory---------- ---swap-- -----io---- -system-- ------cpu-----
 r  b   swpd   free   buff  cache   si   so    bi    bo   in   cs us sy id wa st
 0  0      0 1106484 147484 5290192    0    0     0   372 14184 23431  1 10 89  0  0
 0  0      0 1106484 147484 5290252    0    0     0   268 14582 23644  1  8 92  0  0
 1  0      0 1106484 147484 5290332    0    0     0   112 15045 24950  2  8 90  0  0
 0  0      0 1106484 147484 5290400    0    0     0    24 14686 24070  1  8 91  0  0
 1  0      0 1106484 147484 5290456    0    0     0    92 14547 23685  1  8 91  0  0
 0  0      0 1106484 147484 5290512    0    0     0  1104 14830 23863  2  9 89  0  0
 1  0      0 1106484 147484 5290564    0    0     0   240 14535 23469  1  7 92  0  0
 3  0      0 1100908 147484 5290624    0    0     0    44 14560 24288  3  8 89  0  0
 2  0      0 1097608 147484 5290688    0    0     0    96 17760 30562 12 16 71  0  0
 0  0      0 1101632 147484 5290760    0    0     0    80 16929 28966 10 14 76  0  0
 0  0      0 1101384 147484 5290824    0    0     0   320 15350 25644  4 11 85  0  0
 1  0      0 1101384 147484 5290888    0    0     0   508 14073 23125  1  8 91  0  0
 1  0      0 1101384 147484 5290964    0    0     0    20 15872 26337  2 10 88  0  0
 0  0      0 1101136 147484 5291020    0    0     0    32 14246 23639  1  8 91  0  0
 0  0      0 1101136 147484 5291076    0    0     0   172 14406 23742  1  7 92  0  0
 0  0      0 1101136 147484 5291140    0    0     0   340 14367 23557  2  8 90  0  0
 0  0      0 1101136 147484 5291176    0    0     0    52 14696 23801  1  7 92  0  0
 0  0      0 1101136 147484 5291260    0    0     0    56 14692 24194  1  8 91  0  0
 1  0      0 1101136 147484 5291316    0    0     0    20 14491 23726  2  7 92  0  0
 1  0      0 1101136 147484 5291388    0    0     0    88 14767 23783  1  8 91  0  0
 0  0      0 1101136 147488 5291452    0    0     0   328 14178 23241  1  8 91  0  0
procs -----------memory---------- ---swap-- -----io---- -system-- ------cpu-----
 r  b   swpd   free   buff  cache   si   so    bi    bo   in   cs us sy id wa st
 0  0      0 1101136 147488 5291500    0    0     0   348 14927 23880  1  8 91  1  0
 0  0      0 1101136 147488 5291576    0    0     0    56 15620 25732  1  9 90  0  0
 1  0      0 1101136 147488 5291640    0    0     0    44 14922 24110  1  7 92  0  0
 2  0      0 1100912 147488 5291672    0    0     0    12 14187 23140  3  8 90  0  0
 0  0      0 1097516 147488 5291768    0    0     0   340 17216 29827 13 16 71  0  0
 0  0      0 1098144 147488 5291824    0    0     0    68 16717 28971 11 14 74  0  0
 0  0      0 1099680 147488 5291892    0    0     0    40 16559 28067  6 10 84  0  0
 1  0      0 1099680 147488 5291948    0    0     0    72 15150 24251  1  9 90  0  0
 1  0      0 1099680 147488 5292008    0    0     0    20 14418 23579  1  8 92  0  0
 0  5      0 1099680 147492 5292064    0    0     0   496 14348 23755  1  8 90  0  0
 1  0      0 1099680 147492 5292120    0    0     0   236 14436 23415  1  8 91  0  0
 3  0      0 1099680 147492 5292176    0    0     0    76 14593 24324  2  9 90  0  0
 0  0      0 1099376 147492 5292248    0    0     0    60 14554 23904  2  9 90  0  0
 3  0      0 1099376 147492 5292304    0    0     0    48 15030 24265  2  8 91  0  0
 0  0      0 1099376 147492 5292372    0    0     0   384 14638 23746  1  9 90  0  0
 0  0      0 1099376 147492 5292444    0    0     0   568 14403 23772  1  8 91  0  0
 0  0      0 1099376 147492 5292500    0    0     0   380 14917 24445  2  7 92  0  0
 0  0      0 1099376 147492 5292568    0    0     0    80 14208 23393  1  9 90  0  0
 1  0      0 1099376 147492 5292616    0    0     0    48 14406 23342  1  8 90  0  0
 0  1      0 1099376 147492 5292668    0    0     0   568 14207 23291  1  7 92  0  0
 0  0      0 1098872 147496 5292732    0    0     0   396 14608 23827  2  7 90  1  0
procs -----------memory---------- ---swap-- -----io---- -system-- ------cpu-----
 r  b   swpd   free   buff  cache   si   so    bi    bo   in   cs us sy id wa st
 2  0      0 1101564 147496 5292816    0    0     0    56 18215 32749 15 18 67  0  0
 1  0      0 1104664 147496 5292896    0    0     0    72 16292 28157 10 14 76  0  0
 1  0      0 1104664 147496 5292956    0    0     0    52 16048 26404  6 10 83  0  0
 1  3      0 1104664 147496 5293012    0    0     0   344 14620 23741  1  8 90  0  0
 0  0      0 1104664 147496 5293084    0    0     0    96 14544 23711  1  7 92  0  0
 0  0      0 1104416 147496 5293144    0    0     0    16 14847 24178  1  8 91  0  0
 0  0      0 1104416 147496 5293192    0    0     0   112 14377 23650  1  8 92  0  0
 1  0      0 1104416 147496 5293252    0    0     0    44 14313 23285  1  7 92  0  0
 1  2      0 1104416 147496 5293320    0    0     0   344 14626 23569  1  7 92  0  0
 0  0      0 1104416 147496 5293384    0    0     0   316 14058 23307  1  8 90  1  0
 0  0      0 1104416 147496 5293460    0    0     0     8 15179 25225  2  8 90  0  0
 0  0      0 1104192 147496 5293504    0    0     0   272 15051 24135  1 10 89  0  0
 1  0      0 1074588 147496 5293644    0    0     0  1260 19876 33852  7 15 76  2  0
 1  0      0 1080528 147500 5295592    0    0   112   876 16426 28567 10 15 74  1  0
 1  0      0 958568 147500 5296212    0    0   284    92 11515 20473 15  8 76  0  0
 1  0      0 901448 147500 5296348    0    0     0    16 14355 24287 17  9 74  0  0
 1  0      0 889412 147500 5296644    0    0     0    56 15799 26936 25 13 62  0  0
 3  0      0 848720 147500 5305192    0    0     0   660 16191 28286 26 14 61  0  0
 1  0      0 844344 147500 5305280    0    0     0   364 14832 25783 20 11 69  0  0
 2  0      0 753264 147500 5317368    0    0     0   180 18036 28871 16 13 69  2  0
 1  0      0 732352 147500 5317580    0    0     0    16 12086 21804 17  7 76  0  0
procs -----------memory---------- ---swap-- -----io---- -system-- ------cpu-----
 r  b   swpd   free   buff  cache   si   so    bi    bo   in   cs us sy id wa st
 1  0      0 720268 147500 5317800    0    0     0    52 11465 20482 17  7 76  0  0
 2  0      0 710692 147500 5317936    0    0     0    64 11237 19913 18  7 76  0  0
 1  0      0 707188 147504 5318124    0    0     0   452 12776 21465 18  8 74  0  0
 2  0      0 700384 147504 5318324    0    0     0    36 14718 23908 16  9 75  0  0
 3  0      0 459644 147504 5318616    0    0     0   308 15415 25182 16 11 73  0  0
 1  1      0 447084 147504 5320316    0    0     4   620 13981 23417 15  8 76  1  0
 1  0      0 396140 147504 5325916    0    0     0    80 17138 27088 13 11 73  2  0
 1  0      0 393536 147504 5328704    0    0     0   508 16161 26213 12 10 76  3  0
 1  0      0 390344 147504 5332056    0    0     0    68 15623 25241 11 10 77  2  0
 3  0      0 358696 147504 5336572    0    0     0    60 16286 26864 13 11 74  3  0
 1  0      0 392196 147500 5321516    0    0    96    84 15140 24781 12 10 77  2  0
 2  0      0 383796 147500 5323152    0    0     0    56 13922 23283 14  8 77  2  0
 1  0      0 400932 147500 5323208    0    0     0   268 11692 20930 18  6 75  0  0
 1  0      0 1079792 147500 5323284    0    0     0    44 14062 23107  2 10 88  0  0
 0  0      0 1078800 147500 5323352    0    0     0    96 15130 24944  2  9 89  0  0
 1  0      0 1078800 147500 5323400    0    0     0    12 14626 23966  1  8 91  0  0
 2  0      0 1071276 147504 5325100    0    0  1652    64 17148 29593 13 16 71  1  0
 4  0      0 1065880 147504 5325172    0    0     0   280 16749 29113 11 13 76  0  0
 1  0      0 1065632 147504 5325248    0    0     0    52 14149 23604  2  8 91  0  0
 0  0      0 1067212 147504 5325328    0    0     0   108 16157 28214  7 12 81  0  0
 1  0      0 1067212 147504 5325380    0    0     0    16 14206 23367  2  7 91  0  0
procs -----------memory---------- ---swap-- -----io---- -system-- ------cpu-----
 r  b   swpd   free   buff  cache   si   so    bi    bo   in   cs us sy id wa st
 1  0      0 1067212 147504 5325460    0    0     0    28 14866 24047  1  8 90  0  0
 1  0      0 1065704 147504 5325500    0    0     0   348 14570 23978  2  8 89  0  0
 0  0      0 1065704 147504 5325580    0    0     0    20 14703 23998  1  9 90  0  0
 0  0      0 1065704 147504 5325640    0    0     0   144 15108 25134  1  9 90  0  0
 3  0      0 1065704 147504 5325688    0    0     0    28 14376 23575  1  8 91  0  0
 2  0      0 1065704 147504 5325756    0    0     0    32 14409 23620  2  7 91  0  0
 1  0      0 1065452 147504 5325804    0    0     0   256 14209 23600  2  9 89  0  0
 0  0      0 1065452 147504 5325904    0    0     0   588 14609 23730  1  8 92  0  0
 0  0      0 1065200 147504 5325956    0    0     0   524 14784 24759  1  8 91  0  0
 4  0      0 1062780 147504 5326004    0    0     0    48 15660 26375  9 12 79  0  0
 2  0      0 1066468 147504 5326068    0    0     0    16 16065 27281 10 13 77  0  0
 0  0      0 1064156 147504 5326136    0    0     0   312 16092 27245  8 12 79  0  0
 1  0      0 1064912 147504 5326184    0    0     0    68 15444 26117  5 10 85  0  0
 1  0      0 1064660 147504 5326244    0    0     0    56 14771 24570  1  9 90  0  0
 0  0      0 1064660 147504 5326300    0    0     0   348 14818 24533  1  8 91  0  0
 0  0      0 1064660 147504 5326376    0    0     0   612 14927 24360  1  8 91  0  0
 0  0      0 1064660 147508 5326420    0    0     0   460 14272 23568  1  8 91  0  0
 1  0      0 1064660 147508 5326500    0    0     0    16 14478 23450  1  8 91  0  0
 0  0      0 1064420 147508 5326564    0    0     0    96 15505 25907  2  9 89  0  0
 0  0      0 1064420 147508 5326632    0    0     0   124 14756 23824  1  8 91  0  0
 2  0      0 1064420 147508 5326684    0    0     0    32 14198 23271  2  8 90  0  0
procs -----------memory---------- ---swap-- -----io---- -system-- ------cpu-----
 r  b   swpd   free   buff  cache   si   so    bi    bo   in   cs us sy id wa st
 0  0      0 1064420 147508 5326744    0    0     0   656 14551 23878  1  7 92  0  0
 1  0      0 1064420 147508 5326816    0    0     0    28 14154 23479  2  8 90  0  0
 1  0      0 1062916 147508 5326876    0    0     0    68 16050 27112  8 12 80  0  0
 1  0      0 1069296 147508 5326956    0    0     0    96 16898 29874 10 14 75  0  0
 1  0      0 1066732 147508 5327028    0    0     0    56 16319 27775  9 13 79  0  0
 0  0      0 1066484 147508 5327080    0    0     0   268 15258 26009  5 11 83  0  0
 0  0      0 1066484 147508 5327152    0    0     0    24 14054 22979  1  8 92  0  0
 0  0      0 1066484 147508 5327180    0    0     0    52 15066 25424  2  8 90  0  0
 1  0      0 1066484 147508 5327220    0    0     0   100 14190 23713  1  9 90  0  0
 2  0      0 1066484 147508 5327300    0    0     0    60 14383 23928  1  9 90  0  0
 0  0      0 1066484 147512 5327372    0    0     0   500 14511 23808  1  8 90  1  0
 6  0      0 1066484 147512 5327428    0    0     0    12 14004 23291  1  7 92  0  0
 0  0      0 1066484 147512 5327500    0    0     0    44 15135 25223  2  8 90  0  0
 1  0      0 1066484 147512 5327548    0    0     0    56 14308 23553  1  8 92  0  0
 0  0      0 1066484 147512 5327620    0    0     0    36 14678 23987  1  8 91  0  0
 0  0      0 1066484 147516 5327672    0    0     0   312 14433 23658  1  7 91  0  0
 1  0      0 1066484 147516 5327712    0    0     0    24 14296 23638  1  8 91  0  0
 1  0      0 1066232 147520 5327788    0    0     0   440 16317 26640  3  9 88  0  0
 0  0      0 1066232 147520 5327848    0    0     0    68 14195 23160  1  7 92  0  0
 1  0      0 1066232 147520 5327920    0    0     0    28 14289 23632  2  8 90  0  0
 0  0      0 1066232 147524 5327976    0    0     0   508 14494 23979  1  8 89  2  0
procs -----------memory---------- ---swap-- -----io---- -system-- ------cpu-----
 r  b   swpd   free   buff  cache   si   so    bi    bo   in   cs us sy id wa st
 0  0      0 1066232 147524 5328040    0    0     0    44 14302 23475  1  8 92  0  0
 0  0      0 1065992 147524 5328120    0    0     0    40 15063 24576  1  9 90  0  0
 1  0      0 1065992 147524 5328168    0    0     0    36 14437 23769  1  9 90  0  0
 1  0      0 1065740 147524 5328228    0    0     0   304 14346 23577  1  7 92  0  0
 0  0      0 1065492 147524 5328300    0    0     0   960 14492 23683  0  7 92  1  0
 2  0      0 1065492 147524 5328368    0    0     0    68 14341 23405  1  8 91  0  0
 0  0      0 1065252 147524 5328440    0    0     0    16 16068 26656  2 10 88  0  0
 1  0      0 1066308 147524 5328524    0    0     0   212 14165 23256  1  7 91  0  0
 4  0      0 1066308 147524 5328560    0    0     0    36 14950 23859  2  9 89  0  0
 0  0      0 1066308 147524 5328652    0    0     0   724 14450 23564  1  8 91  1  0
 0  0      0 1066308 147524 5328700    0    0     0    44 14862 24186  1  9 90  0  0
 1  0      0 1066228 147524 5328744    0    0     0    28 14568 24003  1  8 91  0  0
 1  0      0 1066308 147524 5328816    0    0     0    52 14350 23208  2  8 91  0  0
 0  0      0 1066308 147524 5328884    0    0     0   120 14268 23480  1  9 91  0  0
 1  0      0 1066308 147524 5328944    0    0     0   284 14893 24134  1  8 90  0  0
 0  0      0 1066308 147524 5329016    0    0     0    52 14002 22871  1  7 92  0  0
 0  0      0 1065980 147524 5329056    0    0     0    36 15606 25344  2 10 88  0  0
 0  0      0 1066060 147524 5329140    0    0     0    12 14177 23387  1  9 90  0  0
 0  0      0 1066312 147524 5329184    0    0     0   352 14838 24303  1  9 90  0  0
 0  0      0 1065840 147528 5329236    0    0     0   628 15039 24659  1  8 91  0  0
 0  0      0 1066096 147528 5329292    0    0     0    56 14516 24036  1  8 91  0  0
procs -----------memory---------- ---swap-- -----io---- -system-- ------cpu-----
 r  b   swpd   free   buff  cache   si   so    bi    bo   in   cs us sy id wa st
 0  0      0 1065844 147528 5329356    0    0     0    40 15506 26054  2  8 90  0  0
 0  0      0 1065844 147528 5329428    0    0     0     8 14330 23497  1  8 91  0  0
 0  0      0 1065844 147528 5329488    0    0     0    40 14261 23773  1  7 92  0  0
 0  0      0 1065844 147532 5329544    0    0     0   252 14156 23609  1  7 91  0  0
 0  0      0 1065844 147532 5329624    0    0     0   152 14051 23065  1  7 92  0  0
 0  0      0 1065592 147532 5329672    0    0     0    56 15870 26057  2  9 90  0  0
 1  0      0 1065592 147532 5329728    0    0     0    36 14598 23570  1  7 92  0  0
 1  0      0 1065592 147532 5329772    0    0     0    28 14379 23635  2 10 88  0  0
 1  0      0 1065592 147536 5329848    0    0     0   576 14030 23252  1  8 90  2  0
