procs -----------memory---------- ---swap-- -----io---- -system-- ------cpu-----
 r  b   swpd   free   buff  cache   si   so    bi    bo   in   cs us sy id wa st
 5  0      0 4009964 157688 2025404    0    0     7     3    3    1  1  2 97  0  0
 0  0      0 4014100 157688 2025364    0    0     0     0 6564 10808 13  9 78  0  0
 0  0      0 4013860 157688 2025372    0    0     0   188 1890 2638  1  1 97  1  0
 0  0      0 4013120 157688 2025380    0    0     0     0 3242 4879  2  3 95  0  0
 0  0      0 4013120 157688 2025380    0    0     0     0 1782 2350  1  2 97  0  0
 1  0      0 4013120 157688 2025392    0    0     0    12 1405 1846  1  2 98  0  0
 0  0      0 4013120 157688 2025396    0    0     0    24 1557 2048  1  2 98  0  0
 0  0      0 4013120 157688 2025404    0    0     0    52 1735 2351  1  2 97  0  0
 0  0      0 4012896 157688 2025404    0    0     0     0 1880 2504  1  2 97  0  0
 1  0      0 4012896 157688 2025412    0    0     0     0 2030 2692  3  2 95  0  0
 0  0      0 4012896 157688 2025420    0    0     0     0 2017 2737  3  2 95  0  0
 1  0      0 4012896 157688 2025428    0    0     0    16 1697 2227  1  1 98  0  0
 0  0      0 4012896 157688 2025428    0    0     0   124 1976 2774  1  2 97  0  0
 0  0      0 4012896 157688 2025432    0    0     0     0 3213 5037  2  3 95  0  0
 1  0      0 4012896 157688 2025448    0    0     0     0 2170 3027  1  2 97  0  0
 0  0      0 4012896 157688 2025452    0    0     0     0 1422 1839  1  1 98  0  0
 0  0      0 4012672 157688 2025452    0    0     0     4 1993 2804  1  2 97  0  0
 0  0      0 4012672 157688 2025464    0    0     0    52 1403 1767  1  1 98  0  0
 0  0      0 4012672 157688 2025468    0    0     0    28 1964 2687  1  1 97  0  0
 0  0      0 4012672 157688 2025472    0    0     0     0 1806 2352  1  2 97  0  0
 0  0      0 4012672 157688 2025472    0    0     0     0 2625 3722  3  3 94  0  0
procs -----------memory---------- ---swap-- -----io---- -system-- ------cpu-----
 r  b   swpd   free   buff  cache   si   so    bi    bo   in   cs us sy id wa st
 0  0      0 4012672 157688 2025484    0    0     0    16 1501 1787  1  1 98  0  0
 0  0      0 4012672 157688 2025488    0    0     0   100 2235 3157  1  2 97  0  0
 1  0      0 4012420 157688 2025496    0    0     0    28 2770 4165  1  3 96  0  0
 0  0      0 4012168 157688 2025500    0    0     0    28 2024 2700  3  2 95  0  0
 0  0      0 4012168 157688 2025512    0    0     0     0 1623 2133  1  2 97  0  0
 0  0      0 4012168 157688 2025512    0    0     0    32 1518 1978  1  2 97  0  0
 0  0      0 4012168 157688 2025520    0    0     0    80 1396 1719  1  2 98  0  0
 0  0      0 4012168 157688 2025528    0    0     0     8 2387 3476  2  2 96  0  0
 0  0      0 4011916 157688 2025532    0    0     0     8 1699 2256  1  2 97  0  0
 0  0      0 4011916 157688 2025540    0    0     0    28 1904 2568  2  2 96  0  0
 0  0      0 4011692 157688 2025548    0    0     0     0 1828 2586  1  1 97  0  0
 0  0      0 4011692 157688 2025552    0    0     0   168 2740 4130  2  2 97  0  0
 0  0      0 4011692 157688 2025560    0    0     0     0 1572 1916  1  2 97  0  0
 0  0      0 4011440 157688 2025564    0    0     0     0 3124 4867  3  4 94  0  0
 0  0      0 4011440 157688 2025568    0    0     0    32 1492 1800  1  2 98  0  0
 0  0      0 4011440 157688 2025576    0    0     0     4 2254 3275  1  1 97  0  0
 0  0      0 4011440 157688 2025580    0    0     0    68 1624 2048  1  1 98  0  0
 0  0      0 4011440 157688 2025584    0    0     0     8 1944 2706  1  2 97  0  0
 0  0      0 4026228 157688 2025540    0    0     0   344 3665 5427  3  4 92  1  0
 0  0      0 4026052 157688 2025464    0    0     0   104 3861 5998  4  5 90  0  0
 0  0      0 4026052 157688 2025472    0    0     0     0 1881 2579  1  1 98  0  0
procs -----------memory---------- ---swap-- -----io---- -system-- ------cpu-----
 r  b   swpd   free   buff  cache   si   so    bi    bo   in   cs us sy id wa st
 0  0      0 4026052 157688 2025472    0    0     0     0 2362 3295  4  2 95  0  0
 2  0      0 4026052 157688 2025472    0    0     0     0 1754 2244  1  2 97  0  0
 0  0      0 4025580 157688 2025484    0    0     0   204 3777 5827  2  3 94  0  0
 0  0      0 4025580 157688 2025496    0    0     0     8 1413 1730  1  1 98  0  0
 0  0      0 4025580 157688 2025500    0    0     0     0 1378 1781  0  1 98  0  0
 0  0      0 4025580 157688 2025500    0    0     0     0 1490 1912  1  1 98  0  0
 0  0      0 4025328 157688 2025508    0    0     0     0 2354 3396  1  2 96  0  0
 0  0      0 4025328 157688 2025516    0    0     0   256 2078 2594  1  2 97  0  0
 0  0      0 4025328 157688 2025524    0    0     0    36 1800 2328  2  2 96  0  0
 0  0      0 4025328 157688 2025524    0    0     0     4 1529 1897  1  2 98  0  0
 0  0      0 4025328 157688 2025532    0    0     0     0 2207 3221  1  2 97  0  0
 0  0      0 4025104 157688 2025536    0    0     0     0 2129 3050  1  2 97  0  0
 0  0      0 4024852 157688 2025544    0    0     0    68 2935 4438  3  3 94  0  0
 0  0      0 4024852 157688 2025552    0    0     0     0 1546 2012  1  1 98  0  0
 0  0      0 4024852 157688 2025556    0    0     0    28 1914 2666  2  1 97  0  0
 0  0      0 4024852 157688 2025564    0    0     0     4 1466 1802  1  1 98  0  0
 0  0      0 4024852 157688 2025564    0    0     0     0 1744 2300  1  2 98  0  0
 0  0      0 4027072 157688 2025568    0    0     0   108 1896 2382  1  2 97  0  0
 0  0      0 4027072 157688 2025576    0    0     0     8 2029 2758  3  3 94  0  0
 0  0      0 4027072 157688 2025584    0    0     0     0 1547 1979  1  2 97  0  0
 0  0      0 4026848 157688 2025588    0    0     0    32 2263 3258  1  2 97  0  0
procs -----------memory---------- ---swap-- -----io---- -system-- ------cpu-----
 r  b   swpd   free   buff  cache   si   so    bi    bo   in   cs us sy id wa st
 0  0      0 4026848 157688 2025592    0    0     0     4 1575 1931  1  2 98  0  0
 0  0      0 4026596 157688 2025592    0    0     0    60 2762 4219  2  3 95  0  0
 0  0      0 4026596 157688 2025600    0    0     0     0 1330 1666  1  1 98  0  0
 0  0      0 4026596 157688 2025608    0    0     0     8 1654 2196  2  2 97  0  0
 0  0      0 4026596 157688 2025616    0    0     0     0 2047 2696  3  1 96  0  0
 0  0      0 4026596 157688 2025616    0    0     0    28 1621 2175  1  2 97  0  0
 0  0      0 4026344 157688 2025620    0    0     0   120 1946 2587  1  2 97  0  0
 0  0      0 4024476 157688 2025628    0    0     0    44 2067 2744  2  3 94  0  0
 0  0      0 4024476 157688 2025636    0    0     0     4 1798 2434  1  1 98  0  0
 0  0      0 4024476 157688 2025640    0    0     0     0 1984 2881  1  1 97  0  0
 0  0      0 4026704 157688 2025644    0    0     0     0 1752 2322  1  2 97  0  0
 0  0      0 4026704 157688 2025652    0    0     0    88 3190 5033  2  3 95  1  0
 0  0      0 4026704 157688 2025660    0    0     0     4 1507 1824  1  1 98  0  0
 0  0      0 4026704 157688 2025664    0    0     0     0 1412 1872  1  1 98  0  0
 0  0      0 4026704 157688 2025668    0    0     0     8 1384 1800  1  1 98  0  0
 0  0      0 4026704 157688 2025672    0    0     0     0 1866 2495  1  2 97  0  0
 1  0      0 4026704 157688 2025676    0    0     0   120 1893 2559  1  2 97  0  0
 0  0      0 4026704 157688 2025684    0    0     0    60 2373 3259  2  4 94  0  0
 1  0      0 4026704 157688 2025696    0    0     0   788 4023 5866  3  4 90  3  0
 0  0      0 4017184 157688 2025788    0    0     0   168 5592 9250  5  5 90  0  0
 0  0      0 4017184 157688 2025792    0    0     0     0 1657 2054  1  2 97  0  0
procs -----------memory---------- ---swap-- -----io---- -system-- ------cpu-----
 r  b   swpd   free   buff  cache   si   so    bi    bo   in   cs us sy id wa st
 0  0      0 4016684 157688 2025800    0    0     0     0 3010 4703  2  3 96  0  0
 0  0      0 4016432 157688 2025808    0    0     0     0 2053 2768  2  2 96  0  0
 0  0      0 4016432 157688 2025812    0    0     0    36 1683 2341  1  2 97  0  0
 0  0      0 4016432 157688 2025816    0    0     0   272 1754 2304  1  1 98  0  0
 0  0      0 4016432 157688 2025816    0    0     0     0 1652 2182  1  2 97  0  0
 0  0      0 4016432 157688 2025828    0    0     0     0 1596 2143  1  1 97  0  0
 0  0      0 4015928 157688 2025832    0    0     0     0 2261 3224  2  4 94  0  0
 0  0      0 4015928 157688 2025844    0    0     0     0 1609 2139  1  1 97  0  0
 0  0      0 4015928 157688 2025848    0    0     0   100 2360 3567  2  2 97  0  0
 0  0      0 4015928 157688 2025848    0    0     0    16 1686 2177  1  2 97  0  0
 0  0      0 4015676 157688 2025852    0    0     0     0 2887 4599  2  2 95  0  0
 0  0      0 4015676 157688 2025868    0    0     0     0 2127 2818  3  3 94  0  0
 0  0      0 4015676 157688 2025872    0    0     0     0 1702 2334  1  2 97  0  0
 0  0      0 4015676 157688 2025876    0    0     0    64 1559 2039  1  1 98  0  0
 0  0      0 4015676 157688 2025884    0    0     0    28 2026 2768  1  2 97  0  0
 0  0      0 4015676 157688 2025888    0    0     0    12 1898 2546  1  1 97  0  0
 0  0      0 4015424 157688 2025896    0    0     0    24 2353 3278  2  3 95  0  0
 0  0      0 4015424 157688 2025904    0    0     0    16 1715 2318  1  2 98  0  0
 1  0      0 4015424 157688 2025908    0    0     0    80 2156 3119  3  2 96  0  0
 0  0      0 4015424 157688 2025908    0    0     0     0 1834 2515  1  2 97  0  0
 0  0      0 4015184 157688 2025908    0    0     0    36 2862 4564  2  3 96  0  0
