2026-07-14 20:36:23.176 procs -----------memory---------- ---swap-- -----io---- -system-- ------cpu-----
2026-07-14 20:36:23.179 r  b   swpd   free   buff  cache   si   so    bi    bo   in   cs us sy id wa st
2026-07-14 20:36:23.183 4  0      0 3895616  71140 2134276    0    0     6    33    3    6  2  9 89  0  0
2026-07-14 20:36:24.177 0  0      0 3889388  71144 2134416    0    0     0   844 23824 41400  6 17 76  1  0
2026-07-14 20:36:25.177 0  0      0 3889140  71144 2134504    0    0     0   536 23421 39372  2 14 84  0  0
2026-07-14 20:36:26.177 0  0      0 3888200  71144 2134568    0    0     0     0 23710 39722  2 15 83  0  0
2026-07-14 20:36:27.178 2  0      0 3887960  71144 2134660    0    0     0     0 23172 39090  2 14 84  0  0
2026-07-14 20:36:28.178 0  0      0 3887712  71144 2134744    0    0     0     0 24053 40272  2 14 83  0  0
2026-07-14 20:36:29.179 2  0      0 3887712  71152 2134876    0    0     0   456 23545 39390  3 15 81  0  0
2026-07-14 20:36:30.177 1  0      0 3887488  71152 2134964    0    0     0   620 24010 39992  2 15 83  0  0
2026-07-14 20:36:31.179 0  0      0 3887236  71152 2135028    0    0     0    60 23858 40430  2 17 81  0  0
2026-07-14 20:36:32.180 1  0      0 3887236  71152 2135100    0    0     0     0 23267 39037  3 14 83  0  0
2026-07-14 20:36:33.179 0  0      0 3887236  71160 2135176    0    0     0   500 23213 39018  3 15 82  0  0
2026-07-14 20:36:34.182 0  1      0 3881500  71172 2135244    0    0     0   808 26269 44628  6 20 69  4  0
2026-07-14 20:36:35.180 1  0      0 3854116  71180 2136028    0    0     0  1292 26790 47306 10 23 63  3  0
2026-07-14 20:36:36.183 2  0      0 3832796  71196 2136928    0    0     0  1444 21743 39097 15 17 66  2  0
2026-07-14 20:36:37.183 1  0      0 3687752  71196 2137128    0    0     0     0 18812 34961 17 14 69  0  0
2026-07-14 20:36:38.183 2  0      0 3674660  71196 2137368    0    0     0     0 19142 35887 19 14 68  0  0
2026-07-14 20:36:39.183 3  0      0 3661064  71196 2137668    0    0     0     0 18769 35029 18 15 67  0  0
2026-07-14 20:36:40.183 3  0      0 3641420  71212 2137804    0    0     0   624 19387 36279 18 13 68  0  0
2026-07-14 20:36:41.184 0  1      0 3616292  71216 2138284    0    0     0  1400 25901 45203 19 21 57  3  0
2026-07-14 20:36:42.185 4  0      0 3524824  71240 2152444    0    0     0  1720 26606 45101 22 25 50  2  0
2026-07-14 20:36:43.185 3  0      0 3392676  71240 2153108    0    0     0     0 18627 35266 32 15 53  0  0
2026-07-14 20:36:44.185 procs -----------memory---------- ---swap-- -----io---- -system-- ------cpu-----
2026-07-14 20:36:44.188 r  b   swpd   free   buff  cache   si   so    bi    bo   in   cs us sy id wa st
2026-07-14 20:36:44.191 5  0      0 3314944  71240 2153500    0    0     0     0 18609 35554 34 13 53  0  0
2026-07-14 20:36:45.186 2  0      0 3297340  71240 2153996    0    0     0  1612 18990 35460 34 14 53  0  0
2026-07-14 20:36:46.187 3  0      0 3266608  71240 2154308    0    0     0    92 18631 35199 34 13 53  0  0
2026-07-14 20:36:47.185 6  0      0 3231512  71252 2154588    0    0     0  1700 19990 37821 37 18 44  1  0
2026-07-14 20:36:48.191 11  0      0 2927212  71264 2157068    0    0   464   844 24145 43585 33 27 38  2  0
2026-07-14 20:36:49.192 5  0      0 2499616  71284 2172988    0    0     0   812 25376 41389 34 23 40  3  0
2026-07-14 20:36:50.192 6  0      0 2262748  71284 2181532    0    0     0  1420 23159 39012 32 18 47  3  0
2026-07-14 20:36:51.192 6  0      0 2221364  71284 2186656    0    0     0   252 22741 39455 34 17 46  2  0
2026-07-14 20:36:52.193 3  0      0 2174696  71284 2192332    0    0     0   540 22233 37733 34 17 46  3  0
2026-07-14 20:36:53.192 4  0      0 2169600  71284 2197888    0    0     0   128 20953 35887 34 16 47  3  0
2026-07-14 20:36:54.194 1  0      0 2138396  71292 2203776    0    0     0  1084 21404 36087 34 16 47  4  0
2026-07-14 20:36:55.194 5  0      0 1837068  71292 2223372    0    0     0   108 27524 41929 25 22 49  4  0
2026-07-14 20:36:56.192 5  0      0 1569924  71292 2229944    0    0     0     8 22816 38076 28 19 50  3  0
2026-07-14 20:36:57.195 4  0      0 1565388  71292 2236340    0    0     0    84 23824 38829 28 19 49  4  0
2026-07-14 20:36:58.196 2  1      0 1558048  71292 2241668    0    0     0   536 23868 38813 29 19 49  3  0
2026-07-14 20:36:59.196 5  0      0 1557508  71296 2244316    0    0     0   608 20810 35263 41 15 42  2  0
2026-07-14 20:37:00.197 3  0      0 2979856  71296 2245672    0    0     0    28 21648 36932 17 21 61  1  0
2026-07-14 20:37:01.197 2  1      0 2971120  71296 2247148    0    0     0     4 25124 41888 12 18 69  1  0
2026-07-14 20:37:02.197 1  0      0 2961124  71296 2248480    0    0     0    48 23393 39834 10 17 72  1  0
2026-07-14 20:37:03.198 0  0      0 2954448  71296 2249508    0    0     0   352 23544 40096 10 16 72  1  0
2026-07-14 20:37:04.198 0  0      0 2947916  71304 2251180    0    0     0   664 23708 40119 10 16 73  1  0
2026-07-14 20:37:05.198 procs -----------memory---------- ---swap-- -----io---- -system-- ------cpu-----
2026-07-14 20:37:05.201 r  b   swpd   free   buff  cache   si   so    bi    bo   in   cs us sy id wa st
2026-07-14 20:37:05.204 3  0      0 2926772  71304 2252396    0    0     0    12 23953 39906 11 16 72  1  0
2026-07-14 20:37:06.198 3  0      0 3017416  71304 2253104    0    0     0     0 22396 39967 16 16 67  1  0
2026-07-14 20:37:07.200 0  0      0 3733100  71304 2253432    0    0     0     8 21205 37493  6 19 75  0  0
2026-07-14 20:37:08.199 1  0      0 3733196  71304 2253492    0    0     0    80 23881 39782  2 16 82  0  0
2026-07-14 20:37:09.200 2  0      0 3732944  71312 2253568    0    0     0   848 24821 41456  3 17 80  0  0
2026-07-14 20:37:10.200 0  0      0 3732944  71312 2253676    0    0     0   132 23786 39864  3 16 82  0  0
2026-07-14 20:37:11.201 0  0      0 3732692  71312 2253728    0    0     0     4 24234 40661  2 15 83  0  0
2026-07-14 20:37:12.201 1  0      0 3732188  71312 2253776    0    0     0     0 23110 39603  2 14 84  0  0
2026-07-14 20:37:13.201 0  0      0 3724124  71312 2261968    0    0     0    48 23775 39903  2 16 82  0  0
2026-07-14 20:37:14.202 0  0      0 3723872  71316 2262188    0    0     0   796 23519 39459  2 15 83  0  0
2026-07-14 20:37:15.202 2  0      0 3723872  71316 2262288    0    0     0   288 23746 39933  2 15 82  0  0
2026-07-14 20:37:16.203 2  0      0 3723620  71316 2262348    0    0     0     0 23462 39296  2 15 83  0  0
2026-07-14 20:37:17.203 0  0      0 3723368  71316 2262452    0    0     0  1380 24201 40260  3 15 82  0  0
2026-07-14 20:37:18.204 1  0      0 3723368  71316 2262528    0    0     0     8 23363 39149  2 16 82  0  0
2026-07-14 20:37:19.204 3  0      0 3723368  71316 2262968    0    0   404   524 24662 41286  4 16 80  1  0
2026-07-14 20:37:20.205 0  0      0 3723368  71316 2263116    0    0     0   452 23518 39859  5 16 79  0  0
2026-07-14 20:37:21.205 4  0      0 3722864  71316 2263188    0    0     0  1316 25117 42363  3 16 82  0  0
2026-07-14 20:37:22.206 2  0      0 3722360  71316 2263268    0    0     0   464 23622 39739  2 15 83  0  0
2026-07-14 20:37:23.206 2  0      0 3722360  71316 2263336    0    0     0     0 24074 39845  2 16 82  0  0
2026-07-14 20:37:24.207 1  0      0 3722360  71320 2263412    0    0     0   936 23465 39398  1 16 83  0  0
2026-07-14 20:37:25.207 2  0      0 3722108  71320 2263496    0    0     0   340 24623 40632  1 16 83  0  0
2026-07-14 20:37:26.205 procs -----------memory---------- ---swap-- -----io---- -system-- ------cpu-----
2026-07-14 20:37:26.207 r  b   swpd   free   buff  cache   si   so    bi    bo   in   cs us sy id wa st
2026-07-14 20:37:26.208 3  0      0 3722108  71320 2263624    0    0     0   264 23807 39970  1 15 84  0  0
2026-07-14 20:37:27.208 1  0      0 3721856  71320 2263700    0    0     0     0 22968 39127  2 14 84  0  0
2026-07-14 20:37:28.208 1  0      0 3721856  71320 2263788    0    0     0     0 24259 40199  2 16 82  0  0
2026-07-14 20:37:29.209 0  0      0 3721604  71324 2263836    0    0     0   432 23924 40724  3 17 80  1  0
2026-07-14 20:37:30.209 1  0      0 3721604  71324 2263944    0    0     0   116 24219 40027  2 14 83  0  0
2026-07-14 20:37:31.210 1  0      0 3721100  71324 2264052    0    0     0   444 24147 40621  2 14 84  0  0
2026-07-14 20:37:32.210 1  0      0 3720848  71324 2264124    0    0     0   132 23240 39466  2 16 82  0  0
2026-07-14 20:37:33.210 3  0      0 3720848  71324 2264188    0    0     0     0 23568 39511  3 16 82  0  0
2026-07-14 20:37:34.211 5  0      0 3720848  71332 2264276    0    0     0   488 23252 39578  2 15 83  0  0
2026-07-14 20:37:35.212 0  0      0 3720368  71332 2264364    0    0     0    44 23514 39865  2 15 83  0  0
2026-07-14 20:37:36.212 1  0      0 3719892  71332 2264416    0    0     0   372 24207 41149  2 14 84  0  0
2026-07-14 20:37:37.210 0  0      0 3719892  71332 2264488    0    0     0   216 23374 39911  2 15 82  0  0
2026-07-14 20:37:38.212 1  0      0 3719892  71332 2264604    0    0     0     0 23513 39548  1 15 83  0  0
2026-07-14 20:37:39.212 3  0      0 3719640  71340 2264704    0    0     0   440 24079 40660  3 17 80  0  0
2026-07-14 20:37:40.213 0  0      0 3719640  71340 2264784    0    0     0     4 23041 39022  1 13 85  0  0
2026-07-14 20:37:41.214 1  0      0 3719136  71340 2264864    0    0     0   120 23898 40701  3 16 80  0  0
2026-07-14 20:37:42.215 1  0      0 3719136  71340 2264940    0    0     0   428 23392 39939  2 16 82  0  0
2026-07-14 20:37:43.215 0  0      0 3719136  71340 2265044    0    0     0   108 23469 39743  3 15 83  0  0
2026-07-14 20:37:44.216 2  0      0 3719136  71348 2265120    0    0     0   452 23425 39372  2 15 82  0  0
2026-07-14 20:37:45.215 2  0      0 3719136  71348 2265204    0    0     0     0 23614 39589  2 14 84  0  0
2026-07-14 20:37:46.216 0  0      0 3719136  71348 2265300    0    0     0    40 23464 39515  2 14 83  0  0
2026-07-14 20:37:47.216 procs -----------memory---------- ---swap-- -----io---- -system-- ------cpu-----
2026-07-14 20:37:47.218 r  b   swpd   free   buff  cache   si   so    bi    bo   in   cs us sy id wa st
2026-07-14 20:37:47.221 1  0      0 3718632  71348 2265372    0    0     0   412 24139 40099  3 17 80  0  0
2026-07-14 20:37:48.216 0  0      0 3718632  71348 2265448    0    0     0   216 23295 39598  2 16 82  0  0
2026-07-14 20:37:49.218 0  0      0 3718128  71356 2265520    0    0     0  1448 24571 41395  3 16 80  1  0
2026-07-14 20:37:50.218 1  0      0 3718128  71356 2265616    0    0     0     0 23809 39876  2 15 83  0  0
