procs -----------memory---------- ---swap-- -----io---- -system-- ------cpu-----
 r  b   swpd   free   buff  cache   si   so    bi    bo   in   cs us sy id wa st
 2  0      0 3838240 181408 2010904    0    0     2     9   13    2  2  1 97  0  0
 0  0      0 3841456 181408 2010944    0    0     0     0 7034 11690 14 11 75  0  0
 0  0      0 3840968 181408 2010948    0    0     0   116 2925 4420  3  2 95  0  0
 1  0      0 3840728 181408 2010948    0    0     0     0 1598 2226  1  1 97  0  0
 0  0      0 3840728 181408 2010956    0    0     0     0 1729 2231  2  1 97  0  0
 0  0      0 3840728 181408 2010968    0    0     0    12 2235 3029  1  3 95  0  0
 0  0      0 3840728 181408 2010980    0    0     0    28 2263 3207  2  1 96  0  0
 0  0      0 3840728 181408 2010980    0    0     0    56 1884 2523  1  2 97  0  0
 1  0      0 3840728 181408 2010988    0    0     0    28 2130 3003  2  2 97  0  0
 0  0      0 3840728 181408 2010996    0    0     0     0 2795 4185  1  3 96  0  0
 0  0      0 3840728 181408 2011004    0    0     0     8 1822 2414  1  2 97  0  0
 0  0      0 3840728 181408 2011004    0    0     0    12 1816 2508  1  1 97  0  0
 0  0      0 3840728 181408 2011012    0    0     0    96 1478 1976  1  1 98  0  0
 0  0      0 3840728 181408 2011016    0    0     0   108 1740 2317  1  1 98  0  0
 0  0      0 3840728 181408 2011020    0    0     0     0 1826 2507  1  2 97  0  0
 0  0      0 3840728 181408 2011024    0    0     0     0 2288 3193  3  3 94  0  0
 0  0      0 3840728 181408 2011036    0    0     0     4 2311 3502  2  2 97  0  0
 0  0      0 3840488 181408 2011040    0    0     0    64 3127 4867  2  3 95  0  0
 0  0      0 3842668 181408 2011048    0    0     0    28 1990 2665  1  2 97  0  0
 2  0      0 3826504 181408 2011072    0    0     0    16 6529 10818 12 10 78  0  0
 2  0      0 3837592 181408 2011080    0    0     0     0 6116 10310 11 10 79  0  0
procs -----------memory---------- ---swap-- -----io---- -system-- ------cpu-----
 r  b   swpd   free   buff  cache   si   so    bi    bo   in   cs us sy id wa st
 0  0      0 3832100 181408 2011096    0    0     0     8 4912 7878 10  7 82  0  0
 0  0      0 3834152 181408 2011100    0    0     0    64 3443 5299  7  4 89  0  0
 0  0      0 3834152 181408 2011104    0    0     0    12 1529 1998  1  1 98  0  0
 2  0      0 3833660 181408 2011116    0    0     0    60 1762 2373  1  2 97  0  0
 0  0      0 3833660 181408 2011128    0    0     0     0 2441 3505  1  3 95  0  0
 0  0      0 3833660 181408 2011136    0    0     0     0 2442 3617  2  2 97  0  0
 0  0      0 3833420 181412 2011132    0    0     0    80 2069 2758  3  2 95  0  0
 0  0      0 3833420 181412 2011144    0    0     0     0 1806 2277  2  2 96  0  0
 1  0      0 3833420 181412 2011152    0    0     0    12 3389 5233  2  3 95  0  0
 0  0      0 3833420 181412 2011160    0    0     0    52 1683 2100  2  2 97  0  0
 0  0      0 3835568 181412 2011160    0    0     0     0 1931 2788  1  2 97  0  0
 0  0      0 3835568 181412 2011168    0    0     0    84 2716 4077  1  2 97  0  0
 0  0      0 3835568 181412 2011180    0    0     0     0 1721 2305  1  2 98  0  0
 0  0      0 3835568 181412 2011184    0    0     0     0 1837 2360  1  2 96  0  0
 0  0      0 3835568 181412 2011188    0    0     0    28 2224 3025  3  2 95  0  0
 2  0      0 3829876 181412 2011192    0    0     0    24 2020 2703  3  2 95  0  0
 0  0      0 3833496 181412 2011208    0    0     0    56 7401 12686 19 11 70  0  0
 0  0      0 3828356 181412 2011236    0    0     0     8 5739 9106 13 10 77  0  0
 2  0      0 3831520 181412 2011236    0    0     0    12 5054 8116  8  6 86  0  0
 0  0      0 3831296 181412 2011288    0    0     0     0 2301 3221  2  2 96  0  0
 0  0      0 3831296 181412 2011292    0    0     0    24 1938 2733  1  1 98  0  0
procs -----------memory---------- ---swap-- -----io---- -system-- ------cpu-----
 r  b   swpd   free   buff  cache   si   so    bi    bo   in   cs us sy id wa st
 2  0      0 3831296 181412 2011304    0    0     0   196 2267 3187  2  2 96  0  0
 2  0      0 3808356 181416 2011560    0    0     0  1116 8099 13052  9 10 78  3  0
 1  0      0 3813404 181416 2013632    0    0     0   696 6493 10177 11 11 78  1  0
 1  0      0 3680344 181416 2013724    0    0     0     0 2786 3561 17  5 79  0  0
 5  0      0 3622232 181416 2013896    0    0     0     0 2085 2544 17  3 80  0  0
 1  0      0 3613172 181416 2014116    0    0     0    56 3927 5928 18  3 80  0  0
 1  0      0 3596048 181416 2014360    0    0     0   732 2451 2916 17  2 81  0  0
 1  0      0 3581220 181416 2014500    0    0     0   168 3217 4446 17  3 80  0  0
 1  0      0 3572536 181416 2014508    0    0     0     0 2033 2048 17  2 81  0  0
 1  0      0 3565756 181416 2014732    0    0     0    56 1991 2311 16  2 82  0  0
 1  0      0 3554428 181416 2014900    0    0     0    28 1903 2045 16  2 82  0  0
 1  0      0 3547636 181416 2015028    0    0     0    12 2003 2032 17  2 82  0  0
 4  0      0 3527228 181416 2015180    0    0     0   168 5485 8694 30 10 60  0  0
 5  0      0 3518488 181416 2015280    0    0     0     0 5813 9299 28  9 64  0  0
 1  0      0 3513448 181416 2015384    0    0     0    28 2697 3412 18  4 78  0  0
 1  0      0 3503512 181416 2015460    0    0     0    16 4991 7722 24  5 71  0  0
 1  0      0 3498976 181416 2015596    0    0     0    32 2141 2250 17  2 81  0  0
 1  0      0 3489176 181416 2015716    0    0     0   104 3574 5042 18  3 79  0  0
 1  0      0 3487928 181416 2015828    0    0     0     8 2142 2312 16  3 81  0  0
 1  0      0 3480888 181416 2015892    0    0     0     0 2428 2768 17  2 81  0  0
 7  0      0 3148876 181416 2028548    0    0     0     0 7181 8427 11  9 79  1  0
procs -----------memory---------- ---swap-- -----io---- -system-- ------cpu-----
 r  b   swpd   free   buff  cache   si   so    bi    bo   in   cs us sy id wa st
 1  0      0 3091976 181416 2032428    0    0     0    44 3957 4574 11  4 84  1  0
 1  0      0 3076168 181416 2036664    0    0     0   148 4201 4749 11  4 85  1  0
 1  0      0 3057272 181416 2041280    0    0     0    24 4322 4778 12  4 84  1  0
 0  0      0 3044664 181416 2045300    0    0     0  7048 4107 4616 11  3 86  1  0
 1  0      0 3027104 181416 2049464    0    0     0     0 4431 5605 12  3 85  0  0
 2  0      0 3012392 181416 2053016    0    0     0    64 3504 4102 11  3 86  0  0
 0  0      0 2997752 181416 2057536    0    0     0   164 5567 7569 12  5 83  1  0
 1  0      0 2990156 181416 2059824    0    0     0    24 2869 3171 15  2 83  0  0
 1  0      0 2990684 181416 2059832    0    0     0    16 2000 2377 17  2 81  0  0
 1  0      0 2982996 181416 2059852    0    0     0     0 6161 10113 32 10 59  0  0
 0  0      0 3767612 181416 2059864    0    0     0    44 5361 8612 20 11 69  0  0
 1  0      0 3769656 181416 2059872    0    0     0   124 2420 3347  3  3 94  0  0
 0  0      0 3769656 181416 2059876    0    0     0     4 3656 5483  4  6 90  0  0
 0  0      0 3769416 181416 2059880    0    0     0     8 1963 2724  1  1 98  0  0
 0  0      0 3768920 181416 2059888    0    0     0    12 3835 6184  4  3 93  0  0
 0  1      0 3765232 181420 2060032    0    0     0   640 7233 11846  8  9 82  2  0
 1  0      0 3750308 181420 2062324    0    0     0  1048 8801 14450 11 13 74  2  0
 1  0      0 3634676 181420 2062704    0    0     0     0 2640 3014 16  4 81  0  0
 1  0      0 3549828 181420 2062812    0    0     0     8 2234 2506 17  3 81  0  0
 1  0      0 3543288 181420 2063028    0    0     0     0 2029 2160 17  2 81  0  0
 1  0      0 3528180 181420 2063316    0    0     0    52 2285 2576 16  2 82  0  0
procs -----------memory---------- ---swap-- -----io---- -system-- ------cpu-----
 r  b   swpd   free   buff  cache   si   so    bi    bo   in   cs us sy id wa st
 1  1      0 3515328 181420 2063416    0    0     0   836 2600 2818 16  3 81  0  0
 1  0      0 3499452 181420 2063472    0    0     0     4 2273 2441 17  3 80  0  0
 1  0      0 3493656 181420 2063712    0    0     0     4 2205 2289 17  1 82  0  0
 1  0      0 3482088 181420 2063804    0    0     0     4 2867 3605 17  2 80  0  0
 1  0      0 3476292 181420 2064036    0    0     0    20 2033 1940 17  2 81  0  0
 1  0      0 3468524 181420 2064192    0    0     0    48 3738 5256 17  4 79  0  0
 1  0      0 3455816 181420 2064300    0    0     0   232 6513 10781 30 12 58  0  0
 1  0      0 3452420 181420 2064376    0    0     0     0 5605 9088 29  8 64  0  0
 2  0      0 3440476 181420 2064476    0    0     0     8 4266 6349 21  5 74  0  0
 1  0      0 3435184 181420 2064616    0    0     0    40 3257 4252 19  4 77  0  0
 1  0      0 3426124 181420 2064740    0    0     0     0 2423 2733 16  2 81  0  0
 1  0      0 3423604 181420 2064836    0    0     0   232 2828 3405 18  3 79  0  0
 2  0      0 3401828 181424 2065132    0    0     0   988 7373 11853 23  9 66  3  0
 3  0      0 3231348 181428 2080712    0    0     0  2048 11225 15557 21 18 60  2  0
 1  0      0 2661304 181428 2083924    0    0     0    32 3053 3365 27  8 65  0  0
 2  0      0 2535996 181428 2089992    0    0     0     0 4552 5985 29  5 66  0  0
 1  0      0 2514876 181428 2094420    0    0     0  8436 3193 3651 28  3 68  0  0
 2  0      0 2445776 181428 2100228    0    0     0    68 3380 3913 27  3 70  0  0
 2  0      0 2402216 181428 2104404    0    0     0  5528 3351 3652 27  3 70  0  0
 2  0      0 2363032 181428 2107720    0    0     0     4 2939 2982 30  2 67  0  0
 3  0      0 2318836 181428 2110720    0    0     0    32 2711 2757 30  4 66  0  0
procs -----------memory---------- ---swap-- -----io---- -system-- ------cpu-----
 r  b   swpd   free   buff  cache   si   so    bi    bo   in   cs us sy id wa st
 2  0      0 2223388 181428 2120472    0    0     0   352 4084 4368 28  5 62  5  0
 2  0      0 2173668 181428 2125580    0    0     0    64 2895 2975 29  3 68  0  0
 5  0      0 2020104 181428 2130820    0    0     0    12 6495 10210 36 10 54  0  0
 4  0      0 1862340 181428 2136184    0    0     0     0 5829 10337 38 10 51  0  0
 4  0      0 1788628 181428 2145596    0    0     0    40 6434 10380 41  9 49  1  0
 1  0      0 1695016 181428 2143444    0    0     0   196 5365 7453 34  9 57  1  0
 2  0      0 1576632 181428 2150296    0    0     0    32 2760 2956 29  4 66  0  0
 2  0      0 1472948 181428 2157100    0    0     0     0 2601 2546 30  4 66  0  0
 2  0      0 1363348 181428 2166416    0    0     0    12 3206 3606 30  4 66  0  0
 2  0      0 1225244 181428 2176580    0    0     0    48 3723 4127 31  4 65  1  0
 2  0      0 843472 181428 2197228    0    0     0  1112 9049 9754 22 11 64  3  0
 2  0      0 584036 181428 2205616    0    0     0    32 4616 5073 24  6 70  0  0
 0  0      0 511200 181428 2219628    0    0     0     0 4885 5777 25  4 71  1  0
 1  0      0 366516 181428 2228924    0    0     0     0 4587 4763 24  5 71  1  0
 5  0      0 247480 181428 2236816    0    0     0    16 4408 4992 25  4 70  0  0
 1  1      0 108948 181428 2240880    0    0     0 61392 6221 7770 25  6 63  6  0
 3  1      0 147204 179592 2182352    0    0     0 20536 4904 5533 23  8 58 12  0
 2  0      0 257928 176432 2076876    0    0     0 16852 5330 6586 24  8 57 11  0
 2  4      0 231608 172552 1953624    0    0  2832     0 7782 9177 17  9 29 46  0
 3  0      0 250640 172580 1892468    0    0 12404   616 9784 15832 37 22 32  9  0
 2  0      0 303528 172580 1898488    0    0    12    68 5807 9733 39  9 51  0  0
procs -----------memory---------- ---swap-- -----io---- -system-- ------cpu-----
 r  b   swpd   free   buff  cache   si   so    bi    bo   in   cs us sy id wa st
 1  1      0 262236 172584 1935236    0    0 31828     0 5505 7664 26  4 64  6  0
 1  0      0 983348 172584 1950872    0    0 12724     0 4080 5866 17  8 73  2  0
 1  0      0 939492 172584 1956536    0    0   760     0 3255 3840 12  2 85  1  0
 2  0      0 878648 172592 1962852    0    0    40   184 4588 6338 15  5 80  1  0
 0  1      0 766588 172600 1971996    0    0   592   768 8597 13081 18 11 68  3  0
 2  0      0 581992 172600 2011948    0    0 28016   336 8517 12477 17 13 63  7  0
 2  0      0 2520508 172600 2019812    0    0  4792   592 4267 5889 28  7 63  2  0
 2  0      0 2739288 172600 2031844    0    0 12204     0 4826 6358 28  6 63  4  0
 2  0      0 2684184 172600 2032104    0    0     4     0 2403 2876 33  4 63  0  0
 2  0      0 3714800 172600 2032556    0    0     4  6380 2688 2987 26  7 64  3  0
 1  0      0 3700160 172600 2032888    0    0     0     8 4247 6550 18  4 78  0  0
 1  0      0 3687308 172600 2033044    0    0     0   420 1877 2303 16  2 82  0  0
 1  0      0 3671592 172600 2033076    0    0     0     0 1738 1976 17  2 81  0  0
 1  0      0 3666060 172600 2033712    0    0   344     4 3466 5164 16  3 80  0  0
 1  0      0 3653504 172600 2033936    0    0    68    20 2029 2439 18  3 80  0  0
 1  0      0 3645704 172600 2034160    0    0     8     8 2141 2389 16  3 81  0  0
 1  0      0 3635856 172600 2034612    0    0   112   140 6251 10211 29 11 59  0  0
 1  0      0 3620816 172600 2034736    0    0     0    44 5100 7980 27  8 65  0  0
 3  0      0 3621564 172600 2034864    0    0     0    28 3688 5233 21  7 72  0  0
 1  0      0 3606396 172600 2035032    0    0     0     0 3865 5700 21  4 75  0  0
 1  0      0 3601620 172600 2036072    0    0   944    20 2885 3999 18  2 80  0  0
procs -----------memory---------- ---swap-- -----io---- -system-- ------cpu-----
 r  b   swpd   free   buff  cache   si   so    bi    bo   in   cs us sy id wa st
 1  0      0 3592112 172600 2036308    0    0     0    88 1915 2344 16  3 81  0  0
 1  0      0 3589340 172600 2036444    0    0     0     0 1922 2247 17  2 81  0  0
 2  0      0 3581792 172600 2036540    0    0     0    16 3662 5552 17  3 79  0  0
 1  0      0 3342136 172600 2049088    0    0    48     0 6484 7380 11 10 78  1  0
 1  0      0 3200448 172600 2050644    0    0     0    40 4160 5809 12  5 83  0  0
 1  0      0 3184852 172600 2052780    0    0     0 11032 2978 3529 11  3 86  0  0
 0  0      0 3170236 172600 2055204    0    0     0     0 2873 3372 10  3 87  0  0
 1  0      0 3151552 172600 2057676    0    0     0  7860 3339 4161 11  5 84  0  0
 1  0      0 3136684 172600 2059732    0    0     0  1204 3796 4043 10  3 82  5  0
 1  0      0 3118792 172600 2062300    0    0     0    40 3770 5295 13  3 85  0  0
 2  0      0 3117292 172600 2063716    0    0     0 16480 2480 2721 13  3 84  1  0
 1  0      0 3141060 172600 2069668    0    0  6104     0 2127 2053 17  2 76  4  0
 2  0      0 3139868 172600 2069836    0    0     0     0 3336 4725 18  2 80  0  0
 0  0      0 3875732 172600 2069900    0    0     0     0 6905 11064 27 15 57  0  0
 1  0      0 3875632 172600 2069908    0    0     0    16 4925 7665 12  8 80  0  0
 0  0      0 3875392 172600 2069912    0    0     0 23168 2317 3413  2  3 95  0  0
 0  0      0 3877108 172600 2069920    0    0     0     8 5069 7924  9  7 84  0  0
 0  0      0 3878800 172600 2069924    0    0     0     0 2236 3056  2  4 94  0  0
 0  0      0 3878856 172600 2069928    0    0     0     0 1741 2290  1  2 97  0  0
 9  0      0 3871792 172620 2069964    0    0     0   664 9118 15277 10 12 76  2  0
 1  0      0 3873452 172648 2073116    0    0     0  1100 7637 12449  9 13 76  2  0
procs -----------memory---------- ---swap-- -----io---- -system-- ------cpu-----
 r  b   swpd   free   buff  cache   si   so    bi    bo   in   cs us sy id wa st
 1  0      0 3769148 172648 2073432    0    0     0     4 2323 2983 17  3 80  0  0
 1  0      0 3679748 172648 2073568    0    0    20     0 3639 5280 16  5 79  0  0
 1  0      0 3668172 172648 2073876    0    0     0     0 2171 2672 16  3 81  0  0
 1  0      0 3651832 172648 2074304    0    0     0     0 1832 2110 17  3 81  0  0
 1  0      0 3639496 172648 2074424    0    0     0   104 1791 2193 16  3 81  0  0
 1  0      0 3621100 172648 2074500    0    0     0    72 1786 1863 16  2 81  0  0
 1  0      0 3616588 172648 2074792    0    0     0   168 2354 2933 17  4 79  0  0
 1  0      0 3603748 172652 2074920    0    0     0     0 1819 2207 17  2 82  0  0
 1  0      0 3600224 172660 2075248    0    0     0     0 2651 3889 17  3 81  0  0
 2  0      0 3593684 172660 2075452    0    0     0     0 1493 1773 16  2 82  0  0
 1  0      0 3582772 172660 2075592    0    0     0   180 2158 2867 17  3 81  0  0
 1  0      0 3579244 172660 2075680    0    0     0    52 3186 4844 18  3 79  0  0
 1  0      0 3566832 172660 2075808    0    0     0     0 2125 2790 17  3 81  0  0
 1  0      0 3561816 172660 2075996    0    0     0    16 3200 4767 18  3 80  0  0
 1  0      0 3552996 172660 2076160    0    0     0     0 1868 2360 17  2 82  0  0
 1  0      0 3550236 172660 2076280    0    0     0   108 1800 2257 17  2 81  0  0
 1  0      0 3542172 172668 2076432    0    0     0     8 3877 5588 18  4 78  0  0
 1  0      0 3410804 172672 2091404    0    0  1776  1660 8745 10578 12  9 77  2  0
 1  0      0 2916868 172672 2099196    0    0  5056     0 4049 5408 13  5 82  1  0
 0  0      0 2868032 172672 2104544    0    0     0     0 2704 3081 13  3 84  0  0
 1  0      0 2854552 172672 2109060    0    0     0  1372 3413 4449 12  3 85  1  0
procs -----------memory---------- ---swap-- -----io---- -system-- ------cpu-----
 r  b   swpd   free   buff  cache   si   so    bi    bo   in   cs us sy id wa st
 1  0      0 2798832 172676 2114568    0    0     0 10984 4770 6602 13  3 83  0  0
 1  0      0 2780052 172676 2118700    0    0     0  4460 3595 4092 11  3 86  0  0
 1  0      0 2742568 172676 2121784    0    0     0    16 2933 3356 13  2 85  0  0
 1  0      0 2703348 172676 2124496    0    0     0     0 2500 2749 16  2 83  0  0
 0  1      0 2645468 172680 2133568    0    0     0   316 3159 3282 12  3 85  0  0
 0  0      0 2579000 172680 2138412    0    0     0    24 3217 3820 13  4 82  0  0
 1  0      0 2479064 172680 2143760    0    0     0     8 3305 3825 13  3 83  0  0
 0  0      0 2324236 172680 2148960    0    0     0     0 5135 7495 14  5 80  1  0
 1  0      0 2221112 172680 2157136    0    0     0    16 2740 3094 16  3 82  0  0
 0  0      0 2121628 172680 2163228    0    0     0    88 2240 2625 14  3 83  0  0
 1  0      0 1967392 172684 2168020    0    0     0    16 3479 4910 15  4 81  0  0
 1  0      0 1910032 172684 2173084    0    0     0     8 2153 2485 14  3 83  0  0
 1  0      0 1809712 172684 2180032    0    0     0     0 2540 3001 14  3 83  0  0
 1  0      0 1611076 172684 2185108    0    0     0     0 1997 2317 15  3 82  0  0
 0  0      0 1590540 172684 2193204    0    0   796    84 2030 2323 15  2 82  0  0
 1  0      0 1439532 172684 2199000    0    0     0    20 2611 3347 15  4 81  0  0
 1  1      0 1419180 172684 2206548    0    0     0 63364 3615 5031 15  4 79  2  0
 0  6      0 1344360 172684 2209236    0    0     0 15500 3299 4819  9  2 56 33  0
 2  0      0 1227180 172684 2212676    0    0     0  4012 9877 14303  6  3 31 61  0
 3  0      0 1117836 172684 2217476    0    0     0     0 2217 2724 14  3 83  0  0
 2  0      0 1013404 172684 2222420    0    0     0     0 3042 4164 15  3 82  0  0
procs -----------memory---------- ---swap-- -----io---- -system-- ------cpu-----
 r  b   swpd   free   buff  cache   si   so    bi    bo   in   cs us sy id wa st
 2  0      0 868980 172684 2226012    0    0     0     0 2225 2666 14  3 83  0  0
 2  0      0 763508 172684 2230048    0    0     0     0 2115 2449 13  3 84  0  0
 3  0      0 691156 172684 2235444    0    0     0   228 2489 3059 15  5 79  1  0
 2  0      0 716808 172684 2239928    0    0     0     0 2747 3294 13  2 86  0  0
 1  0      0 688768 172688 2243476    0    0     0     0 2624 3341 15  2 83  0  0
 1  0      0 678308 172688 2245420    0    0     0     0 2141 2304 14  2 84  0  0
 2  0      0 583844 172688 2248324    0    0     0     0 2531 3004 13  3 84  0  0
 4  0      0 548772 172688 2254640    0    0     0    84 3997 5886 14  4 82  0  0
 2  0      0 413452 172692 2260496    0    0     0     8 2463 2896 13  4 83  0  0
 2  0      0 2325608 172692 2267456    0    0     0     0 2607 3316 14  4 82  0  0
 3  0      0 2725780 172692 2267588    0    0     0   160 2113 2407 17  3 80  0  0
 3  0      0 2725276 172692 2267596    0    0     0     0 1745 1899 18  1 81  0  0
 2  0      0 2819732 172692 2267632    0    0     0    72 3169 4140 18  4 78  0  0
 1  0      0 3705748 172692 2267616    0    0     0     4 2290 2730  2 10 89  0  0
 3  0      0 3707584 172692 2267636    0    0     0    12 4564 7110  8  4 88  0  0
