procs -----------memory---------- ---swap-- -----io---- -system-- ------cpu-----
 r  b   swpd   free   buff  cache   si   so    bi    bo   in   cs us sy id wa st
 4  0      0 3865064 155176 2322956    0    0     7    41    7    8  2 10 87  1  0
 0  0      0 3863116 155176 2322992    0    0     0     0 7672 12725 13 10 77  0  0
 3  0      0 3862868 155176 2323164    0    0   312     0 4517 7241  2  3 95  0  0
 0  0      0 3862868 155176 2323324    0    0     0     0 3655 5156  1  3 97  0  0
 5  0      0 3862364 155184 2323316    0    0     0  1280 4316 5854  1  3 96  1  0
 0  0      0 3862364 155184 2323356    0    0     0    12 3246 4644  1  2 97  0  0
 1  0      0 3862364 155184 2323356    0    0     0    36 3664 5266  1  2 97  0  0
 0  0      0 3862364 155184 2323368    0    0     0     0 3702 5393  1  3 96  0  0
 0  0      0 3862368 155184 2323396    0    0     0     0 3602 5171  1  3 96  0  0
 0  0      0 3862368 155188 2323408    0    0     0    80 4140 6379  4  3 93  0  0
 1  0      0 3862368 155188 2323428    0    0     0    56 4042 6400  4  3 93  0  0
 0  0      0 3862368 155192 2323432    0    0     0   104 3910 5999  2  2 96  0  0
 1  0      0 3866136 155212 2323772    0    0     0  1148 11931 20180 11 17 70  2  0
 2  0      0 3829864 155256 2327144    0    0  1388  1584 13541 23537 17 21 59  3  0
 2  0      0 3785088 155272 2339636    0    0 11064   604 9200 14438 21 13 61  5  0
 2  0      0 3485996 155272 2341228    0    0  1220    40 3333 4632 30  6 64  0  0
 2  0      0 3417776 155272 2341412    0    0     0    16 3113 4294 32  4 64  0  0
 2  0      0 3399152 155272 2342020    0    0     0    12 3290 4556 31  5 64  0  0
 2  0      0 3372968 155272 2342424    0    0     0    64 3233 4544 32  4 64  0  0
 3  0      0 3347184 155280 2342700    0    0     0  1144 3502 4896 31  5 64  0  0
 2  0      0 3326700 155280 2342708    0    0     0    56 3525 5066 33  4 64  0  0
procs -----------memory---------- ---swap-- -----io---- -system-- ------cpu-----
 r  b   swpd   free   buff  cache   si   so    bi    bo   in   cs us sy id wa st
 2  0      0 3312108 155280 2343164    0    0     0    16 3027 4223 30  4 65  0  0
 2  0      0 3290952 155280 2343348    0    0    52     0 4036 6075 34  4 62  0  0
 2  0      0 3281640 155280 2343628    0    0     0     8 3131 4296 32  3 64  0  0
 2  0      0 3162772 155288 2356100    0    0   128   416 8617 10456 27  9 62  2  0
 2  0      0 3087028 155288 2368360    0    0     0    36 7712 9155 30  7 62  1  0
 2  0      0 3417280 155296 2368476    0    0     0   328 3470 4952 32  5 63  0  0
 2  0      0 3385868 155316 2369196    0    0     0  1156 11241 19389 27 16 55  2  0
 4  0      0 3369200 155344 2371664    0    0   103  1544 10750 19360 32 18 43  7  0
 4  0      0 3246368 155368 2373824    0    0     0   628 6314 10585 40 14 45  1  0
 3  0      0 3116416 155368 2374136    0    0     0    60 3781 5529 47  7 46  0  0
 3  0      0 2949396 155368 2375056    0    0   472    32 3298 4274 46  6 47  0  0
 3  0      0 2928772 155368 2375560    0    0     0    32 4322 6069 49  6 46  0  0
 3  0      0 2781616 155368 2375856    0    0     0    12 3521 4390 47  6 47  0  0
 3  0      0 2601628 155376 2378552    0    0     0   200 4350 5538 43  8 48  1  0
 4  0      0 2543040 155376 2383784    0    0     0    12 4781 5762 45  4 50  1  0
 2  0      0 2525636 155376 2385812    0    0     0    48 4444 5717 45  6 49  0  0
 3  0      0 2505416 155376 2388664    0    0     0  4740 4498 5774 46  6 48  0  0
 3  0      0 2483968 155376 2392208    0    0     0     8 4894 6412 46  5 49  0  0
 3  0      0 2403524 155380 2395900    0    0     0   264 4797 6193 43  7 49  1  0
 4  0      0 2328864 155380 2411680    0    0     0    76 10213 12667 43  9 47  2  0
 4  0      0 2222784 155380 2427376    0    0     0    44 9202 10416 41  8 49  2  0
procs -----------memory---------- ---swap-- -----io---- -system-- ------cpu-----
 r  b   swpd   free   buff  cache   si   so    bi    bo   in   cs us sy id wa st
 2  0      0 2582824 155396 2427580    0    0    71   468 6503 10424 48 12 40  0  0
 3  0      0 2553764 155412 2428436    0    0     0  1052 9016 15960 42 14 42  2  0
 4  0      0 2546292 155540 2427036    0    0     0  7984 7966 13179 42 14 29 15  0
 2  0      0 3274560 155548 2427216    0    0     0   276 6227 10200 44 16 39  1  0
 2  0      0 3103004 155548 2427344    0    0     0     0 3341 4763 31  5 64  0  0
 2  0      0 3093180 155724 2427584    0    0   176     0 3174 4418 33  3 64  0  0
 2  0      0 3077580 155724 2427804    0    0     0    44 3390 4703 32  4 64  0  0
 2  0      0 3026380 155724 2428028    0    0     0   384 7126 11647 35  8 56  1  0
 2  0      0 2615588 155728 2429280    0    0     0   640 4934 6900 26  8 66  1  0
 2  0      0 2578408 155728 2432568    0    0     0     4 4711 5716 26  5 69  0  0
 3  0      0 2550392 155728 2435836    0    0     0  2924 6757 9414 27  6 67  1  0
 2  0      0 2525164 155728 2440332    0    0     0     0 5514 6869 25  4 70  1  0
 1  0      0 2303304 155728 2443388    0    0     0     0 6025 8011 24  7 69  0  0
 3  0      0 2074768 155732 2460536    0    0     0   336 10361 11939 20  9 68  3  0
 2  0      0 1993352 155732 2463600    0    0     0    56 5385 6938 26  4 69  0  0
 1  0      0 1971080 155796 2466784    0    0    60    36 5228 6683 27  5 68  0  0
 1  0      0 1877512 155796 2470560    0    0     0     0 5837 7415 25  6 69  0  0
 2  6      0 1857068 155800 2469576    0    0     0 11316 6466 8765 31  7 47 15  0
 2  0      0 1862640 155828 2469316    0    0     0   884 8443 14152 37  7 48  8  0
 2  0      0 2362708 155828 2469384    0    0     0     0 3077 4392 32  4 64  0  0
 1  0      0 2509800 155828 2469392    0    0     0    44 5002 7386 13 15 72  0  0
procs -----------memory---------- ---swap-- -----io---- -system-- ------cpu-----
 r  b   swpd   free   buff  cache   si   so    bi    bo   in   cs us sy id wa st
 1  0      0 2493696 155828 2471576    0    0     0     0 4278 6019 12  4 84  0  0
 0  0      0 2481600 155828 2473100    0    0     0     0 4816 6473 11  5 84  0  0
 1  0      0 2470512 155840 2475016    0    0     0   476 4758 6276 11  4 85  0  0
 1  0      0 2460936 155840 2476364    0    0     0  6848 4878 6515 12  4 84  0  0
 1  0      0 2448336 155840 2478104    0    0     0     0 5046 6566 12  6 82  0  0
 1  0      0 2436492 155840 2479632    0    0     0     0 4717 6264 12  4 85  0  0
 1  0      0 2430696 155840 2480812    0    0     0     0 3932 5199 13  4 83  0  0
 0  0      0 2417604 155844 2482744    0    0     0   404 6039 9109 12  4 83  0  0
 1  0      0 2493956 155844 2483052    0    0     0    60 2958 4163 17  3 80  0  0
 1  0      0 2493704 155844 2483072    0    0     0     4 3744 5720 18  2 80  0  0
 1  0      0 2508460 155844 2483080    0    0     0     0 3140 4350 17  2 80  0  0
 0  0      0 3239744 155844 2483088    0    0     0     0 3154 4631  3  8 89  0  0
 0  0      0 3239744 155852 2483096    0    0     0   744 3880 5171  1  3 95  1  0
 1  0      0 3240432 155852 2483108    0    0     0    32 2962 4549  2  2 96  0  0
 5  0      0 3240500 155852 2483120    0    0     0    44 2840 4308  1  3 96  0  0
 0  0      0 3240500 155852 2483132    0    0     0     4 3363 5053  2  3 95  0  0
 1  0      0 3242652 155852 2483152    0    0     0     0 3356 4909  1  3 96  0  0
 0  0      0 3242428 155860 2483176    0    0     0   120 4206 6472  2  3 95  0  0
 0  0      0 3242428 155860 2483188    0    0     0    16 4294 6335  2  3 95  0  0
 3  0      0 3242428 155860 2483200    0    0     0    24 3538 5535  1  3 96  0  0
 0  0      0 3242428 155916 2483212    0    0    52    44 3622 5268  1  3 96  0  0
