2026-07-14 20:24:27.861 procs -----------memory---------- ---swap-- -----io---- -system-- ------cpu-----
2026-07-14 20:24:27.864 r  b   swpd   free   buff  cache   si   so    bi    bo   in   cs us sy id wa st
2026-07-14 20:24:27.868 2  0      0 3627896 108564 2163144    0    0     7    42    8    5  2 10 87  1  0
2026-07-14 20:24:28.863 1  0      0 3626136 108576 2163176    0    0     0   748 3709 6113  6  3 91  1  0
2026-07-14 20:24:29.864 0  0      0 3625640 108576 2163176    0    0     0     0 1494 2163  1  1 98  0  0
2026-07-14 20:24:30.865 0  0      0 3625640 108576 2163176    0    0     0     0 1256 1739  1  1 99  0  0
2026-07-14 20:24:31.865 3  0      0 3625388 108576 2163176    0    0     0     0 1406 1984  1  1 98  0  0
2026-07-14 20:24:32.867 0  0      0 3625388 108576 2163180    0    0     0     0 1213 1532  2  1 97  0  0
2026-07-14 20:24:33.867 0  0      0 3625388 108584 2163180    0    0     0   776 1998 2484  1  2 97  0  0
2026-07-14 20:24:34.868 0  0      0 3625388 108584 2163180    0    0     0     0 1269 1745  1  1 98  0  0
2026-07-14 20:24:35.869 0  0      0 3625388 108584 2163180    0    0     0     0 1441 1972  1  1 98  0  0
2026-07-14 20:24:36.870 1  0      0 3625388 108584 2163180    0    0     0     0 1729 2759  1  1 97  0  0
2026-07-14 20:24:37.871 7  0      0 3625164 108592 2163188    0    0     0   152 2426 3586  2  3 95  0  0
2026-07-14 20:24:38.872 0  1      0 3620912 108596 2163212    0    0     0   616 8069 13284  9 13 77  1  0
2026-07-14 20:24:39.873 1  0      0 3621004 108628 2164688    0    0     0   932 7344 11617  8 13 78  1  0
2026-07-14 20:24:40.874 1  0      0 3586544 108628 2165332    0    0     0     0 2210 2545 14  4 81  0  0
2026-07-14 20:24:41.874 1  0      0 3416932 108628 2165332    0    0     0     4 1550 1801 15  4 81  0  0
2026-07-14 20:24:42.875 1  0      0 3409636 108628 2165476    0    0     0   504 2040 2433 16  3 81  1  0
2026-07-14 20:24:43.876 1  0      0 3401848 108628 2165764    0    0     0    32 1570 1795 16  2 81  0  0
2026-07-14 20:24:44.875 1  0      0 3387748 108644 2165964    0    0     0   228 3594 5096 18  5 77  0  0
2026-07-14 20:24:45.877 5  0      0 3344472 108656 2166220    0    0     0   948 8338 13715 23 12 63  2  0
2026-07-14 20:24:46.878 1  0      0 3339192 108664 2168068    0    0     0   560 5887 8954 24 11 65  0  0
2026-07-14 20:24:47.879 2  0      0 3214964 108664 2168592    0    0     0     4 1936 2085 30  5 65  0  0
2026-07-14 20:24:48.879 procs -----------memory---------- ---swap-- -----io---- -system-- ------cpu-----
2026-07-14 20:24:48.882 r  b   swpd   free   buff  cache   si   so    bi    bo   in   cs us sy id wa st
2026-07-14 20:24:48.885 2  0      0 3129180 108664 2168784    0    0     0     4 2838 3782 33  5 62  0  0
2026-07-14 20:24:49.880 2  0      0 3111620 108664 2169048    0    0     0   640 4339 6351 34  5 61  1  0
2026-07-14 20:24:50.880 2  0      0 2995464 108664 2181720    0    0     0     0 5561 5052 27  8 64  2  0
2026-07-14 20:24:51.880 2  0      0 2964732 108664 2181980    0    0     0    76 2696 3544 33  3 64  0  0
2026-07-14 20:24:52.882 3  0      0 2944264 108676 2182172    0    0     0   292 1927 2065 32  4 64  0  0
2026-07-14 20:24:53.883 2  0      0 2925468 108676 2182272    0    0     0     4 1984 2130 33  2 65  0  0
2026-07-14 20:24:54.884 2  0      0 2908848 108676 2182616    0    0     0    16 1616 1580 33  2 65  0  0
2026-07-14 20:24:55.884 2  0      0 2897848 108676 2182920    0    0     0     0 1764 1871 32  3 65  0  0
2026-07-14 20:24:56.885 2  0      0 2889536 108676 2183140    0    0     0     0 1657 1841 32  3 65  0  0
2026-07-14 20:24:57.886 2  0      0 2773008 108684 2195832    0    0     0   120 7272 7883 27  8 63  2  0
2026-07-14 20:24:58.887 3  0      0 2496448 108684 2196712    0    0   432     0 2911 3678 31  6 63  0  0
2026-07-14 20:24:59.887 2  0      0 2455140 108684 2201380    0    0     0     0 4332 5818 29  4 66  0  0
2026-07-14 20:25:00.888 2  0      0 2432308 108684 2204568    0    0     0   268 3319 3851 29  3 67  0  0
2026-07-14 20:25:01.889 2  0      0 2424440 108684 2206760    0    0     0     0 3158 3494 29  3 67  0  0
2026-07-14 20:25:02.888 2  0      0 2413212 108688 2209252    0    0     0   168 3261 3742 30  4 66  0  0
2026-07-14 20:25:03.890 2  0      0 2390704 108688 2212996    0    0     0     0 3530 4175 29  3 67  0  0
2026-07-14 20:25:04.889 2  0      0 2345344 108688 2216604    0    0     0     0 2975 3374 28  4 68  0  0
2026-07-14 20:25:05.892 1  0      0 2221420 108688 2218676    0    0     0   152 3360 4208 28  4 68  0  0
2026-07-14 20:25:06.892 2  1      0 2077468 108688 2222492    0    0     0     0 4917 6271 24  5 70  0  0
2026-07-14 20:25:07.894 2  0      0 2060868 108696 2226500    0    0     0   104 3732 4137 27  5 68  1  0
2026-07-14 20:25:08.893 2  0      0 2046732 108696 2230828    0    0     0     0 4461 5711 29  4 66  0  0
2026-07-14 20:25:09.894 procs -----------memory---------- ---swap-- -----io---- -system-- ------cpu-----
2026-07-14 20:25:09.897 r  b   swpd   free   buff  cache   si   so    bi    bo   in   cs us sy id wa st
2026-07-14 20:25:09.900 2  1      0 2661300 108696 2234752    0    0     0     4 5203 6740 26  7 67  0  0
2026-07-14 20:25:10.896 1  0      0 2778304 108696 2239080    0    0     0    76 3491 3547 10  6 83  1  0
2026-07-14 20:25:11.897 0  0      0 2767244 108696 2242212    0    0     0     0 3483 3934 11  3 85  0  0
2026-07-14 20:25:12.898 0  0      0 2750496 108700 2246768    0    0     0    76 3722 3976 10  4 86  1  0
2026-07-14 20:25:13.898 1  0      0 2738612 108700 2250428    0    0     0     0 3818 4444 12  3 85  0  0
2026-07-14 20:25:14.899 1  0      0 2738612 108700 2250460    0    0     0     0 1351 1524 17  2 81  0  0
2026-07-14 20:25:15.900 1  0      0 2738612 108700 2250460    0    0     0    36 1455 1599 18  1 81  0  0
2026-07-14 20:25:16.900 1  0      0 3231296 108700 2250460    0    0     0     4 1583 1789 16  3 82  0  0
2026-07-14 20:25:17.901 1  0      0 3527080 108704 2250460    0    0     0    64 1726 2322  1  6 93  0  0
2026-07-14 20:25:18.902 2  0      0 3527080 108704 2250460    0    0     0     0 1696 2268  2  3 95  0  0
2026-07-14 20:25:19.903 1  0      0 3527080 108704 2250460    0    0     0     0 2881 4667  3  3 94  0  0
2026-07-14 20:25:20.906 1  0      0 3527080 108704 2250460    0    0     0    76 1329 1788  1  1 98  0  0
2026-07-14 20:25:21.906 1  0      0 3527080 108704 2250460    0    0     0     0 2148 3229  1  2 97  0  0
2026-07-14 20:25:22.907 1  0      0 3528928 108704 2250460    0    0     0     0 1702 2402  1  2 97  0  0
2026-07-14 20:25:23.908 1  0      0 3528680 108712 2250460    0    0     0    36 1487 2012  1  2 97  0  0
2026-07-14 20:25:24.909 3  0      0 3528428 108712 2250460    0    0     0     0 1239 1667  1  2 98  0  0
2026-07-14 20:25:25.909 1  0      0 3528428 108712 2250464    0    0     0     0 1318 1895  1  1 98  0  0
2026-07-14 20:25:26.909 1  0      0 3528428 108712 2250464    0    0     0     0 1063 1398  1  1 98  0  0
2026-07-14 20:25:27.911 1  0      0 3528428 108712 2250464    0    0     0    32 1751 2460  1  2 97  0  0
2026-07-14 20:25:28.911 1  0      0 3528428 108720 2250464    0    0     0    56 1597 2153  2  2 96  0  0
2026-07-14 20:25:29.912 2  0      0 3528428 108720 2250464    0    0     0     0 2696 4373  2  3 95  0  0
2026-07-14 20:25:30.912 procs -----------memory---------- ---swap-- -----io---- -system-- ------cpu-----
2026-07-14 20:25:30.915 r  b   swpd   free   buff  cache   si   so    bi    bo   in   cs us sy id wa st
2026-07-14 20:25:30.918 2  0      0 3528428 108720 2250464    0    0     0  2888 1649 1877  1  2 97  0  0
2026-07-14 20:25:31.914 1  0      0 3528428 108720 2250464    0    0     0    12 1491 1784  1  1 98  0  0
2026-07-14 20:25:32.914 1  0      0 3528176 108720 2250464    0    0     0     0 1828 2133  1  2 97  0  0
2026-07-14 20:25:33.916 1  0      0 3527448 108724 2250464    0    0     0    56 1977 2839  3  3 94  0  0
2026-07-14 20:25:34.916 1  0      0 3527448 108724 2250468    0    0     0     0 1173 1549  1  1 98  0  0
2026-07-14 20:25:35.916 1  0      0 3527448 108724 2250472    0    0     0  6076 1835 2641  1  1 98  0  0
2026-07-14 20:25:36.918 1  0      0 3527448 108724 2250472    0    0     0     0 2194 3405  3  2 95  0  0
2026-07-14 20:25:37.919 1  0      0 3527196 108724 2250472    0    0     0  1980 1818 2506  1  2 97  0  0
2026-07-14 20:25:38.920 2  0      0 3527196 108732 2250468    0    0     0   108 1491 1989  1  3 96  0  0
2026-07-14 20:25:39.921 1  0      0 3527196 108732 2250472    0    0     0     0 2864 4763  3  2 95  0  0
2026-07-14 20:25:40.921 1  0      0 3527196 108732 2250472    0    0     0   844 1257 1731  1  1 98  0  0
2026-07-14 20:25:41.922 1  0      0 3527196 108732 2250472    0    0     0     0 1158 1641  0  2 98  0  0
2026-07-14 20:25:42.921 1  0      0 3527196 108732 2250472    0    0     0  9308 1937 2755  1  2 97  0  0
