2026-07-14 19:34:32.874 procs -----------memory---------- ---swap-- -----io---- -system-- ------cpu-----
2026-07-14 19:34:32.877 r  b   swpd   free   buff  cache   si   so    bi    bo   in   cs us sy id wa st
2026-07-14 19:34:32.880 1  0      0 3594128 118924 2166364    0    0     7    42    7    2  2 10 87  1  0
2026-07-14 19:34:33.876 1  1      0 3589484 118928 2166392    0    0     0  1800 5018 8262  4  4 81 11  0
2026-07-14 19:34:34.877 0  1      0 3591784 118928 2166392    0    0     0    20 2186 3163  1  2 81 16  0
2026-07-14 19:34:35.877 2  1      0 3591784 118928 2166384    0    0     0    32 1374 1898  1  1 82 16  0
2026-07-14 19:34:36.879 1  2      0 3591784 118928 2166384    0    0     0    52 2285 3676  2  2 74 22  0
2026-07-14 19:34:37.880 1  2      0 3591784 118928 2166384    0    0     0    52 2098 2925  2  2 64 32  0
2026-07-14 19:34:38.879 1  3      0 3591784 118936 2166380    0    0     0   124 2209 3166  1  3 52 44  0
2026-07-14 19:34:39.882 1  1      0 3591784 118936 2166384    0    0     0    12 1766 2501  1  2 59 39  0
2026-07-14 19:34:40.883 2  0      0 3591784 118936 2166384    0    0     0     0 1492 1978  1  1 96  2  0
2026-07-14 19:34:41.884 1  0      0 3591784 118936 2166384    0    0     0     0 1388 1900  1  2 98  0  0
2026-07-14 19:34:42.883 0  0      0 3591532 118936 2166384    0    0     0     0 1720 2423  1  2 97  0  0
2026-07-14 19:34:43.885 1  0      0 3591532 118948 2166388    0    0     0    92 1330 1773  1  1 93  5  0
2026-07-14 19:34:44.884 0  0      0 3591532 118948 2166392    0    0     0   116 2017 3083  1  2 97  0  0
2026-07-14 19:34:45.888 0  0      0 3591532 118948 2166392    0    0     0     0 1375 1878  1  1 98  0  0
2026-07-14 19:34:46.889 0  0      0 3591532 118948 2166392    0    0     0     0 1454 2005  1  1 98  0  0
2026-07-14 19:34:47.890 1  0      0 3591532 118948 2166392    0    0     0     0 1691 2281  1  2 97  0  0
2026-07-14 19:34:48.891 0  1      0 3591532 118952 2166392    0    0     0    40 1909 2775  2  2 87  9  0
2026-07-14 19:34:49.890 0  0      0 3591532 118952 2166392    0    0     0     8 1322 1902  1  2 96  2  0
2026-07-14 19:34:50.893 0  0      0 3591532 118952 2166392    0    0     0     0 1154 1474  1  2 98  0  0
2026-07-14 19:34:51.892 2  0      0 3591532 118952 2166392    0    0     0     0 2395 3682  3  2 95  0  0
2026-07-14 19:34:52.895 0  0      0 3591532 118952 2166392    0    0     0     0 1896 2755  1  2 97  0  0
2026-07-14 19:34:53.895 procs -----------memory---------- ---swap-- -----io---- -system-- ------cpu-----
2026-07-14 19:34:53.898 r  b   swpd   free   buff  cache   si   so    bi    bo   in   cs us sy id wa st
2026-07-14 19:34:53.902 1  0      0 3591532 118952 2166396    0    0     0     0 1587 2317  1  2 97  0  0
2026-07-14 19:34:54.896 0  1      0 3591284 118956 2166396    0    0     0    48 2382 3430  1  2 86 11  0
2026-07-14 19:34:55.898 0  0      0 3591284 118956 2166396    0    0     0     8 1308 1834  1  1 89  9  0
2026-07-14 19:34:56.898 0  1      0 3591284 118960 2166392    0    0     0    56 1798 2533  1  1 95  3  0
2026-07-14 19:34:57.900 0  0      0 3591060 118964 2166408    0    0     0    68 2930 4401  1  3 79 16  0
2026-07-14 19:34:58.899 0  1      0 3591848 118964 2166420    0    0     0    20 3257 4848  3  5 84  8  0
2026-07-14 19:34:59.902 1  1      0 3591848 118964 2166420    0    0     0    28 1618 2243  1  2 81 16  0
2026-07-14 19:35:00.904 0  1      0 3591848 118964 2166420    0    0     0    40 1364 1799  1  2 81 16  0
2026-07-14 19:35:01.905 0  1      0 3591872 118968 2166436    0    0     0   192 2944 4419  4  3 77 15  0
2026-07-14 19:35:02.906 0  1      0 3591872 118968 2166440    0    0     0   112 1816 2397  1  3 80 16  0
2026-07-14 19:35:03.907 0  1      0 3591872 118968 2166444    0    0     0     0 1278 1715  1  2 81 17  0
2026-07-14 19:35:04.907 0  1      0 3591872 118968 2166448    0    0     0    12 2032 3088  1  3 80 17  0
2026-07-14 19:35:05.909 0  2      0 3591872 118968 2166448    0    0     0     0 1463 1700  1  2 79 19  0
2026-07-14 19:35:06.909 0  2      0 3591872 118972 2166444    0    0     0   156 2325 3278  1  2 78 19  0
2026-07-14 19:35:07.910 0  1      0 3591620 118976 2166448    0    0     0    28 2285 3045  1  2 72 24  0
2026-07-14 19:35:08.912 0  1      0 3591396 118976 2166448    0    0     0    24 2324 3291  6  2 76 16  0
2026-07-14 19:35:09.913 0  1      0 3591396 118976 2166448    0    0     0    80 1491 2132  2  2 80 16  0
2026-07-14 19:35:10.914 0  1      0 3591396 118976 2166448    0    0     0    36 1228 1756  1  1 82 16  0
2026-07-14 19:35:11.913 0  1      0 3591396 118976 2166448    0    0     0    12 2040 2873  1  2 81 16  0
2026-07-14 19:35:12.917 0  2      0 3591396 118984 2166448    0    0     0   176 2235 3201  2  2 64 32  0
2026-07-14 19:35:13.918 0  2      0 3591396 118984 2166448    0    0     0     0 1306 1595  1  2 65 32  0
2026-07-14 19:35:14.918 procs -----------memory---------- ---swap-- -----io---- -system-- ------cpu-----
2026-07-14 19:35:14.921 r  b   swpd   free   buff  cache   si   so    bi    bo   in   cs us sy id wa st
2026-07-14 19:35:14.925 0  2      0 3591396 118984 2166448    0    0     0     0 2419 3886  1  2 65 31  0
2026-07-14 19:35:15.920 0  2      0 3591396 118984 2166452    0    0     0     0 1057 1423  1  1 66 32  0
2026-07-14 19:35:16.918 0  2      0 3591396 118984 2166452    0    0     0    12 1474 1909  1  2 65 32  0
2026-07-14 19:35:17.922 0  2      0 3584216 118988 2166516    0    0     0   116 3796 6169  3  5 66 26  0
2026-07-14 19:35:18.923 0  1      0 3584216 118996 2166520    0    0     0    28 2614 4039  2  3 72 23  0
2026-07-14 19:35:19.924 0  1      0 3584216 118996 2166520    0    0     0    32 1503 2146  2  2 81 16  0
2026-07-14 19:35:20.925 1  0      0 3574120 119004 2166524    0    0     0   328 3843 5731  4  7 79  9  0
2026-07-14 19:35:21.924 1  0      0 3561848 119020 2168352    0    0     0   568 5781 9105 11  9 80  0  0
2026-07-14 19:35:22.926 1  0      0 3428032 119020 2168608    0    0     0   388 1960 2353 15  5 81  0  0
2026-07-14 19:35:23.927 1  0      0 3372916 119020 2168624    0    0     0     4 1522 1844 15  3 82  0  0
2026-07-14 19:35:24.928 1  0      0 3363868 119020 2168800    0    0     0     0 2149 2875 16  3 81  0  0
2026-07-14 19:35:25.929 1  0      0 3352540 119020 2169072    0    0     0     0 1464 1700 17  2 81  0  0
2026-07-14 19:35:26.927 1  0      0 3329356 119024 2169260    0    0     0   132 1801 2027 16  3 81  0  0
2026-07-14 19:35:27.930 1  0      0 3323332 119024 2169328    0    0     0     8 1782 2085 17  2 81  0  0
2026-07-14 19:35:28.931 1  0      0 3317788 119024 2169472    0    0     0     4 2061 2702 16  3 81  0  0
2026-07-14 19:35:29.932 1  0      0 3306460 119024 2169608    0    0     0     4 1743 2034 16  2 82  0  0
2026-07-14 19:35:30.933 1  0      0 3300336 119024 2169748    0    0     0     0 1280 1296 16  2 82  0  0
2026-07-14 19:35:31.932 0  0      0 3190420 119040 2183536    0    0     0   428 7988 9828 14 10 73  3  0
2026-07-14 19:35:32.935 7  0      0 3163836 119052 2185592    0    0  1562   652 8333 13511 22 13 63  3  0
2026-07-14 19:35:33.935 2  0      0 3151688 119080 2187704    0    0     0   964 7230 11563 24 13 62  1  0
2026-07-14 19:35:34.935 2  0      0 3105120 119080 2188124    0    0     0     4 3165 4488 32  5 63  0  0
2026-07-14 19:35:35.937 procs -----------memory---------- ---swap-- -----io---- -system-- ------cpu-----
2026-07-14 19:35:35.940 r  b   swpd   free   buff  cache   si   so    bi    bo   in   cs us sy id wa st
2026-07-14 19:35:35.943 3  0      0 2934384 119080 2188300    0    0     0     0 1797 2020 31  4 65  0  0
2026-07-14 19:35:36.938 2  0      0 2922552 119080 2188556    0    0     0     4 2519 3411 32  4 65  0  0
2026-07-14 19:35:37.938 2  0      0 2905692 119080 2188876    0    0     0     0 2269 3077 33  3 63  0  0
2026-07-14 19:35:38.939 2  0      0 2886804 119080 2189196    0    0     0     4 2423 3471 32  4 64  0  0
2026-07-14 19:35:39.940 2  0      0 2868744 119084 2189372    0    0     0   140 2158 2709 32  4 64  0  0
2026-07-14 19:35:40.941 1  0      0 2429448 119084 2190380    0    0   112     0 2150 2030 27  7 67  0  0
2026-07-14 19:35:41.942 1  0      0 2400100 119084 2193360    0    0     0   564 3822 4292 26  4 69  2  0
2026-07-14 19:35:42.943 2  0      0 2374632 119084 2196604    0    0     0     0 3576 3892 27  4 69  0  0
2026-07-14 19:35:43.943 2  0      0 2333704 119084 2200324    0    0     0  3156 3857 4212 26  4 70  0  0
2026-07-14 19:35:44.944 2  0      0 2207180 119092 2217388    0    0     0   176 9446 10231 21  7 69  2  0
2026-07-14 19:35:45.943 1  0      0 2192276 119092 2220432    0    0     0     0 3421 3587 27  3 70  0  0
2026-07-14 19:35:46.945 1  0      0 2169340 119092 2223988    0    0     0    32 3159 3078 26  4 70  0  0
2026-07-14 19:35:47.945 1  0      0 2147624 119092 2226896    0    0     0   120 3978 4519 27  4 69  0  0
2026-07-14 19:35:48.946 2  0      0 2125144 119092 2230572    0    0     0     0 4297 4964 28  4 68  0  0
2026-07-14 19:35:49.945 2  0      0 2101768 119100 2234016    0    0     0   116 3192 3198 27  3 69  0  0
2026-07-14 19:35:50.948 2  0      0 2092708 119100 2234180    0    0     0     0 2015 2140 33  2 65  0  0
2026-07-14 19:35:51.948 2  0      0 1785516 119100 2234276    0    0     0     0 3024 3794 30  5 66  0  0
2026-07-14 19:35:52.950 2  0      0 2739092 119100 2236312    0    0     0    68 3452 4004 20 11 69  0  0
2026-07-14 19:35:53.951 1  0      0 2724544 119100 2238240    0    0     0  2452 2543 2909 12  5 84  0  0
2026-07-14 19:35:54.952 1  0      0 2712960 119108 2240000    0    0     0   104 3055 4048 12  2 86  0  0
2026-07-14 19:35:55.953 1  0      0 2710188 119108 2241340    0    0     0     0 1944 2254 12  3 86  0  0
2026-07-14 19:35:56.953 procs -----------memory---------- ---swap-- -----io---- -system-- ------cpu-----
2026-07-14 19:35:56.955 r  b   swpd   free   buff  cache   si   so    bi    bo   in   cs us sy id wa st
2026-07-14 19:35:56.958 1  0      0 2697588 119108 2243064    0    0     0     0 2123 2464 11  3 86  0  0
2026-07-14 19:35:57.954 1  0      0 2686260 119108 2244504    0    0     0     0 2768 3112 11  4 86  0  0
2026-07-14 19:35:58.954 1  0      0 2677944 119108 2245732    0    0     0    32 2371 3188 15  3 83  0  0
2026-07-14 19:35:59.956 1  0      0 2665848 119116 2247628    0    0     0    84 2435 2947 12  2 86  0  0
2026-07-14 19:36:00.957 1  0      0 2742848 119116 2247952    0    0     0     0 1226 1309 16  2 82  0  0
2026-07-14 19:36:01.958 1  0      0 2742904 119116 2247956    0    0     0     0 1399 1781 17  1 82  0  0
2026-07-14 19:36:02.959 1  0      0 2760184 119116 2247956    0    0     0   116 1868 2120 17  2 81  0  0
2026-07-14 19:36:03.960 0  0      0 3482332 119116 2247956    0    0     0     4 1449 1722  3  6 91  0  0
2026-07-14 19:36:04.960 0  0      0 3482088 119120 2247956    0    0     0    52 2322 3663  2  2 96  0  0
2026-07-14 19:36:05.962 0  0      0 3482088 119120 2247956    0    0     0     0 1448 2091  1  2 98  0  0
2026-07-14 19:36:06.962 0  0      0 3482088 119120 2247956    0    0     0     0 1935 3031  1  2 97  0  0
2026-07-14 19:36:07.961 0  0      0 3481584 119120 2247956    0    0     0     0 1881 2460  1  2 97  0  0
2026-07-14 19:36:08.964 0  0      0 3481136 119120 2247956    0    0     0 20856 3504 5476  3  3 94  0  0
2026-07-14 19:36:09.966 0  0      0 3481136 119120 2247956    0    0     0     0 1586 2192  3  2 95  0  0
2026-07-14 19:36:10.965 1  0      0 3481136 119128 2247956    0    0     0   564 1433 1869  1  2 97  0  0
