procs -----------memory---------- ---swap-- -----io---- -system-- ------cpu-----
 r  b   swpd   free   buff  cache   si   so    bi    bo   in   cs us sy id wa st
 9  0      0 4200208  44996 1408256    0    0     7     5    1   18  1  5 93  0  0
 1  0      0 4200412  44996 1408304    0    0     0    24 18496 31917 11 16 73  0  0
 1  0      0 4200412  44996 1408332    0    0     0    12 15274 24867  1  9 91  0  0
 0  0      0 4200412  44996 1408376    0    0     0     8 15147 24883  1  8 90  0  0
 1  0      0 4200412  45004 1408408    0    0     0   104 16224 25949  1 10 89  0  0
 1  0      0 4200160  45004 1408456    0    0     0   428 16274 26214  2 10 88  0  0
 1  0      0 4200160  45004 1408468    0    0     0   216 15397 24978  1 10 89  0  0
 0  0      0 4200160  45004 1408528    0    0     0    24 15852 25419  1 10 90  0  0
 0  0      0 4200160  45004 1408564    0    0     0     4 15407 25092  1  9 90  0  0
 1  0      0 4200160  45016 1408576    0    0     0   280 15887 25714  1  9 90  0  0
 0  0      0 4199656  45016 1408628    0    0     4     0 15570 25523  2  9 89  0  0
 0  0      0 4199656  45016 1408664    0    0     0   112 16984 26909  2  9 89  0  0
 1  0      0 4199408  45016 1408708    0    0     0    40 15585 25147  1 10 89  0  0
 0  0      0 4199408  45016 1408732    0    0     0     8 16266 25913  1  9 89  0  0
 0  0      0 4199408  45016 1408780    0    0     0    80 15560 25400  1  9 89  0  0
 0  0      0 4199408  45016 1408804    0    0     0     8 16584 27131  1  9 89  0  0
 0  0      0 4199408  45016 1408848    0    0     0     8 15169 24758  1  8 91  0  0
 0  0      0 4198904  45016 1408888    0    0     0   132 15628 25195  1  9 90  0  0
 1  0      0 4198904  45016 1408936    0    0     0     8 15904 25209  1  9 90  0  0
 0  0      0 4198904  45020 1408960    0    0     4   140 15279 24847  1  8 91  0  0
 1  0      0 4198172  45032 1409044    0    0     0   172 17835 28657  4 12 84  0  0
procs -----------memory---------- ---swap-- -----io---- -system-- ------cpu-----
 r  b   swpd   free   buff  cache   si   so    bi    bo   in   cs us sy id wa st
 2  0      0 4170124  45040 1410024    0    0     0  1084 21463 37141 10 21 67  2  0
 1  0      0 4145380  45060 1410800    0    0     0   840 14454 25418 15 11 73  0  0
 1  0      0 3999036  45060 1410980    0    0     0   120 12959 22757 16  9 74  0  0
 1  0      0 3986704  45060 1411096    0    0     0     4 12486 22124 18  8 74  0  0
 3  0      0 3966052  45060 1411440    0    0     0   648 12951 22575 17  9 74  0  0
 2  0      0 3953956  45060 1411584    0    0     4    24 12705 22500 17  8 75  0  0
 3  0      0 3882816  45068 1421184    0    0     0   268 16827 26704 13 12 73  1  0
 0  1      0 3531980  45084 1427316    0    0  1936   304 18878 29733 10 15 73  2  0
 3  0      0 3479620  45100 1431792    0    0     0  1172 21499 35954 16 18 63  3  0
 1  1      0 3474344  45124 1437108    0    0     0   648 17575 29723 20 18 60  2  0
 1  1      0 3333624  45124 1441272    0    0     0     0 14867 24952 26 10 63  2  0
 2  0      0 3265264  45124 1444796    0    0     0   712 15251 25621 27 10 60  3  0
 1  0      0 3242540  45124 1448380    0    0     0    32 14363 24393 27 10 61  2  0
 2  0      0 3210144  45124 1451416    0    0     4     8 13729 23391 26 11 61  2  0
 1  0      0 3182772  45140 1454544    0    0     0   356 14677 24849 28 10 61  2  0
 3  0      0 3019400  45140 1471008    0    0     0   392 21517 32275 19 16 62  3  0
 1  1      0 2730880  45140 1505288    0    0 30276    80 16661 26456 19 14 61  6  0
 1  0      0 3338384  45140 1511280    0    0     0    28 14492 24184 21 12 66  1  0
 1  0      0 3323404  45140 1515628    0    0     0     8 15525 25052 11  9 79  1  0
 1  0      0 3297924  45144 1519100    0    0     0   264 16881 26948 10 10 79  1  0
 0  0      0 3260492  45144 1523688    0    0     0     8 16602 26214 11 11 77  1  0
procs -----------memory---------- ---swap-- -----io---- -system-- ------cpu-----
 r  b   swpd   free   buff  cache   si   so    bi    bo   in   cs us sy id wa st
 1  0      0 3231380  45156 1528000    0    0     4   228 18516 30176 14 13 72  1  0
 2  0      0 3181256  45172 1531096    0    0     0  1092 18987 33156 22 18 59  2  0
 3  0      0 3134228  45188 1536744    0    0     0   676 16450 26708 25 15 59  1  0
 3  0      0 2908784  45188 1543760    0    0     0     0 16030 25760 29 12 58  1  0
 2  0      0 2839648  45188 1548960    0    0     0   104 14857 24753 29 10 60  1  0
 2  0      0 2740112  45188 1554244    0    0     0    32 15562 25209 27 10 62  1  0
 1  0      0 2560708  45188 1559724    0    0     0    48 14691 23860 27 11 61  0  0
 3  0      0 2488784  45196 1567440    0    0     0   196 14200 23357 30  8 61  1  0
 3  0      0 1973840  45196 1575056    0    0     4     0 17097 26560 22 15 62  1  0
 2  0      0 1831860  45196 1582952    0    0     0     0 16936 26608 20 12 66  2  0
10  0      0 1699608  45196 1590508    0    0     0   884 16693 27246 23 11 64  2  0
 1  0      0 1626068  45196 1599128    0    0   171    28 16804 26321 22 11 65  2  0
 1  0      0 1508804  45200 1610240    0    0     0   232 17466 27312 22 15 61  3  0
 2  1      0 1402828  45200 1618708    0    0     0     8 16256 26166 22 12 63  2  0
 3  1      0 1321168  45200 1629208    0    0     0     0 17010 27083 21 11 66  3  0
 2  0      0 1211872  45200 1637536    0    0     0    12 16535 26309 21 12 65  2  0
 2  0      0 1199844  45200 1648532    0    0     4   120 18570 28241 20 13 65  3  0
 5  0      0 1010152  45208 1657208    0    0     0   108 18179 27933 22 13 62  3  0
 2  0      0 1073492  45208 1663604    0    0     0     4 13877 23620 29 13 57  1  0
 0  0      0 1524740  45208 1668856    0    0     0     8 15963 25389 13 13 73  1  0
 5  1      0 1424648  45208 1675484    0    0     0   148 17647 28264 14 13 73  1  0
procs -----------memory---------- ---swap-- -----io---- -system-- ------cpu-----
 r  b   swpd   free   buff  cache   si   so    bi    bo   in   cs us sy id wa st
 2  0      0 1302384  45208 1681372    0    0     0    24 17006 26487 14 14 71  1  0
 1  0      0 1183736  45212 1687636    0    0     0   216 15463 25549 14 15 70  1  0
 1  0      0 1083520  45212 1693256    0    0     0    24 15436 25569 13 10 76  1  0
 0  1      0 1118716  45212 1700476    0    0     4    12 15825 25580 13  9 77  1  0
 1  0      0 1090652  45212 1703508    0    0     0   292 14959 24693 13 10 77  1  0
 0  0      0 1089240  45212 1706160    0    0     0   100 15806 25530 13  9 77  1  0
 0  1      0 1067524  45216 1710648    0    0     0   124 17774 28214 11 11 76  1  0
 1  0      0 990208  45216 1715484    0    0     0   116 17236 26968 13 12 74  1  0
 1  0      0 888616  45216 1723008    0    0     0     8 16103 25557 12 11 76  1  0
 2  0      0 839472  45216 1731644    0    0     0    20 18036 28176 12 12 75  2  0
 0  1      0 789896  45216 1739120    0    0     0    64 17469 27102 14 11 74  1  0
 1  0      0 3857600  45228 1739144    0    0     4    88 15773 25476 15 14 71  0  0
 0  0      0 3859968  45228 1739208    0    0     0   124 17958 28428  3 12 86  0  0
 0  0      0 3859720  45228 1739220    0    0     0     0 16286 26358  2  9 89  0  0
 0  0      0 3859472  45228 1739280    0    0     0     8 15715 25334  1  9 89  0  0
 0  0      0 3859472  45228 1739320    0    0     0    20 16318 26328  2  9 89  0  0
 0  0      0 3859472  45236 1739344    0    0     0   132 16277 25855  1  9 90  0  0
 0  0      0 3859220  45236 1739388    0    0     0   112 16169 26147  1  9 89  0  0
 0  0      0 3859220  45236 1739428    0    0     0     8 15354 25450  1  8 91  0  0
 2  0      0 3858968  45236 1739452    0    0     4    24 16910 27411  1 11 88  0  0
 0  0      0 3858968  45236 1739496    0    0     0    28 15859 25659  2  9 90  0  0
procs -----------memory---------- ---swap-- -----io---- -system-- ------cpu-----
 r  b   swpd   free   buff  cache   si   so    bi    bo   in   cs us sy id wa st
 1  0      0 3858968  45244 1739524    0    0     0   204 16229 26131  2  9 89  0  0
 2  0      0 3858464  45244 1739584    0    0     0    12 16349 26244  1  9 90  0  0
 0  0      0 3858464  45244 1739604    0    0     0    92 16745 27190  2 10 88  0  0
 1  0      0 3858464  45244 1739664    0    0     0     4 15607 25347  1  8 91  0  0
 1  0      0 3858464  45244 1739672    0    0     0    16 15565 24868  1  9 90  0  0
 2  0      0 3858464  45256 1739708    0    0     0   100 15396 24944  1  9 90  0  0
 0  0      0 3858212  45256 1739760    0    0     4    20 15747 25720  1  9 89  0  0
 4  0      0 3858212  45256 1739800    0    0     0    20 15963 25615  1 10 89  0  0
 0  0      0 3858212  45256 1739840    0    0     0     8 16554 26614  2 10 88  0  0
 0  0      0 3858212  45256 1739868    0    0     0    24 15859 25526  2  9 90  0  0
 2  0      0 3858212  45264 1739900    0    0     0   188 16380 26527  3 10 87  0  0
 1  0      0 3857960  45264 1739940    0    0     0    12 16123 26279  2 10 88  0  0
 1  0      0 3857960  45264 1739964    0    0     0    20 16089 26217  2 10 88  0  0
 0  0      0 3857460  45264 1740024    0    0     0     8 15779 25520  1  9 90  0  0
 0  0      0 3857460  45264 1740056    0    0     4   408 15811 25431  1  9 90  0  0
 0  0      0 3857460  45268 1740076    0    0     0   196 16232 26133  1  8 90  0  0
 0  0      0 3857220  45268 1740140    0    0     0     0 15816 25515  2  8 90  0  0
 0  0      0 3857220  45268 1740172    0    0     0    32 15780 25613  1  9 90  0  0
 1  0      0 3857220  45268 1740196    0    0     0     4 16410 27081  2 10 89  0  0
 0  0      0 3857220  45268 1740244    0    0     0    24 15894 25691  1  9 90  0  0
 0  0      0 3857220  45276 1740284    0    0     0   136 16065 25966  2 11 87  0  0
