2026-07-14 19:32:42.800 procs -----------memory---------- ---swap-- -----io---- -system-- ------cpu-----
2026-07-14 19:32:42.803 r  b   swpd   free   buff  cache   si   so    bi    bo   in   cs us sy id wa st
2026-07-14 19:32:42.806 2  0      0 3604632 118700 2166148    0    0     7    42    6    2  2 10 87  1  0
2026-07-14 19:32:43.802 1  0      0 3604384 118700 2166156    0    0     0   896 2879 4667  4  4 91  1  0
2026-07-14 19:32:44.802 0  0      0 3604384 118700 2166156    0    0     0     0 1210 1678  1  1 99  0  0
2026-07-14 19:32:45.804 0  0      0 3604384 118700 2166156    0    0     0     0 1197 1658  0  1 99  0  0
2026-07-14 19:32:46.804 0  0      0 3603884 118700 2166160    0    0     0     0 1268 1778  1  2 98  0  0
2026-07-14 19:32:47.806 2  0      0 3603884 118700 2166164    0    0     0     0 1416 1879  2  1 97  0  0
2026-07-14 19:32:48.807 0  0      0 3603884 118704 2166164    0    0     0    36 2244 3312  2  4 94  0  0
2026-07-14 19:32:49.808 0  0      0 3603884 118704 2166164    0    0     0     0 1309 1753  0  1 99  0  0
2026-07-14 19:32:50.808 0  0      0 3603884 118704 2166164    0    0     0     0 1173 1503  1  1 98  0  0
2026-07-14 19:32:51.810 1  0      0 3603636 118704 2166164    0    0     0     0 2502 3939  2  2 96  0  0
2026-07-14 19:32:52.809 0  0      0 3603388 118704 2166164    0    0     0     0 1538 2160  1  2 98  0  0
2026-07-14 19:32:53.811 0  0      0 3603388 118712 2166164    0    0     0    48 2203 3299  2  2 96  0  0
2026-07-14 19:32:54.810 0  0      0 3603388 118712 2166164    0    0     0     0 1221 1582  1  2 98  0  0
2026-07-14 19:32:55.812 0  0      0 3603388 118712 2166164    0    0     0     0 1428 2009  1  2 98  0  0
2026-07-14 19:32:56.813 0  0      0 3603388 118712 2166168    0    0     0     0 1371 1828  1  1 98  0  0
2026-07-14 19:32:57.814 0  0      0 3603388 118712 2166168    0    0     0     0 1458 1967  1  2 98  0  0
2026-07-14 19:32:58.814 0  0      0 3603388 118712 2166168    0    0     0     0 1589 2225  1  2 97  0  0
2026-07-14 19:32:59.816 0  0      0 3603388 118720 2166168    0    0     0    28 1469 2153  1  1 98  0  0
2026-07-14 19:33:00.817 0  0      0 3603388 118720 2166168    0    0     0     0 1175 1566  1  1 98  0  0
2026-07-14 19:33:01.818 1  0      0 3603388 118720 2166168    0    0     0     0 1771 2495  1  2 97  0  0
2026-07-14 19:33:02.819 0  0      0 3603388 118720 2166168    0    0     0     0 1248 1619  1  1 98  0  0
2026-07-14 19:33:03.819 procs -----------memory---------- ---swap-- -----io---- -system-- ------cpu-----
2026-07-14 19:33:03.822 r  b   swpd   free   buff  cache   si   so    bi    bo   in   cs us sy id wa st
2026-07-14 19:33:03.824 1  0      0 3603388 118720 2166168    0    0     0     0 2107 3201  1  3 96  0  0
2026-07-14 19:33:04.818 0  0      0 3603388 118720 2166168    0    0     0    36 1602 1778  2  2 96  0  0
2026-07-14 19:33:05.821 1  0      0 3602444 118724 2166588    0    0   396   132 4559 6636  5  6 89  1  0
2026-07-14 19:33:06.820 1  0      0 3580832 118740 2167096    0    0     0   968 10320 17424 10 15 73  2  0
2026-07-14 19:33:07.821 1  0      0 3579132 118756 2168648    0    0     0   588 4967 7763 12 10 77  1  0
2026-07-14 19:33:08.823 1  0      0 3440832 118756 2168776    0    0     0  1080 2782 3803 16  5 80  0  0
2026-07-14 19:33:09.824 1  0      0 3389988 118756 2168776    0    0     0     0 1875 2329 16  3 81  0  0
2026-07-14 19:33:10.825 1  0      0 3379668 118756 2168824    0    0     0    32 1637 1838 15  3 82  0  0
2026-07-14 19:33:11.826 1  0      0 3364812 118756 2169100    0    0     0     4 1880 2225 17  3 81  0  0
2026-07-14 19:33:12.825 1  0      0 3347364 118764 2169244    0    0     0   144 1639 1833 16  3 81  0  0
2026-07-14 19:33:13.827 1  0      0 3341144 118764 2169292    0    0     0    24 2162 2799 17  2 81  0  0
2026-07-14 19:33:14.826 1  0      0 3332588 118764 2169476    0    0     0     4 1521 1708 16  2 82  0  0
2026-07-14 19:33:15.829 1  0      0 3323528 118764 2169700    0    0     0    12 1474 1621 16  2 82  0  0
2026-07-14 19:33:16.829 1  0      0 3315212 118764 2169792    0    0     0     0 1868 2218 17  2 81  0  0
2026-07-14 19:33:17.831 4  0      0 3207928 118768 2183512    0    0     0   132 6146 6264 12  8 78  2  0
2026-07-14 19:33:18.831 1  0      0 3188392 118780 2183808    0    0    32   208 4680 6575 20  7 73  0  0
2026-07-14 19:33:19.832 2  0      0 3160592 118796 2184300    0    0     0   996 9159 15297 24 12 62  2  0
2026-07-14 19:33:20.833 2  0      0 3153032 118800 2186112    0    0     0   576 4511 6729 27  8 64  0  0
2026-07-14 19:33:21.833 2  0      0 3006724 118800 2186384    0    0     0    20 3341 4682 31  5 63  0  0
2026-07-14 19:33:22.834 2  0      0 2947060 118800 2186564    0    0     0   608 1818 1939 31  4 65  0  0
2026-07-14 19:33:23.835 2  0      0 2936488 118800 2186820    0    0     0     8 2616 3381 33  2 64  0  0
2026-07-14 19:33:24.833 procs -----------memory---------- ---swap-- -----io---- -system-- ------cpu-----
2026-07-14 19:33:24.834 r  b   swpd   free   buff  cache   si   so    bi    bo   in   cs us sy id wa st
2026-07-14 19:33:24.835 3  0      0 2919628 118800 2187172    0    0     0    28 1667 1746 31  4 65  0  0
2026-07-14 19:33:25.837 2  0      0 2776232 118804 2187476    0    0     0   148 1902 2308 31  4 65  0  0
2026-07-14 19:33:26.837 1  0      0 2428232 118804 2189084    0    0     0     0 3069 3160 26  7 67  0  0
2026-07-14 19:33:27.838 2  0      0 2402692 118804 2192836    0    0     0    12 3568 3774 26  4 70  0  0
2026-07-14 19:33:28.838 2  0      0 2374216 118804 2196144    0    0     0     4 3712 4278 27  3 70  0  0
2026-07-14 19:33:29.837 1  0      0 2355704 118804 2199836    0    0     0     0 3490 3916 27  3 70  0  0
2026-07-14 19:33:30.839 2  0      0 2230172 118804 2216440    0    0     0  5608 8700 8960 21  7 70  2  0
2026-07-14 19:33:31.839 2  0      0 2198932 118812 2220044    0    0     0   188 3692 4157 26  4 70  1  0
2026-07-14 19:33:32.840 1  0      0 2179920 118812 2223052    0    0     0    32 2856 2826 26  3 71  0  0
2026-07-14 19:33:33.840 3  0      0 2147508 118812 2226548    0    0     0   200 5685 7721 27  5 68  1  0
2026-07-14 19:33:34.841 2  0      0 2119724 118812 2230100    0    0     0    76 3426 3517 26  3 70  1  0
2026-07-14 19:33:35.839 2  0      0 2109680 118812 2231956    0    0     0     0 2284 2163 31  2 67  0  0
2026-07-14 19:33:36.842 2  0      0 2100876 118824 2232052    0    0     0   144 3125 4222 34  3 63  0  0
2026-07-14 19:33:37.841 2  0      0 2068112 118824 2232164    0    0     0     0 1728 1678 32  3 65  0  0
2026-07-14 19:33:38.843 1  0      0 2748436 118824 2233292    0    0     0     0 3058 3831 12 15 73  0  0
2026-07-14 19:33:39.844 1  0      0 2732308 118824 2235084    0    0     0     4 2692 3234 11  3 87  0  0
2026-07-14 19:33:40.843 7  0      0 2721472 118824 2237156    0    0     0    20 2303 2543 12  2 87  0  0
2026-07-14 19:33:41.845 2  0      0 2710640 118832 2238632    0    0     0   112 2383 2912 12  4 84  0  0
2026-07-14 19:33:42.846 0  0      0 2698040 118832 2240224    0    0     0  7012 2522 2879 12  3 85  0  0
2026-07-14 19:33:43.847 1  0      0 2685444 118832 2241860    0    0     0     0 3249 4328 13  3 84  0  0
2026-07-14 19:33:44.846 1  0      0 2677128 118832 2242824    0    0     0     0 1989 2434 13  3 85  0  0
2026-07-14 19:33:45.848 procs -----------memory---------- ---swap-- -----io---- -system-- ------cpu-----
2026-07-14 19:33:45.850 r  b   swpd   free   buff  cache   si   so    bi    bo   in   cs us sy id wa st
2026-07-14 19:33:45.853 0  0      0 2665536 118832 2244644    0    0     0    24 2666 3222 11  3 86  0  0
2026-07-14 19:33:46.849 2  0      0 2659236 118840 2245828    0    0     0   200 2321 2816 14  3 82  0  0
2026-07-14 19:33:47.850 1  0      0 2738000 118840 2245828    0    0     0     0 1381 1413 17  2 81  0  0
2026-07-14 19:33:48.850 1  0      0 2738000 118840 2245828    0    0     0     0 2064 2867 19  2 80  0  0
2026-07-14 19:33:49.852 0  0      0 3497944 118840 2245828    0    0     0     4 1502 1682  8  6 85  0  0
2026-07-14 19:33:50.853 0  0      0 3497944 118840 2245828    0    0     0  7296 1302 1641  1  1 98  0  0
2026-07-14 19:33:51.854 0  0      0 3497692 118844 2245832    0    0     0   264 2861 4251  2  3 96  0  0
2026-07-14 19:33:52.854 0  0      0 3497948 118844 2245832    0    0     0     0 1708 2180  1  2 98  0  0
2026-07-14 19:33:53.854 0  0      0 3497948 118844 2245836    0    0     0     0 2394 3617  2  3 96  0  0
2026-07-14 19:33:54.856 0  0      0 3497696 118844 2245836    0    0     0     0 2225 3156  2  2 96  0  0
2026-07-14 19:33:55.857 0  0      0 3497696 118848 2245836    0    0     0    84 1099 1418  1  2 98  0  0
2026-07-14 19:33:56.856 1  0      0 3497472 118848 2245836    0    0     0   592 2057 2554  1  2 97  0  0
