procs -----------memory---------- ---swap-- -----io---- -system-- ------cpu-----
 r  b   swpd   free   buff  cache   si   so    bi    bo   in   cs us sy id wa st
 3  0      0 3401920 144304 2355584    0    0     7    42    2    4  2 10 87  1  0
 1  0      0 3408508 144304 2355616    0    0     0     0 10109 17141 14 12 74  0  0
 0  0      0 3408260 144304 2355620    0    0     0     0 6340 10226  1  5 95  0  0
 0  1      0 3408512 144304 2355692    0    0     0   148 4908 7590  1  3 96  0  0
 0  0      0 3407932 144304 2355716    0    0     0  1480 7491 11908  2  6 91  2  0
 0  0      0 3407764 144304 2355728    0    0     0    12 6838 10772  1  6 93  0  0
 0  0      0 3407764 144304 2355756    0    0     0    48 6453 10521  2  5 94  0  0
 0  0      0 3407764 144304 2355784    0    0     0     0 4310 7095  1  3 96  0  0
 0  0      0 3407764 144304 2355796    0    0     0     0 6896 11685  1  6 93  0  0
 1  0      0 3407764 144308 2355828    0    0     0   200 5767 9677  1  5 93  0  0
 0  0      0 3407764 144308 2355836    0    0     0    72 7138 12044  3  5 92  0  0
 2  0      0 3407764 144308 2355872    0    0     0    16 4741 7417  1  3 96  0  0
 0  0      0 3401208 144324 2355880    0    0     0   720 12136 20186  8 14 77  2  0
 1  0      0 3392284 144340 2356196    0    0     0  1052 13580 22622 10 17 71  2  0
 1  0      0 3375944 144356 2357764    0    0     0   620 9942 16340 10 13 77  1  0
 1  0      0 3246348 144356 2357976    0    0     0    48 8162 12242 15  8 77  0  0
 3  0      0 3191788 144356 2358016    0    0     0   224 7756 11900 18  6 75  0  0
 1  0      0 3183988 144356 2358196    0    0     0    12 7063 10630 17  5 78  0  0
 1  0      0 3172156 144356 2358452    0    0     0    68 7421 11256 17  4 79  0  0
 2  0      0 3148480 144364 2358600    0    0     0   788 7416 11140 16  5 78  0  0
 1  0      0 3141680 144364 2358724    0    0     0    28 8431 12866 18  6 76  0  0
procs -----------memory---------- ---swap-- -----io---- -system-- ------cpu-----
 r  b   swpd   free   buff  cache   si   so    bi    bo   in   cs us sy id wa st
 1  0      0 3136400 144364 2358920    0    0     0   112 7143 10906 16  5 79  0  0
 1  0      0 3124808 144364 2358988    0    0     0     0 6956 10848 17  5 78  0  0
 2  0      0 3120536 144364 2359124    0    0     0     8 5837 9793 17  4 79  0  0
 1  0      0 3022240 144372 2371316    0    0     0   412 10012 13431 13  9 77  1  0
 1  0      0 3001108 144372 2371548    0    0     0   124 5728 9123 17  5 78  0  0
 1  0      0 2996080 144372 2371664    0    0     0   116 7438 11603 17  5 78  0  0
 1  0      0 2988268 144372 2371784    0    0     0    36 7318 11059 17  5 78  0  0
 1  0      0 2978956 144384 2371900    0    0     0   336 9318 14358 19  7 73  0  0
 2  0      0 2956772 144404 2372208    0    0     0  1380 12612 21360 24 15 58  3  0
 2  0      0 2953372 144416 2374212    0    0     0   660 10878 18297 26 14 59  0  0
 3  0      0 2850364 144416 2374364    0    0     0    60 6125 9124 31  7 63  0  0
 2  0      0 2732624 144416 2374632    0    0     0    72 6125 9262 31  7 62  0  0
 2  0      0 2470952 144416 2376648    0    0     0     4 6672 9622 27  9 64  0  0
 2  0      0 2424048 144416 2382280    0    0     0   412 7455 10993 29  6 64  1  0
 3  0      0 2406056 144428 2384328    0    0     0   320 7201 10911 29  8 63  1  0
 2  0      0 2390576 144428 2386908    0    0     0    68 7981 12481 29  8 63  0  0
 2  0      0 2374196 144428 2389972    0    0     0  5568 7211 10594 29  6 64  1  0
 2  0      0 2320576 144428 2394252    0    0     0    40 7606 11569 29  7 64  0  0
 2  0      0 2306076 144428 2396352    0    0     0     0 6737 10152 29  6 65  0  0
 2  0      0 2326424 144432 2398444    0    0     0   676 8093 12387 29  7 62  2  0
 3  0      0 2227408 144432 2412004    0    0     0    36 11033 14857 30  8 61  1  0
procs -----------memory---------- ---swap-- -----io---- -system-- ------cpu-----
 r  b   swpd   free   buff  cache   si   so    bi    bo   in   cs us sy id wa st
 2  0      0 2207292 144432 2412624    0    0     0    56 6035 9599 33  4 63  0  0
 2  0      0 2215572 144444 2412704    0    0     0   300 5767 9262 33  5 62  0  0
 1  0      0 2940276 144444 2412876    0    0     0     0 6750 10345 23  9 68  0  0
 1  0      0 2930476 144444 2412964    0    0     0    12 7893 11761 17  7 76  0  0
 1  0      0 2925700 144444 2413144    0    0     0    48 8141 12563 18  5 78  0  0
 2  0      0 2919400 144444 2413264    0    0     0    80 7160 10588 17  4 79  0  0
 1  0      0 2914612 144448 2413356    0    0     0   316 7516 11288 16  6 78  0  0
 3  0      0 2826536 144448 2413496    0    0     0    24 7509 11367 16  5 79  0  0
 1  0      0 2475664 144452 2414372    0    0     0   268 8995 13475 10 11 78  0  0
 1  0      0 2448716 144452 2417952    0    0     0     4 9931 14011 10  7 83  0  0
 1  0      0 2436356 144452 2421348    0    0     0    88 9230 13071 10  6 84  1  0
 1  0      0 2422392 144460 2424952    0    0     0   412 9938 14258 11  5 82  2  0
 2  0      0 2408752 144460 2427924    0    0     0  5508 9125 13014 10  7 83  0  0
 0  0      0 2392880 144460 2431552    0    0     0   224 9176 13250 11  8 81  0  0
 3  0      0 2379808 144460 2434616    0    0     0    28 9152 13360 10  6 84  0  0
 1  0      0 2367180 144460 2438224    0    0     0    52 8561 12043 10  6 84  0  0
 1  0      0 2353416 144472 2441972    0    0     4  4680 9324 13205 10  6 83  1  0
 1  0      0 2347972 144472 2443424    0    0     0    52 6958 10790 16  5 79  0  0
 1  0      0 2347972 144472 2443616    0    0     0    40 8762 13652 19  6 75  0  0
 1  0      0 2481672 144472 2443620    0    0     0     8 5540 9068 17  4 79  0  0
 0  0      0 3308656 144472 2443664    0    0     0    52 7246 10767  1 13 87  0  0
procs -----------memory---------- ---swap-- -----io---- -system-- ------cpu-----
 r  b   swpd   free   buff  cache   si   so    bi    bo   in   cs us sy id wa st
 1  0      0 3308656 144476 2443664    0    0     0   580 6961 10445  1  5 94  1  0
 4  0      0 3308656 144476 2443708    0    0     0    56 6862 10951  1  4 95  0  0
 0  0      0 3308096 144476 2443736    0    0     0    24 6809 10570  2  7 91  0  0
 0  0      0 3308428 144476 2443760    0    0     0    24 7326 12114  2  5 94  0  0
 0  0      0 3308428 144476 2443784    0    0     0    36 4985 8061  1  4 95  0  0
 0  0      0 3308428 144480 2443804    0    0     0   156 7487 12498  2  5 93  0  0
 0  0      0 3308428 144480 2443860    0    0     0    60 5032 8277  1  4 95  0  0
 0  0      0 3308176 144480 2443888    0    0     0    32 8137 13275  2  7 91  0  0
 0  0      0 3308176 144480 2443904    0    0     0    20 5405 8946  1  5 94  0  0
 0  0      0 3308176 144480 2443920    0    0     0    28 6333 10281  1  5 94  0  0
 1  0      0 3308176 144484 2443960    0    0     0   300 6437 10512  1  4 95  0  0
 0  0      0 3308176 144484 2443980    0    0     0    28 5666 9030  1  5 94  0  0
 1  0      0 3307924 144484 2444000    0    0     0    64 5257 8778  2  6 92  0  0
 0  0      0 3308176 144484 2444024    0    0     0    20 6458 10754  2  6 92  0  0
 0  0      0 3308184 144484 2444028    0    0     0    60 6156 10183  1  6 93  0  0
 0  0      0 3308184 144488 2444096    0    0     0   148 6333 10452  1  6 93  1  0
 0  0      0 3308184 144488 2444100    0    0     0    12 4735 7944  2  4 94  0  0
 0  0      0 3308184 144488 2444136    0    0     0   328 6220 10471  2  5 94  0  0
 2  0      0 3304272 144488 2444160    0    0     0    16 7561 11844  5  8 87  0  0
