procs -----------memory---------- ---swap-- -----io---- -system-- ------cpu-----
 r  b   swpd   free   buff  cache   si   so    bi    bo   in   cs us sy id wa st
 3  0      0 3717456  63620 2026668    0    0     6    33    4    3  2  9 89  0  0
 1  0      0 3711184  63628 2026748    0    0     0  1252 25017 43848 12 19 69  1  0
 0  0      0 3710880  63628 2026808    0    0     0     0 23266 39367  2 15 82  0  0
 1  0      0 3710648  63628 2026896    0    0     0     0 23878 40008  2 14 84  0  0
 1  0      0 3710680  63628 2026980    0    0     0     0 22812 39206  2 15 84  0  0
 0  0      0 3710680  63628 2027068    0    0     0     8 23347 39350  2 15 83  0  0
 2  0      0 3710680  63628 2027200    0    0     0  1012 23534 39692  3 15 82  0  0
 0  0      0 3710432  63628 2027296    0    0     0   248 23609 39429  2 15 84  0  0
 0  0      0 3710432  63628 2027440    0    0     0     0 23403 39667  2 16 82  0  0
 0  0      0 3710432  63628 2027600    0    0     0     0 23406 39778  2 16 82  0  0
 0  0      0 3710432  63628 2027720    0    0     0     0 23802 40111  2 15 82  0  0
 0  0      0 3710432  63636 2027784    0    0     0  1596 24381 40426  3 14 82  1  0
 7  0      0 3710184  63636 2027900    0    0     0   452 23913 40137  2 14 84  0  0
 1  0      0 3710184  63636 2027940    0    0     0     0 23005 39102  2 15 83  0  0
 2  0      0 3707668  63644 2030960    0    0  3256   740 25304 42293  3 19 75  2  0
11  0      0 3691128  63664 2031500    0    0     0  1172 26636 46429  9 24 65  2  0
 6  0      0 3683272  63676 2033148    0    0     0   792 21605 39107 12 20 68  0  0
 1  0      0 3553508  63676 2033528    0    0     0   492 19712 36304 17 13 69  0  0
 4  0      0 3505688  63676 2033848    0    0     0   168 19734 36824 18 14 68  0  0
 2  0      0 3495368  63676 2034244    0    0     0     4 18813 35089 17 15 68  0  0
 2  0      0 3476428  63676 2034460    0    0     0     0 19132 35967 18 15 67  0  0
procs -----------memory---------- ---swap-- -----io---- -system-- ------cpu-----
 r  b   swpd   free   buff  cache   si   so    bi    bo   in   cs us sy id wa st
 1  0      0 3462244  63680 2034564    0    0     0   584 19196 35914 18 14 68  1  0
 1  0      0 3370512  63680 2047028    0    0     0   484 29011 44594 11 22 66  1  0
 4  0      0 3349608  63680 2047444    0    0     0   180 22836 38982 17 16 67  0  0
 4  0      0 3341040  63680 2047656    0    0     0     8 22695 39029 18 15 67  0  0
 2  0      0 3331740  63680 2047880    0    0     0     4 20349 36574 17 13 69  0  0
 1  0      0 3327708  63688 2048040    0    0     0  1212 18778 35332 18 13 68  1  0
 2  0      0 3318912  63688 2048280    0    0     0   916 19343 35784 18 14 68  0  0
 6  1      0 3049712  63692 2066132    0    0 17440  1172 21872 38462 13 18 63  6  0
 5  0      0 2993760  63716 2066884    0    0   176  3580 27026 49424 26 28 37  9  0
 3  0      0 2915848  63756 2073008    0    0     0  2256 23311 42295 32 28 37  3  0
 5  0      0 2618316  63756 2078388    0    0     0    36 21183 37752 41 18 40  1  0
 3  0      0 2490948  63756 2080496    0    0     0   140 20737 37246 43 16 40  1  0
 5  0      0 2481172  63756 2083296    0    0     0   392 21714 38718 41 18 40  2  0
 3  1      0 2433376  63756 2086008    0    0     0   160 21806 38732 44 16 39  2  0
 3  0      0 2400360  63764 2090020    0    0     0   592 20992 37629 43 15 39  2  0
 1  2      0 2237600  63764 2101160    0    0     0    12 23477 39139 38 18 42  2  0
 4  0      0 1367692  63764 2111184    0    0  1612    48 22358 37378 24 33 41  3  0
 2  1      0 1362744  63764 2114700    0    0     0   940 22020 38157 31 18 48  4  0
 3  0      0 1347816  63764 2117872    0    0     0   404 20544 35545 34 17 46  3  0
 2  0      0 2062500  63768 2121084    0    0     0   616 23088 38721 22 24 51  3  0
 2  0      0 2047336  63768 2124280    0    0     0    20 25966 41166 18 18 61  3  0
procs -----------memory---------- ---swap-- -----io---- -system-- ------cpu-----
 r  b   swpd   free   buff  cache   si   so    bi    bo   in   cs us sy id wa st
 3  1      0 2028016  63772 2126820    0    0     0   276 24235 40002 18 21 58  2  0
 3  2      0 1918204  63800 2129808    0    0     0  1832 25353 43526 23 24 43 10  0
 6  0      0 1757940  63824 2136296    0    0     0  1276 24746 42463 25 27 46  3  0
 4  0      0 1627092  63824 2139324    0    0     0    60 20581 34958 31 19 47  3  0
 4  0      0 1537956  63824 2142940    0    0     0     4 20421 34996 35 19 44  2  0
 3  0      0 1360204  63824 2145880    0    0     0    40 19870 34207 32 18 47  3  0
 3  0      0 1330952  63824 2147604    0    0     0    44 17629 31989 45 14 40  1  0
 1  0      0 3332520  63828 2150456    0    0  2684   776 18027 33228 29 24 47  1  0
 2  0      0 3282044  63828 2150960    0    0     0  1880 22980 39699 16 18 66  0  0
 0  0      0 2870224  63828 2172336    0    0  7424    28 26142 42156 10 21 67  2  0
 0  0      0 2856592  63828 2174572    0    0     0     0 23894 40098 11 15 72  2  0
 1  0      0 2844216  63828 2175612    0    0     0   332 24995 41659 12 17 69  2  0
 1  0      0 2835172  63840 2177448    0    0     0   868 23093 39059 10 17 69  3  0
 0  0      0 2829700  63840 2178996    0    0     0   284 24233 40198 11 16 71  1  0
 1  0      0 2822896  63840 2180024    0    0     0   148 23397 39545 14 14 71  1  0
 1  0      0 2810640  63840 2181608    0    0     0   384 23112 39447 10 15 74  1  0
 2  0      0 2801812  63840 2183012    0    0     0   708 23441 39675 10 16 73  1  0
 2  0      0 2795808  63844 2183964    0    0     0   740 22263 38340 14 16 68  2  0
 2  0      0 2785644  63848 2185620    0    0     4   264 23043 39336 11 17 71  1  0
 1  6      0 2850024  63868 2184352    0    0     0  4988 25929 44584 16 21 37 26  0
 2  0      0 3526404  63876 2184516    0    0     0   380 23243 40848 11 18 67  4  0
procs -----------memory---------- ---swap-- -----io---- -system-- ------cpu-----
 r  b   swpd   free   buff  cache   si   so    bi    bo   in   cs us sy id wa st
 0  0      0 3525916  63876 2184588    0    0     0     0 23697 40237  2 15 83  0  0
 1  0      0 3525916  63876 2184708    0    0     0     0 23648 39850  2 16 82  0  0
 0  0      0 3525916  63876 2184760    0    0     0     0 23140 39151  2 14 84  0  0
 1  0      0 3525916  63876 2184844    0    0     0     0 23212 39368  2 15 83  0  0
 1  0      0 3525916  63888 2184940    0    0     0  1116 23958 39948  2 16 82  0  0
 1  0      0 3525692  63888 2185032    0    0     0     0 22989 38956  2 15 83  0  0
 2  0      0 3525692  63888 2185152    0    0     0     0 23271 39223  2 14 84  0  0
 3  0      0 3526752  63888 2185292    0    0     0     0 23933 40196  3 17 80  0  0
 0  0      0 3524924  63888 2185432    0    0     0     0 23504 40286  3 15 82  0  0
 1  0      0 3524684  63896 2185528    0    0     0   996 23361 39523  2 15 83  1  0
 1  0      0 3524872  63896 2185656    0    0     0   392 23282 39216  2 16 82  0  0
 0  0      0 3526948  63896 2185736    0    0     0     0 22843 39450  2 15 83  0  0
 1  0      0 3526948  63896 2185812    0    0     0     0 22514 38465  2 14 84  0  0
 0  0      0 3526948  63896 2185928    0    0     0     0 23338 39343  2 16 82  0  0
 0  0      0 3526948  63904 2185980    0    0     0   860 22893 39068  2 14 84  0  0
 1  0      0 3526948  63904 2186080    0    0     0   332 24104 40787  3 17 81  0  0
 2  0      0 3526696  63904 2186188    0    0     0   144 22983 39242  2 16 82  0  0
 1  0      0 3526696  63904 2186292    0    0     0     0 23059 39261  3 16 81  0  0
 0  0      0 3526472  63904 2186448    0    0     0     0 24189 41177  3 16 82  0  0
 0  0      0 3518408  63912 2194652    0    0     0   560 23415 39403  2 15 81  2  0
 3  0      0 3518408  63912 2194884    0    0     0   560 23349 39439  2 15 83  0  0
procs -----------memory---------- ---swap-- -----io---- -system-- ------cpu-----
 r  b   swpd   free   buff  cache   si   so    bi    bo   in   cs us sy id wa st
 1  0      0 3518156  63912 2194976    0    0     0    76 23253 39418  2 14 84  0  0
 0  0      0 3518156  63912 2195056    0    0     0   156 22930 39049  2 15 83  0  0
 0  0      0 3518156  63912 2195144    0    0     0     0 23592 39697  2 15 83  0  0
 5  0      0 3518156  63920 2197652    0    0  2412  1308 24075 40057  2 15 80  3  0
 1  0      0 3518156  63920 2197764    0    0     0   376 23482 39861  1 15 84  0  0
 1  0      0 3518156  63920 2197864    0    0     0   192 23844 40274  2 16 82  0  0
 0  0      0 3518156  63920 2197976    0    0     0    28 23512 40053  3 16 81  0  0
 0  0      0 3517932  63920 2198112    0    0     0   152 24633 41863  2 17 81  0  0
 1  0      0 3517680  63928 2198236    0    0     0   828 23381 39607  2 15 83  0  0
 2  0      0 3517176  63928 2198364    0    0     0   976 23894 40516  3 16 81  0  0
 2  0      0 3516924  63928 2198468    0    0     0   360 23599 40095  2 17 81  0  0
 3  0      0 3516924  63928 2198548    0    0     0    96 23587 39711  1 16 83  0  0
 3  0      0 3516924  63928 2198640    0    0     0     4 22823 39004  2 14 84  0  0
 2  0      0 3516924  63936 2198720    0    0     0   792 23260 39143  2 14 84  0  0
 2  0      0 3516924  63936 2198800    0    0     0   140 23073 39261  2 15 82  0  0
 1  0      0 3516924  63936 2198912    0    0     0   316 24413 40775  2 16 82  0  0
 0  0      0 3516420  63936 2199016    0    0     0   132 23087 39635  2 15 83  0  0
 3  0      0 3518496  63936 2199188    0    0     0    16 24966 42525  6 17 76  0  0
