procs -----------memory---------- ---swap-- -----io---- -system-- ------cpu-----
 r  b   swpd   free   buff  cache   si   so    bi    bo   in   cs us sy id wa st
 4  0      0 4000088 153260 2245020    0    0     7    41    8    9  2 10 87  1  0
 1  0      0 4007824 153260 2245056    0    0     0     0 8047 13642 12 10 79  0  0
 0  0      0 4007576 153260 2245076    0    0     0     0 4074 6281  1  3 96  0  0
 0  0      0 4007328 153268 2245084    0    0     0  1200 4741 7328  1  3 95  1  0
 0  0      0 4007328 153268 2245104    0    0     0    64 4653 6633  1  3 95  0  0
 0  0      0 4007328 153268 2245124    0    0     0    12 3912 5596  1  3 96  0  0
 0  0      0 4007328 153268 2245144    0    0     0    40 3666 5526  1  2 97  0  0
 0  0      0 4007332 153268 2245156    0    0     0     0 5055 7616  1  4 95  0  0
 0  0      0 4007332 153272 2245176    0    0     0    80 4580 6689  2  5 93  0  0
 0  0      0 4007332 153272 2245188    0    0     0    28 4103 6324  1  3 97  0  0
 0  0      0 4007080 153272 2245212    0    0     0    36 3575 5578  1  3 96  0  0
 0  0      0 4007080 153272 2245232    0    0     0    16 3380 4918  0  3 97  0  0
 0  0      0 4007080 153272 2245240    0    0     0    44 4495 6826  1  3 96  0  0
 0  0      0 4007080 153276 2245256    0    0     0    72 4443 6845  1  4 95  0  0
 0  0      0 4007080 153276 2245280    0    0     0     0 3692 5471  1  3 96  0  0
 0  0      0 4007080 153276 2245292    0    0     0    68 3936 6247  1  3 95  0  0
 0  0      0 4006832 153276 2245304    0    0     0     4 3422 5271  3  3 94  0  0
 0  0      0 4006832 153276 2245328    0    0     0     8 4570 7363  1  3 95  0  0
 0  0      0 4006832 153276 2245348    0    0     0    44 4268 6639  1  5 94  0  0
 0  0      0 4006832 153296 2245356    0    0     0   308 4655 7677  2  4 93  1  0
 3  0      0 3998072 153300 2245472    0    0     0   760 11253 18618  8 15 75  2  0
procs -----------memory---------- ---swap-- -----io---- -system-- ------cpu-----
 r  b   swpd   free   buff  cache   si   so    bi    bo   in   cs us sy id wa st
 2  0      0 3991388 153328 2247180    0    0     0   904 8998 14907  9 12 77  1  0
 1  0      0 3955204 153328 2250068    0    0  2588     8 4805 7166 15  4 79  1  0
 1  0      0 3789684 153328 2250220    0    0     0     8 3530 5281 15  5 80  0  0
 1  0      0 3782652 153328 2250396    0    0     0   756 3679 5471 16  3 80  1  0
 1  0      0 3772584 153328 2250704    0    0     8    12 3654 5618 17  3 80  0  0
 1  0      0 3759744 153336 2250880    0    0     0   264 3367 5032 16  3 81  0  0
 1  0      0 3751484 153336 2250916    0    0     0     8 4922 7231 17  4 79  0  0
 1  0      0 3741920 153336 2250936    0    0     0     0 4429 6593 17  4 79  0  0
 1  0      0 3729588 153336 2251176    0    0     0    40 3893 5802 16  3 81  0  0
 1  0      0 3725304 153336 2251344    0    0     0    44 4068 6004 16  4 80  0  0
 0  2      0 3719004 153344 2251496    0    0     0   236 5060 7543 18  3 79  0  0
 1  0      0 3601940 153344 2265276    0    0  1120   280 9397 13058 11 11 76  3  0
 1  0      0 3585812 153352 2265416    0    0     0   184 5105 7762 18  5 78  0  0
 1  0      0 3582220 153356 2265544    0    0     0   140 6473 9769 21  6 73  0  0
 2  0      0 3549912 153376 2266328    0    0     0   992 11366 19738 27 14 57  2  0
 2  0      0 3526292 153396 2268020    0    0     0   680 5814 9146 29  9 62  1  0
 2  0      0 3361592 153396 2268236    0    0     0    40 4397 6693 31  6 62  0  0
 2  0      0 3333368 153396 2268432    0    0     0   520 4110 6041 32  6 63  0  0
 2  0      0 3317768 153396 2268716    0    0     0     0 3692 5359 32  4 64  0  0
 3  0      0 3052848 153396 2269084    0    0     0    16 3871 5687 30  6 64  0  0
 2  0      0 3003900 153404 2273292    0    0     0   544 7828 11464 27  9 62  2  0
procs -----------memory---------- ---swap-- -----io---- -system-- ------cpu-----
 r  b   swpd   free   buff  cache   si   so    bi    bo   in   cs us sy id wa st
 1  0      0 2969880 153408 2277604    0    0     0    48 6126 8460 27  5 68  0  0
 4  0      0 2947044 153408 2282228    0    0     0  4672 6676 8935 27  6 67  1  0
 3  0      0 2917500 153408 2286488    0    0     0   116 5971 7782 27  6 67  1  0
 2  0      0 2897548 153408 2290808    0    0     0     0 5695 7295 27  4 68  1  0
 1  0      0 2863736 153416 2294740    0    0     0   324 6184 8545 25  6 68  1  0
 3  0      0 2742016 153416 2312540    0    0     0    36 11043 13482 22 10 65  2  0
 3  0      0 2736756 153416 2313336    0    0     0    28 4580 6549 34  5 61  0  0
 2  0      0 2774600 153416 2313448    0    0     0   292 3669 5170 32  4 64  0  0
 2  0      0 2764772 153416 2313548    0    0     0     0 4762 7191 33  3 63  0  0
 4  0      0 3515512 153428 2313696    0    0     0   192 3851 5631 22  8 69  0  0
 1  0      0 3506440 153428 2313816    0    0     0    32 4878 7165 18  3 79  0  0
 1  0      0 3503920 153428 2313912    0    0     0     0 4913 7217 18  5 78  0  0
 1  0      0 3495868 153428 2313996    0    0     0    36 4304 6347 17  3 80  0  0
 1  0      0 3094908 153428 2314604    0    0     0   256 5203 7469 13  8 79  0  0
 1  0      0 3014808 153432 2321776    0    0     0   168 5457 7478 15  4 80  1  0
 0  0      0 3004940 153432 2326836    0    0     0    20 5795 8646 14  4 82  0  0
 1  0      0 2950436 153432 2333112    0    0     0     8 5447 7674 13  6 81  0  0
 1  0      0 2914540 153432 2338064    0    0     0    32 4967 7091 14  4 82  0  0
 0  0      0 2849096 153432 2342120    0    0     0    44 4315 6102 15  4 81  0  0
 1  0      0 2844824 153436 2345684    0    0     0   196 5041 7255 16  4 80  0  0
 1  0      0 2727996 153436 2354516    0    0     0    24 5845 8210 15  4 80  0  0
procs -----------memory---------- ---swap-- -----io---- -system-- ------cpu-----
 r  b   swpd   free   buff  cache   si   so    bi    bo   in   cs us sy id wa st
 1  0      0 2607608 153436 2359872    0    0     0  9328 6396 9155 14  5 80  0  0
 6  0      0 2475412 153436 2366396    0    0     0    12 5760 7738 14  5 80  1  0
 1  0      0 2382008 153436 2375440    0    0     0    28 5531 7915 16  5 78  0  0
 0 21      0 2317420 153440 2379440    0    0     0 44588 4869 6801  8  4 37 51  0
 1  1      0 2221588 153444 2388856    0    0     0    88 11781 16718  3  1  7 89  0
 2  1      0 2087168 153444 2396676    0    0     0     0 5574 7484 14  6 64 16  0
 2  5      0 2002964 153444 2402408    0    0     0   104 5326 7591 12  4 62 22  0
 1  0      0 1901544 153448 2413252    0    0     0     8 5956 8275 14 11 66  9  0
 0  0      0 1784380 153448 2421064    0    0     0     0 6116 9162 13  7 79  1  0
 1  6      0 1680236 153452 2428852    0    0     0   560 5173 6938 13  8 37 42  0
 1  0      0 1544328 153452 2434532    0    0     0    16 5874 8035  9 11 71  9  0
 1  0      0 1558616 153460 2444600    0    0     0   108 5574 7819 13  7 80  0  0
 1  0      0 1418452 153460 2447996    0    0     0     0 5419 7764 10 11 79  0  0
 1  0      0 1359208 153460 2451860    0    0     0     0 5344 7599  9 11 80  0  0
 1  0      0 1295880 153460 2457540    0    0     0    92 5892 8478 11 10 78  0  0
 1  0      0 1162284 153460 2459952    0    0     0    44 4706 6662  9 10 81  0  0
 1  0      0 1133384 153464 2466228    0    0     0   112 5155 6987 10 10 80  1  0
 1  0      0 1031112 153464 2468828    0    0     0   116 5423 7731  9 11 80  0  0
 1  0      0 947700 153464 2473884    0    0     0     0 5922 8789 13  9 78  0  0
 1  0      0 847720 153464 2479988    0    0     0    16 5601 8204 12  9 78  0  0
 3  1      0 852872 153464 2487168    0    0     0    56 4979 6583 12  7 81  0  0
procs -----------memory---------- ---swap-- -----io---- -system-- ------cpu-----
 r  b   swpd   free   buff  cache   si   so    bi    bo   in   cs us sy id wa st
 1  0      0 821044 153468 2491616    0    0     0   264 5228 6950 15  5 80  0  0
 1  0      0 816104 153468 2495520    0    0     0     0 5702 8165 15  4 81  0  0
 0  0      0 799008 153468 2500144    0    0     0     0 6319 9154 16  4 80  0  0
 2  0      0 724288 153468 2506520    0    0     0    20 5699 7986 13  7 80  0  0
 1  0      0 618284 153468 2517672    0    0     0    28 6227 8403 13  5 80  1  0
 2  0      0 446536 153472 2526396    0    0     0   108 5911 8090 12  8 80  1  0
 1  0      0 2428728 153472 2527944    0    0     0    56 4820 6536 14  6 80  0  0
 5  0      0 2614680 153472 2528124    0    0     0     0 6162 9280 18  5 78  0  0
 1  0      0 2614176 153472 2528136    0    0     0    16 4685 6761 18  4 78  0  0
 1  0      0 3734580 153472 2528152    0    0     0    16 5054 7067 11  9 79  0  0
