procs -----------memory---------- ---swap-- -----io---- -system-- ------cpu-----
 r  b   swpd   free   buff  cache   si   so    bi    bo   in   cs us sy id wa st
 9  0      0 3968844  60580 1885288    0    0     6    33    8    4  2  9 89  0  0
 1  0      0 3962224  60584 1885392    0    0     0  1244 25117 44814 14 20 66  0  0
 2  0      0 3961504  60584 1885480    0    0     0   128 23538 40225  2 16 82  0  0
 1  0      0 3961264  60584 1885576    0    0     0     0 22983 39171  2 14 84  0  0
 0  0      0 3961012  60584 1885680    0    0     0     0 23166 39442  2 16 82  0  0
 1  0      0 3961012  60584 1885808    0    0     0     8 24017 40407  2 14 83  0  0
 0  0      0 3961012  60592 1885916    0    0     0  1920 23899 40192  2 15 82  1  0
 1  0      0 3961012  60592 1886032    0    0     0   456 23321 39746  2 15 83  0  0
 4  0      0 3961012  60592 1886156    0    0     0     0 23212 39217  2 14 84  0  0
 4  0      0 3960760  60592 1886248    0    0     0     0 23211 39639  3 14 83  0  0
 3  0      0 3960508  60592 1886360    0    0     0     0 23108 39153  2 16 83  0  0
 2  0      0 3960268  60600 1886468    0    0     0   560 23407 39351  1 16 83  0  0
 1  0      0 3960268  60600 1886552    0    0     0   780 23382 39602  3 15 82  0  0
 0  0      0 3960268  60600 1886660    0    0     0    16 22942 39186  2 15 83  0  0
 1  0      0 3960268  60600 1886760    0    0     0     0 23309 39486  1 16 83  0  0
 0  0      0 3960268  60600 1886840    0    0     0     0 23951 40536  2 15 82  0  0
 0  0      0 3960268  60604 1886976    0    0     0   492 22925 39159  1 15 84  0  0
 1  0      0 3960268  60604 1887100    0    0     0   588 23774 40427  2 16 82  0  0
 0  0      0 3959796  60604 1887188    0    0     0   252 23359 39556  2 15 84  0  0
 5  0      0 3959544  60604 1887292    0    0     0     0 23932 40292  3 15 82  0  0
 1  0      0 3959304  60604 1887420    0    0     0     0 23370 39396  2 17 81  0  0
procs -----------memory---------- ---swap-- -----io---- -system-- ------cpu-----
 r  b   swpd   free   buff  cache   si   so    bi    bo   in   cs us sy id wa st
 1  0      0 3959304  60612 1887536    0    0     0  1292 24270 40364  2 17 80  1  0
 3  0      0 3959304  60620 1887668    0    0     0   412 24104 40729  4 18 77  1  0
 2  0      0 3943016  60640 1887940    0    0     0  2300 28240 48679  8 24 66  2  0
 6  0      0 3924892  60664 1889180    0    0     0   808 21932 39942 13 18 68  1  0
 1  0      0 3794108  60664 1889928    0    0     0     0 19838 36960 17 16 66  0  0
 1  0      0 3745292  60664 1890100    0    0     0   180 18784 35255 18 15 67  0  0
 2  0      0 3733472  60664 1890560    0    0     0   764 19085 35679 18 13 69  0  0
 3  0      0 3718100  60664 1890776    0    0     0   648 19184 35631 18 14 68  0  0
 7  0      0 3697716  60676 1890920    0    0     0  1668 21060 39289 23 20 56  1  0
 8  0      0 3344984  60724 1905700    0    0     0  2224 30800 51069 20 33 43  3  0
 4  0      0 3138916  60752 1910440    0    0     0  1292 21713 39515 32 26 39  3  0
 5  1      0 2940140  60752 1915020    0    0     0  2204 19488 35354 40 18 35  7  0
 3  0      0 2836984  60752 1919580    0    0     0   268 19020 34652 42 16 36  7  0
 3  1      0 2801812  60752 1923984    0    0     0   664 18449 33014 41 17 36  6  0
 3  0      0 2746440  60752 1928228    0    0     0    68 18535 33375 41 17 38  4  0
 2  0      0 2712544  60760 1932040    0    0     0   684 19377 34147 37 18 42  2  0
 3  1      0 2192036  60760 1948808    0    0     0  1056 25699 41187 30 24 44  2  0
 2  0      0 1674188  60760 1960792    0    0  7884    28 24108 40045 24 22 51  3  0
 3  0      0 1636148  60760 1966272    0    0     0   536 25960 43087 26 21 50  3  0
 3  0      0 2341880  60760 1968448    0    0     0   212 20334 36197 32 20 45  3  0
 2  1      0 2320964  60764 1971380    0    0     0   668 24458 40942 19 19 59  4  0
procs -----------memory---------- ---swap-- -----io---- -system-- ------cpu-----
 r  b   swpd   free   buff  cache   si   so    bi    bo   in   cs us sy id wa st
 4  0      0 2304040  60768 1974128    0    0     0   112 23562 39652 18 16 63  3  0
 3  0      0 2155928  60768 1976360    0    0     0     0 23318 38956 18 19 62  2  0
 2  1      0 2019664  60768 1979480    0    0     0   192 24384 39944 18 19 61  2  0
 5  0      0 1933836  60768 1981972    0    0     0   556 25129 41518 19 20 59  3  0
 1  1      0 1915556  60776 1984404    0    0     0   672 23936 39497 18 19 60  3  0
 1  2      0 1815756  60776 1987496    0    0     0   996 25097 40553 18 18 38 26  0
 3  0      0 1732232  60776 1989776    0    0     0    32 22342 36842 23 18 50 10  0
 2  0      0 3363464  60776 1989984    0    0     0    24 21289 37240 23 23 54  0  0
 1  0      0 3735184  60776 1990092    0    0     0   416 22976 39416  3 17 80  0  0
 4  0      0 3735184  60784 1990164    0    0     0   852 23818 40460  2 16 81  1  0
 0  0      0 3735184  60784 1990296    0    0     0    20 23863 40317  5 15 80  0  0
 1  0      0 3735184  60784 1990360    0    0     0    16 23214 39517  1 15 84  0  0
 2  0      0 3734936  60784 1990496    0    0     0    28 22890 38845  2 15 83  0  0
 3  0      0 3733932  60784 1990608    0    0   124   116 25196 42350  3 17 80  0  0
 1 20      0 3733932  60784 1990860    0    0     0  1008 23414 39689  2 15 79  3  0
 1  1      0 3733260  60788 1991156    0    0     0   860 24952 42206  2 16 43 40  0
 1  0      0 3733036  60788 1991256    0    0     0   256 21138 32884  2 28 58 13  0
 3  0      0 3732532  60788 1991368    0    0     0    20 23512 37556  4 32 65  0  0
 1  0      0 3732532  60788 1991440    0    0     0   168 24164 38637  2 30 69  0  0
 3 12      0 3729124  60804 1988840    0    0     0  5716 28927 45370  5 35 35 26  0
 3  0      0 3727588  60808 1988804    0    0     0   592 25085 40073  4 33 56  6  0
procs -----------memory---------- ---swap-- -----io---- -system-- ------cpu-----
 r  b   swpd   free   buff  cache   si   so    bi    bo   in   cs us sy id wa st
 0  0      0 3727380  60808 1988872    0    0     0     0 23728 39172  2 26 72  0  0
 0  0      0 3727128  60808 1989008    0    0     0     0 24216 41095  3 17 80  0  0
 0  0      0 3726888  60808 1989116    0    0     0     0 23665 40246  2 16 82  0  0
 1  0      0 3726888  60808 1989228    0    0     0     0 23383 39714  2 14 84  0  0
 0  0      0 3726888  60820 1989340    0    0     0   868 23499 39825  2 13 84  0  0
 2  0      0 3726888  60820 1989424    0    0     0   256 23373 39764  2 15 83  0  0
 0  0      0 3726640  60820 1989544    0    0     0     0 23481 39884  3 16 81  0  0
 2  0      0 3726640  60820 1989672    0    0     0     0 23977 40174  3 15 82  0  0
 1  0      0 3726640  60820 1989764    0    0     0     0 22474 38637  2 14 85  0  0
 1  0      0 3726640  60820 1989860    0    0     0   904 23476 40021  2 16 81  1  0
 0  0      0 3726640  60820 1989972    0    0     0   428 23459 39611  2 15 84  0  0
 1  0      0 3728404  60820 1990072    0    0     0    12 23228 39494  2 16 82  0  0
 1  0      0 3728164  60820 1990180    0    0     0     0 23639 40327  3 16 80  0  0
 1  0      0 3728164  60820 1990260    0    0     0     0 23800 40455  2 15 83  0  0
 1  0      0 3727940  60828 1990368    0    0     0   488 22933 39276  2 15 83  0  0
 1  0      0 3727700  60828 1990496    0    0     0   820 24168 40623  2 14 84  0  0
 1  0      0 3727700  60828 1990608    0    0     0     8 23577 40463  3 16 81  0  0
 1  0      0 3727448  60828 1990716    0    0     0    16 23295 39503  2 15 83  0  0
 0  0      0 3727448  60828 1990844    0    0     0     0 23165 39051  2 15 83  0  0
 3  0      0 3727448  60836 1990948    0    0     0   540 23340 39481  1 15 83  1  0
 0  0      0 3727448  60836 1991052    0    0     0   536 23731 39843  2 14 84  0  0
procs -----------memory---------- ---swap-- -----io---- -system-- ------cpu-----
 r  b   swpd   free   buff  cache   si   so    bi    bo   in   cs us sy id wa st
 1  0      0 3727448  60836 1991156    0    0     0   280 23712 40359  2 16 82  0  0
 0  0      0 3727448  60836 1991276    0    0     0     0 23964 40511  3 15 82  0  0
 2  0      0 3727448  60836 1991380    0    0     0    12 23273 39401  2 15 83  0  0
 0  0      0 3727448  60844 1991472    0    0     0   512 22572 38476  2 16 82  1  0
 1  0      0 3727448  60844 1991564    0    0     0    20 23283 39551  2 14 83  0  0
 2  0      0 3727196  60844 1991672    0    0     0   764 24542 41266  3 17 80  0  0
 1  0      0 3727196  60844 1991800    0    0     0     8 23530 39580  2 15 83  0  0
 1  0      0 3726972  60844 1991928    0    0     0     0 23983 40739  2 16 82  0  0
 0  1      0 3726972  60852 1992032    0    0     0  1828 23928 40671  3 14 81  2  0
 0  0      0 3730100  60856 1991952    0    0     0  1896 24578 41381  3 15 82  1  0
 2  0      0 3729848  60856 1992056    0    0     0   740 24219 40901  2 16 82  0  0
 2  0      0 3729608  60856 1992164    0    0     0    88 23631 39985  2 15 83  0  0
 0  0      0 3729608  60856 1992292    0    0     0     0 23929 40401  2 16 82  0  0
 1  0      0 3729384  60864 1992376    0    0     0  1040 22997 39200  2 15 82  1  0
 2  0      0 3729384  60864 1992480    0    0     0     4 23485 39662  2 14 84  0  0
 1  0      0 3729132  60864 1992584    0    0     0   140 23714 40354  4 15 81  0  0
 1  0      0 3729132  60864 1992668    0    0     0   644 24639 40834  2 16 82  0  0
 0  0      0 3729132  60864 1992784    0    0     0     0 22763 39054  3 13 84  0  0
