procs -----------memory---------- ---swap-- -----io---- -system-- ------cpu-----
 r  b   swpd   free   buff  cache   si   so    bi    bo   in   cs us sy id wa st
 4  0      0 3505240 128144 2269832    0    0     7    42    6    1  2 10 87  1  0
 0  0      0 3506896 128144 2269888    0    0     0     0 11715 20116 10 13 77  0  0
 0  0      0 3507152 128144 2269932    0    0     0     0 8909 14773  2  7 91  0  0
 1  0      0 3507152 128152 2269968    0    0     0   236 8690 14492  1  7 92  0  0
 0  0      0 3507152 128152 2270000    0    0     0   212 8086 13157  2  5 93  0  0
 0  0      0 3505340 128152 2270052    0    0     0    56 8517 14133  1  7 92  0  0
 0  0      0 3505340 128152 2270084    0    0     0    56 8917 14928  1  7 92  0  0
 0  0      0 3505340 128152 2270116    0    0     0     0 8928 15246  2  8 90  0  0
 1  0      0 3505340 128160 2270136    0    0     0   236 7876 13285  1  5 93  1  0
 0  0      0 3505340 128160 2270176    0    0     0    64 7474 12423  1  6 93  0  0
 0  0      0 3505092 128160 2270220    0    0     0   172 7057 11877  2  6 92  0  0
 0  0      0 3505092 128160 2270256    0    0     0    16 8617 14467  1  6 93  0  0
 0  0      0 3504120 128164 2270312    0    0     0   296 9837 16741  4 10 86  0  0
 1  0      0 3494720 128188 2270372    0    0     0   652 13674 23400  8 14 77  1  0
 1  0      0 3477156 128196 2271096    0    0     0  2536 14914 25576 11 17 63  9  0
 1  0      0 3465072 128212 2272628    0    0     0   912 10216 16492 15 11 73  1  0
 2  0      0 3299552 128212 2272732    0    0     0     4 9774 15428 15  8 77  0  0
 1  0      0 3282924 128212 2272896    0    0     0    12 9965 15977 17  7 76  0  0
 1  0      0 3272112 128212 2273204    0    0     0    80 10069 15737 16  7 76  0  0
 1  0      0 3257244 128212 2273468    0    0     0    48 10098 15780 17  7 76  0  0
 1  0      0 3241632 128212 2273636    0    0     0   424 10159 16164 16  9 75  0  0
procs -----------memory---------- ---swap-- -----io---- -system-- ------cpu-----
 r  b   swpd   free   buff  cache   si   so    bi    bo   in   cs us sy id wa st
 1  0      0 3235584 128212 2273688    0    0     0   120 9825 15821 18  6 75  0  0
 1  0      0 3226032 128212 2273940    0    0     0    12 9729 15425 16  8 76  0  0
 1  0      0 3217968 128212 2274164    0    0     0     8 9398 15089 17  6 77  0  0
 1  0      0 3211176 128212 2274328    0    0     0   208 7929 13091 16  5 79  0  0
 2  0      0 3112160 128220 2286568    0    0     0   504 12321 17995 12 11 75  1  0
 2  0      0 3095276 128220 2286712    0    0     0   140 7780 12594 15  5 79  0  0
 1  0      0 3090248 128220 2286836    0    0     0    92 8145 13335 16  6 77  0  0
 1  0      0 3081692 128220 2286952    0    0     0     8 7499 12721 17  7 76  0  0
 1  0      0 3073124 128220 2287128    0    0     0    20 7381 12704 18  5 78  0  0
 1  0      0 3065072 128228 2287256    0    0     0  1000 8673 14711 17  6 77  0  0
 1  0      0 3061796 128228 2287340    0    0     0    76 7353 12716 17  4 79  0  0
 1  0      0 3054488 128228 2287476    0    0     0   148 8491 14088 16  6 77  0  0
 1  0      0 2923252 128228 2288228    0    0   648     4 9940 15557 15  8 77  0  0
 0  0      0 2782400 128228 2291012    0    0     0     0 11056 17049 14  8 77  0  0
 1  0      0 2745624 128236 2295704    0    0     0   472 12885 19543 15  9 75  1  0
 4  0      0 2728212 128244 2297888    0    0     0   724 14296 23758 21 15 63  1  0
 2  1      0 2710440 128260 2302012    0    0     0   784 14573 24683 22 20 57  2  0
 2  0      0 2687812 128268 2306040    0    0     0  6100 11533 19120 27 11 58  3  0
 3  0      0 2474448 128268 2309956    0    0     0     8 8880 14281 28  9 62  0  0
 3  0      0 2454228 128268 2312180    0    0     0    32 8731 14236 30  8 63  0  0
 3  0      0 2471064 128268 2313748    0    0     0    44 8531 13967 30  7 64  0  0
procs -----------memory---------- ---swap-- -----io---- -system-- ------cpu-----
 r  b   swpd   free   buff  cache   si   so    bi    bo   in   cs us sy id wa st
 2  0      0 2462404 128268 2314192    0    0     0   388 8002 13828 33  7 59  0  0
 4  0      0 2433372 128276 2314376    0    0     0   852 11132 19669 38 13 48  1  0
 3  0      0 2414092 128292 2315940    0    0   256   604 12503 22514 41 17 41  1  0
 3  0      0 3137152 128316 2317236    0    0     0   632 9758 17339 34 17 48  1  0
 4  0      0 2957784 128316 2317484    0    0     0    44 7663 12905 30  9 61  0  0
 2  0      0 2938908 128316 2317868    0    0     0    56 7784 13096 33  7 60  0  0
 2  0      0 2874824 128316 2318184    0    0     0    64 8650 14783 31  8 61  0  0
 3  0      0 2787316 128316 2331200    0    0    44   100 12548 17983 29 12 58  1  0
 3  0      0 2769780 128328 2331428    0    0     0  2108 8866 14702 33  7 58  1  0
 2  0      0 2754844 128328 2331596    0    0     0    40 7524 12636 33  6 61  0  0
 3  0      0 2740732 128328 2331920    0    0     0    56 7631 12985 33  7 60  0  0
 5  0      0 2724364 128328 2332160    0    0     0    76 7854 13191 33  7 61  0  0
 2  0      0 2713048 128328 2332516    0    0     0   108 7677 13028 32  8 60  0  0
 3  1      0 2632576 128336 2343188    0    0     0   476 12058 18445 30 11 58  1  0
 2  0      0 2581904 128336 2346652    0    0     0   108 9595 14922 30  9 60  1  0
 2  0      0 2246100 128336 2347316    0    0     0    44 8289 13648 31 10 59  0  0
 3  0      0 2107976 128336 2352572    0    0     0    24 9209 15098 32  8 60  0  0
 2  0      0 2083028 128336 2359316    0    0     0   100 9080 14743 30  8 62  0  0
 5  0      0 2024800 128344 2366008    0    0     0   452 9608 15757 29  9 62  1  0
 2  0      0 1981684 128344 2371300    0    0     0     0 8663 14229 30  7 63  0  0
 2  0      0 1947692 128344 2375324    0    0     0 16780 8753 14280 32  7 61  0  0
procs -----------memory---------- ---swap-- -----io---- -system-- ------cpu-----
 r  b   swpd   free   buff  cache   si   so    bi    bo   in   cs us sy id wa st
 1  0      0 1905780 128344 2378264    0    0     0  4560 8273 13735 31  7 62  0  0
 0  0      0 1541976 128344 2389240    0    0   780    92 9524 14964 25 11 63  1  0
 2  0      0 1327180 128348 2395372    0    0     0  1116 12196 18514 22 10 67  1  0
 2  0      0 1226128 128348 2407104    0    0     0    28 12396 18614 25  9 65  1  0
 2  0      0 1108512 128348 2418816    0    0     0     8 12225 17734 24 15 61  1  0
 2  1      0 1019252 128348 2434320    0    0     0    36 12225 18745 25 11 64  1  0
 2  1      0 860960 128348 2443892    0    0     0    68 11375 17025 24 10 66  1  0
 5  0      0 785812 128352 2450968    0    0     0  9360 10873 16157 18 11 53 17  0
 2  0      0 667192 128352 2462400    0    0     0    36 9306 13870 26 10 63  1  0
 2  1      0 554924 128352 2476576    0    0     0    16 11691 17748 23 12 64  1  0
 1  0      0 401472 128352 2485896    0    0     0    12 10644 16254 25 10 64  1  0
 2  0      0 375644 128352 2493732    0    0     0    60 9758 15272 28 11 61  0  0
 3  0      0 306376 128360 2499776    0    0     0   880 11916 18564 28 12 60  1  0
 2  0      0 209736 128360 2509576    0    0     0    76 9120 14136 30  8 62  1  0
 1  0      0 892660 127456 2508308    0    0   992    36 9453 15267 16 15 69  0  0
 1  0      0 741708 127456 2513932    0    0     0    12 9428 15280 14 18 67  0  0
 1  0      0 647500 127456 2519812    0    0     0    40 10226 16265 13 11 75  0  0
 1  0      0 552692 127464 2525416    0    0     0   692 8821 14809 13  8 78  1  0
 1  0      0 461100 127464 2531796    0    0     0    60 8788 14617 14  8 78  0  0
 2  0      0 344960 127464 2539268    0    0     0 60792 10132 15962 14 10 75  2  0
 2  0      0 358784 127464 2546500    0    0     0    20 8017 13167 14  7 79  0  0
procs -----------memory---------- ---swap-- -----io---- -system-- ------cpu-----
 r  b   swpd   free   buff  cache   si   so    bi    bo   in   cs us sy id wa st
 1  0      0 328616 127464 2550368    0    0     0    24 8377 13765 16  6 78  0  0
 0 48      0 327144 127464 2551616    0    0     0   444 8798 13609  5  5 22 69  0
 2  0      0 307280 127472 2554564    0    0     0 40480 21512 31967  3  2  9 86  0
 1  0      0 232480 127472 2560404    0    0     0     8 8772 14405 14 10 76  0  0
 2  0      0 316088 124432 2543916    0    0     0    12 9340 14896 13 10 76  1  0
 3  0      0 422912 120608 2502312    0    0    68    24 9758 15758 14 11 74  1  0
 4  0      0 2383712 120060 2494912    0    0     0    28 8270 13792 13 11 76  0  0
 5  0      0 2737516 120064 2494952    0    0     0   796 7909 13075 17  7 74  1  0
 2  0      0 2736264 120064 2495000    0    0     0    16 9590 16403 19  6 75  0  0
 2  0      0 2751544 120064 2496924    0    0  1888     8 8182 13754 16  5 78  1  0
 1  0      0 3677632 120064 2499080    0    0  2128    32 8803 14166  2 12 85  1  0
 2  0      0 3662124 120064 2499108    0    0     0     4 8250 13487  2  7 91  0  0
