procs -----------memory---------- ---swap-- -----io---- -system-- ------cpu-----
 r  b   swpd   free   buff  cache   si   so    bi    bo   in   cs us sy id wa st
 8  0      0 4054540  19452 1568132    0    0    10     6    4    5  1  6 93  0  0
 1  0      0 4051932  19452 1568252    0    0     8    64 22354 39040 10 17 73  0  0
 0  0      0 4051932  19452 1568284    0    0     0    52 20766 34784  1 12 87  0  0
 1  0      0 4051932  19460 1568328    0    0     0   196 20957 34970  1 12 86  0  0
 0  0      0 4051932  19460 1568432    0    0     0   208 21380 35478  2 13 84  0  0
 0  0      0 4051684  19460 1568500    0    0     0   452 21993 36561  2 12 86  0  0
 0  0      0 4051684  19460 1568552    0    0     0   176 20902 34862  2 12 87  0  0
 1  0      0 4051684  19460 1568612    0    0     0    36 21020 34871  2 13 85  0  0
 1  0      0 4051684  19468 1568672    0    0     0   356 20507 34102  1 13 86  0  0
 0  0      0 4051684  19468 1568740    0    0     0     0 21439 35538  2 12 86  0  0
 0  0      0 4051716  19468 1571196    0    0  2544    44 21730 36060  3 15 82  1  0
 0  0      0 4051716  19468 1571400    0    0     0    76 21241 35104  2 13 85  0  0
 1  0      0 4051716  19468 1571472    0    0     0    52 21597 35744  2 12 86  0  0
 1  0      0 4051716  19476 1571512    0    0     0   236 21310 35167  1 11 87  0  0
 1  0      0 4051716  19476 1571596    0    0     0   272 21504 35574  1 14 85  0  0
 4  0      0 4051716  19476 1571652    0    0     0   436 21671 36082  1 13 85  0  0
 1  0      0 4051716  19476 1571728    0    0     0    88 21113 34846  2 13 86  0  0
 3  0      0 4051468  19476 1571788    0    0     0    32 20977 34908  1 12 87  0  0
 1  0      0 4051468  19484 1571832    0    0     0   208 21469 35347  3 11 86  0  0
 0  0      0 4051468  19484 1571896    0    0     0    40 21569 36255  2 13 85  0  0
 2  0      0 4051244  19500 1571988    0    0     0   244 21638 36478  3 13 85  0  0
procs -----------memory---------- ---swap-- -----io---- -system-- ------cpu-----
 r  b   swpd   free   buff  cache   si   so    bi    bo   in   cs us sy id wa st
 2  0      0 4024296  19524 1572440    0    0   332  1276 25079 43339  9 20 69  2  0
 1  0      0 4024208  19548 1574240    0    0     0   884 22176 38843 12 18 70  1  0
 1  0      0 3902236  19548 1574560    0    0     4    48 20722 34777 17 13 70  0  0
 1  0      0 3848380  19548 1574608    0    0     0   876 20854 34824 17 13 70  0  0
 1  0      0 3839320  19548 1575084    0    0     0    24 21780 36629 17 14 69  0  0
 2  0      0 3817912  19548 1575236    0    0     0    80 20722 35018 17 14 69  0  0
 3  0      0 3807744  19556 1575304    0    0     0   300 20961 35125 18 14 68  0  0
 2  0      0 3406924  19556 1589804    0    0  2040    16 24492 38667 11 19 69  1  0
 2  0      0 3373944  19556 1593064    0    0     0    44 23051 37952 12 16 71  2  0
 2  0      0 3360556  19556 1596752    0    0     0    68 22141 36291 10 14 74  2  0
 0  0      0 3345256  19556 1600568    0    0     0    40 22911 37572 14 15 69  2  0
 0  0      0 3333692  19568 1604084    0    0     0   432 22700 36552 11 14 73  2  0
 2  0      0 3318292  19584 1607428    0    0     0   268 22160 36627 11 15 72  2  0
 6  0      0 3275808  19604 1611476    0    0     0  1148 25961 44718 16 21 60  3  0
 3  0      0 3265724  19632 1616560    0    0     0   788 23157 40560 20 22 56  2  0
 4  0      0 3126232  19632 1620984    0    0     0   376 21456 35669 25 14 59  2  0
 3  0      0 3098780  19636 1623512    0    0     0   116 19136 32984 30 12 57  1  0
 3  0      0 3780540  19640 1623856    0    0     4   672 18421 32214 22 15 63  0  0
 1  0      0 3758112  19640 1624028    0    0     0    24 21532 36052 17 14 69  0  0
 2  0      0 3745776  19648 1624148    0    0     0   412 21447 35737 19 13 68  0  0
 1  0      0 3572996  19648 1637816    0    0     0    60 26814 41811 12 19 67  1  0
procs -----------memory---------- ---swap-- -----io---- -system-- ------cpu-----
 r  b   swpd   free   buff  cache   si   so    bi    bo   in   cs us sy id wa st
 1  0      0 3294112  19652 1641852    0    0  3428    68 20864 34477 10 15 73  1  0
 3  0      0 3283540  19652 1643752    0    0     0   904 22208 36398  9 14 75  2  0
 2  0      0 3271232  19652 1645296    0    0     0    24 21906 36248 11 13 74  1  0
 2  1      0 3263624  19660 1646980    0    0     0   360 23006 38134 11 15 72  1  0
 1  0      0 3257864  19660 1648008    0    0     0   436 21611 36051 13 14 72  1  0
 1  0      0 3248804  19676 1650328    0    0  1320   360 22210 36885 13 14 71  2  0
 4  1      0 3223580  19684 1654132    0    0  1968   856 23901 41785 15 20 55  9  0
 3  0      0 3205268  19716 1657280    0    0     0  1032 22968 40725 19 21 55  5  0
 5  0      0 3086716  19716 1658704    0    0     0    24 17565 32051 30 14 56  1  0
 2  0      0 3006296  19716 1660348    0    0     0    40 17370 31478 27 13 59  1  0
 4  0      0 2990512  19716 1661744    0    0     0    76 17459 31628 29 11 59  1  0
 1  0      0 3707888  19716 1662192    0    0     0   748 17256 31267 26 14 57  3  0
 2  0      0 3700340  19720 1662320    0    0     0   360 17186 31303 17 12 70  1  0
 3  0      0 3604928  19720 1675996    0    0     0    28 23960 38829 14 16 68  2  0
 4  0      0 3198508  19720 1676556    0    0     4    36 19200 33256 10 15 74  1  0
 2  0      0 3182392  19720 1677812    0    0     0    16 21771 35695 10 14 75  1  0
 1  1      0 3171808  19720 1679016    0    0     0   100 21817 36141 11 14 74  1  0
 2  0      0 3162036  19728 1680528    0    0     0   272 22634 37147 11 14 73  2  0
 4  0      0 3149240  19728 1681792    0    0     0     4 21879 36290 11 15 73  1  0
 1  0      0 3140200  19728 1683112    0    0     0    40 21581 36059 11 14 74  1  0
 0  0      0 3126564  19728 1684548    0    0     0    36 22112 36444 10 14 74  1  0
procs -----------memory---------- ---swap-- -----io---- -system-- ------cpu-----
 r  b   swpd   free   buff  cache   si   so    bi    bo   in   cs us sy id wa st
 1  0      0 3119892  19728 1685868    0    0     0    48 21844 35984 10 15 74  1  0
 0  0      0 3109524  19736 1687088    0    0     0   252 21421 35573 10 13 74  2  0
 2  0      0 3100084  19736 1688364    0    0     0   416 22517 37566 10 15 62 14  0
 1  0      0 3092256  19736 1689728    0    0     0    16 20248 34052 13 12 74  1  0
 0  0      0 3900452  19736 1689760    0    0     0   404 17644 31789 10 17 73  0  0
 0  0      0 3900452  19736 1689832    0    0     0    80 21079 34857  2 14 85  0  0
 0  1      0 3900212  19744 1689896    0    0     0   968 21728 36490  2 12 84  2  0
 1  0      0 3899728  19744 1689968    0    0     0   276 21628 35461  3 13 71 12  0
 0  0      0 3899984  19744 1690024    0    0     0    44 22261 36591  2 14 85  0  0
 0  0      0 3899984  19744 1690104    0    0     0    44 21320 35764  2 14 85  0  0
 0  0      0 3899984  19744 1690156    0    0     0    40 21519 35477  2 13 85  0  0
 1  0      0 3899984  19748 1690204    0    0     0   244 20750 34919  2 13 84  1  0
 0  0      0 3899732  19748 1690272    0    0     0    40 21743 36126  3 13 85  0  0
 1  0      0 3899732  19748 1690336    0    0     0   384 21697 35859  2 13 86  0  0
 1  0      0 3899732  19748 1690400    0    0     0    40 20871 34925  2 12 86  0  0
 0  0      0 3900012  19748 1690468    0    0     0    32 20693 34658  2 12 86  0  0
 1  0      0 3900012  19756 1690520    0    0     0   228 22080 36561  2 13 84  1  0
 1  0      0 3900012  19756 1690600    0    0     0   264 21383 35191  2 13 82  3  0
 0  0      0 3900012  19756 1690668    0    0     0    48 22223 36470  2 13 85  0  0
 2  0      0 3899764  19756 1690704    0    0     0    44 21063 34974  2 13 85  0  0
 1  0      0 3899764  19756 1690772    0    0     0    20 21329 35480  1 12 86  0  0
procs -----------memory---------- ---swap-- -----io---- -system-- ------cpu-----
 r  b   swpd   free   buff  cache   si   so    bi    bo   in   cs us sy id wa st
 0  0      0 3899764  19764 1690840    0    0     0   244 22676 37526  2 13 85  1  0
 2  0      0 3899764  19764 1690908    0    0     0    52 22002 36611  2 13 85  0  0
 0  0      0 3899764  19764 1690964    0    0     0    28 21402 35455  2 14 85  0  0
 1  0      0 3899260  19764 1691032    0    0     0    52 21278 35233  1 12 87  0  0
 0  0      0 3899260  19764 1691100    0    0     0    28 21232 35043  1 12 87  0  0
 1  0      0 3899260  19772 1691156    0    0     0   252 21832 36216  2 13 84  1  0
 3  0      0 3899260  19772 1691208    0    0     0   240 21664 35843  2 14 83  1  0
 2  0      0 3899260  19772 1691268    0    0     0    32 21356 35126  1 13 86  0  0
 0  0      0 3898504  19772 1692540    0    0  1208    24 21089 35265  2 14 84  0  0
 2  0      0 3898504  19772 1692596    0    0     0    36 21091 34923  1 13 86  0  0
 1  0      0 3898504  19776 1692640    0    0     0   212 21153 35048  2 11 87  1  0
 1  0      0 3898504  19776 1692736    0    0     0    40 21694 36147  2 14 84  0  0
 0  0      0 3898012  19776 1692820    0    0     0    48 21637 35731  2 13 86  0  0
 0  0      0 3898012  19776 1692844    0    0     0    32 21202 35395  1 14 85  0  0
 0  0      0 3898012  19776 1692900    0    0     0   404 21323 35407  2 12 87  0  0
 0  1      0 3898012  19784 1692976    0    0     0   332 21832 36513  1 13 85  1  0
 0  0      0 3898012  19784 1693036    0    0     0   904 21841 35980  2 14 83  0  0
 0  0      0 3897760  19784 1693092    0    0     0    60 21374 35698  2 13 85  0  0
 2  0      0 3897760  19784 1693184    0    0     0    48 21404 35470  1 14 85  0  0
 1  0      0 3897760  19784 1693252    0    0     0    28 21632 35585  2 12 86  0  0
 1  0      0 3897760  19792 1693292    0    0     0   228 21584 35174  1 12 86  1  0
procs -----------memory---------- ---swap-- -----io---- -system-- ------cpu-----
 r  b   swpd   free   buff  cache   si   so    bi    bo   in   cs us sy id wa st
 0  0      0 3897760  19792 1693372    0    0     0    48 22465 37334  2 13 85  0  0
 0  0      0 3897760  19792 1693432    0    0     0    76 20901 34558  2 11 87  0  0
 0  0      0 3897256  19792 1693472    0    0     0   476 21418 35786  2 14 85  0  0
