procs -----------memory---------- ---swap-- -----io---- -system-- ------cpu-----
 r  b   swpd   free   buff  cache   si   so    bi    bo   in   cs us sy id wa st
 4  0      0 4111728  35608 1849312    0    0     8    15   12    7  2  2 96  0  0
 0  0      0 4115684  35608 1849356    0    0     0    56 15087 26674 15 17 68  0  0
 0  0      0 4115436  35624 1849400    0    0     0  1732 11927 19432  2  9 87  2  0
 0  0      0 4115436  35624 1849444    0    0     0    16 10846 17765  1  7 91  0  0
 0  0      0 4115436  35624 1849476    0    0     0   636 11214 18736  1  8 91  0  0
 0  0      0 4115436  35624 1849540    0    0     0    32 10990 18125  1  8 91  0  0
 0  0      0 4115196  35624 1849580    0    0     0    60 11257 19001  3  8 88  0  0
 1  0      0 4115196  35632 1849640    0    0     0   392 11168 17924  2  8 91  0  0
 0  0      0 4115196  35632 1849688    0    0     0    48 10761 18190  2  7 91  0  0
 1  0      0 4114944  35632 1849716    0    0     0    28 11749 19610  2 10 88  0  0
 0  0      0 4114944  35632 1849748    0    0     0    12 9858 16634  1  8 91  0  0
 4  0      0 4114944  35632 1849788    0    0     0    96 11189 18587  3  9 88  0  0
 0  0      0 4114944  35644 1849836    0    0     0  1732 10055 16462  2  8 88  2  0
 0  0      0 4114944  35644 1849884    0    0     0    88 11262 18697  1  9 90  0  0
 0  0      0 4114944  35652 1849936    0    0     0   188 12025 19875  2  9 88  0  0
 2  0      0 4090876  35672 1850008    0    0     0   728 14547 25148  8 16 75  1  0
 1  0      0 4075868  35692 1851516    0    0     0  1144 14661 25139  7 18 73  1  0
 1  0      0 4059140  35704 1852272    0    0     0   312 11505 20140 16 10 74  0  0
 1  0      0 3903196  35704 1852356    0    0     0   112 10274 17914 16  9 75  0  0
 3  0      0 3890380  35704 1852576    0    0     0    36 10130 17817 18  7 75  0  0
 2  0      0 3878800  35704 1852872    0    0     0    32 9693 16806 16  7 77  0  0
procs -----------memory---------- ---swap-- -----io---- -system-- ------cpu-----
 r  b   swpd   free   buff  cache   si   so    bi    bo   in   cs us sy id wa st
 2  0      0 3869984  35704 1853092    0    0     0    24 10818 19059 17  7 76  0  0
 1  0      0 3849748  35708 1853208    0    0     0   284 10071 17617 18  8 74  0  0
 3  0      0 3845212  35708 1853360    0    0     0   140 9908 17361 17  7 76  0  0
 1  0      0 3828340  35708 1853636    0    0     0   100 10208 17721 17  7 76  0  0
 1  0      0 3824824  35708 1853784    0    0     0    28 9958 17396 18  7 75  0  0
 1  0      0 3819028  35708 1853860    0    0     0    24 10029 17558 17  7 76  0  0
 1  0      0 3812224  35708 1854000    0    0     0   300 9759 17052 17  7 76  0  0
 1  0      0 3804676  35708 1854168    0    0     0    12 10123 17883 18  6 76  0  0
 2  0      0 3792012  35708 1854300    0    0     0   188 10377 18025 18  7 75  0  0
 1  0      0 3787992  35708 1854452    0    0     0    52 9893 17306 16  7 76  0  0
 3  0      0 3744832  35708 1854544    0    0     0    52 10787 18852 17  8 75  0  0
 1  0      0 3434960  35716 1866656    0    0     0   304 16541 24106 12 16 70  1  0
 1  0      0 3424500  35716 1866776    0    0     0     8 12777 20180 17  8 75  0  0
 1  0      0 3368256  35716 1872764    0    0     0   304 11562 19010 16  9 75  1  0
 1  0      0 3362392  35716 1876572    0    0     0   472 12024 19851 15  9 75  1  0
 8  0      0 3350632  35736 1881864    0    0     0   676 15680 24530 16 12 71  1  0
 7  0      0 3288828  35760 1886864    0    0    12  1236 18749 31430 23 18 57  3  0
 9  0      0 3282236  35780 1891068    0    0     0 10228 15916 27288 24 18 56  1  0
 3  0      0 3247140  35780 1891764    0    0     0    24 11748 19650 33  9 58  0  0
 2  0      0 3085088  35780 1891872    0    0     0   252 9788 17360 32  9 59  0  0
 3  0      0 3823292  35820 1892112    0    0     0   848 12119 21289 35 14 50  1  0
procs -----------memory---------- ---swap-- -----io---- -system-- ------cpu-----
 r  b   swpd   free   buff  cache   si   so    bi    bo   in   cs us sy id wa st
 2  0      0 3811984  35828 1892904    0    0     0   848 15904 27811 24 21 54  2  0
 2  0      0 3782576  35852 1894800    0    0     0   768 11811 20626 29 13 58  0  0
 2  0      0 3602508  35852 1895040    0    0     0     8 10232 17915 31 10 59  0  0
 2  0      0 3576468  35852 1895276    0    0     0  2064 10651 18458 33  8 57  2  0
 2  0      0 3566664  35852 1895760    0    0     0   128 10075 17656 32  9 59  0  0
 3  0      0 3540732  35852 1896148    0    0     0    36 9933 17275 32  9 59  0  0
 3  0      0 3519324  35860 1896392    0    0     0   316 10405 18262 33  8 59  0  0
 2  0      0 3502944  35860 1896496    0    0     0    16 10235 17869 34  8 59  0  0
 2  0      0 3488856  35860 1896884    0    0     0    28 9773 17234 32  8 60  0  0
 2  0      0 3461828  35860 1897172    0    0     0   112 10615 18666 33  8 59  0  0
 4  0      0 3457064  35860 1897328    0    0     0    72 9823 17346 34  8 58  0  0
 2  0      0 3436904  35868 1897592    0    0     0   320 9657 16828 34  7 59  1  0
 3  3      0 3351404  35872 1897836    0    0     0   216 10452 18322 31 10 59  1  0
 2  1      0 3098520  35928 1898036    0    0     0   784 13234 23553 37 17 46  1  0
 4  0      0 3046404  35940 1899104    0    0     0   724 15510 28523 42 18 39  1  0
 3  0      0 2990212  35964 1904124    0    0     0   908 11202 19868 44 14 42  1  0
12  0      0 2827048  35964 1905924    0    0     0    40 10159 17734 46 11 43  0  0
 2  0      0 2384388  35964 1920720    0    0     0     8 15787 23879 39 18 41  1  0
 2  0      0 2271936  35964 1927132    0    0     0   556 11089 18460 39 12 49  0  0
 3  0      0 2235952  35964 1933472    0    0     0    56 12061 20497 42 11 47  1  0
 2 62      0 2248324  35968 1935484    0    0     0   436 8215 13385 35  6 13 45  0
procs -----------memory---------- ---swap-- -----io---- -system-- ------cpu-----
 r  b   swpd   free   buff  cache   si   so    bi    bo   in   cs us sy id wa st
 2  1      0 2933952  35972 1939744    0    0     0   192 12320 17273 30  9 23 39  0
 3  1      0 2900844  35972 1944572    0    0     0  7328 13660 21537 27 12 46 15  0
 4  1      0 2883860  35972 1948284    0    0     0   352 13988 21880 26 11 47 16  0
 3  1      0 2858384  35972 1953208    0    0     0    52 13042 20750 27  9 48 16  0
 3  1      0 2842792  35972 1957008    0    0     0     4 12407 19977 29  9 46 16  0
 4  1      0 2833496  35972 1957180    0    0     0   768 10786 18958 35  8 42 15  0
 6  1      0 2824168  35972 1957356    0    0     0     0 9810 17284 34  7 44 15  0
 2  1      0 3654852  35976 1957540    0    0     0   364 11335 19186 26 12 46 15  0
 3  0      0 3609928  35984 1957672    0    0     0   772 12979 20056 17 10 58 15  0
 3  0      0 3241588  35996 1971276    0    0     0    16 16132 23481 10 18 71  1  0
 2  0      0 3143876  35996 1973016    0    0     0 10356 13771 21545 12 11 78  0  0
 2  0      0 3129272  35996 1975188    0    0     0     8 12696 20349 11 10 79  0  0
 6  0      0 3116936  35996 1977028    0    0     0    40 12575 20151 11  8 81  0  0
 2  0      0 3107360  36008 1978384    0    0     0   788 12055 19914 14  8 78  0  0
 4  0      0 3094508  36008 1980288    0    0     0    20 12026 19325 12 10 79  0  0
 2  0      0 3082428  36008 1981648    0    0     0 10888 15491 24214 12 12 74  3  0
 1  0      0 3074616  36008 1982936    0    0     0    12 11007 18177 13  8 79  0  0
 2  0      0 3061776  36012 1985016    0    0     0    24 13306 21821 12  9 79  0  0
 2  0      0 3061032  36020 1985440    0    0     0   728 14479 22441 18 10 72  0  0
 2  0      0 3061032  36020 1985476    0    0     0    24 14046 21673 19  7 74  0  0
 2  0      0 3935556  36020 1985520    0    0     0    48 13363 21158 15 10 74  0  0
procs -----------memory---------- ---swap-- -----io---- -system-- ------cpu-----
 r  b   swpd   free   buff  cache   si   so    bi    bo   in   cs us sy id wa st
 1  0      0 3939748  36020 1985560    0    0     0   132 11852 19628  2  8 90  0  0
 1  0      0 3939748  36020 1985616    0    0     0     4 10891 17973  1  8 91  0  0
 1  0      0 3939748  36032 1985664    0    0     0   264 11714 19527  2  7 91  0  0
 1  0      0 3939748  36032 1985704    0    0     0   108 11039 18480  2  7 91  0  0
 2  0      0 3939500  36032 1985764    0    0     0    68 11287 19104  2  8 90  0  0
 1  0      0 3939500  36032 1985812    0    0     0    60 10320 17194  2  8 91  0  0
 2  0      0 3939500  36032 1985832    0    0     0  6256 12511 21155  2 10 88  0  0
 1  0      0 3939500  36036 1985868    0    0     0   440 10301 17137  2 10 88  0  0
 1  0      0 3939500  36036 1985912    0    0     0    40 10176 16589  1  7 92  0  0
 1  0      0 3939500  36036 1985956    0    0     0    64 9919 16548  1  7 91  0  0
 1  0      0 3939248  36036 1985988    0    0     0    52 10967 18481  3  9 89  0  0
 5  0      0 3939248  36036 1986052    0    0     0   136 9577 15291  1  7 92  0  0
 1  0      0 3939248  36044 1986104    0    0     0   576 11410 18472  2  9 89  1  0
 3  0      0 3939432  36044 1986156    0    0     0    60 9603 15774  2  8 90  0  0
 1  0      0 3939528  36044 1986200    0    0     0  4156 12331 20819  2  8 90  0  0
 1  0      0 3939528  36044 1986236    0    0     0    64 10522 17271  2  8 90  0  0
 7  0      0 3939528  36044 1986268    0    0     0    36 11932 20355  2  9 90  0  0
 1  0      0 3939528  36056 1986308    0    0     0   480 10699 17027  2  9 88  1  0
 1  0      0 3939528  36056 1986364    0    0     0    36 11551 18907  1  7 91  0  0
 1  0      0 3939528  36056 1986396    0    0     0    12 10801 18179  2  8 91  0  0
 2  0      0 3939276  36056 1986460    0    0     0    28 11436 18768  2  9 89  0  0
