procs -----------memory---------- ---swap-- -----io---- -system-- ------cpu-----
 r  b   swpd   free   buff  cache   si   so    bi    bo   in   cs us sy id wa st
 3  0      0 4048936 157656 2013020    0    0     7     3    2    3  1  2 97  0  0
 1  0      0 4046788 157656 2013036    0    0     0    80 5786 9366 13 10 77  0  0
 0  0      0 4046536 157656 2013040    0    0     0   104 2310 3338  1  2 96  0  0
 0  0      0 4046296 157656 2013048    0    0     0    28 1627 2098  1  1 98  0  0
 0  0      0 4046296 157656 2013048    0    0     0     0 1728 2276  1  1 97  0  0
 0  0      0 4046296 157656 2013056    0    0     0    12 1531 1811  1  1 98  0  0
 0  0      0 4046296 157656 2013060    0    0     0    84 2032 2821  1  2 97  0  0
 1  0      0 4046296 157656 2013064    0    0     0     0 1627 1965  1  2 97  0  0
 0  0      0 4046044 157656 2013076    0    0     0     4 2876 4432  2  3 96  0  0
 0  0      0 4046044 157656 2013076    0    0     0     0 1616 1982  1  2 98  0  0
 0  0      0 4046044 157656 2013084    0    0     0     8 1500 1869  1  1 98  0  0
 1  0      0 4046044 157656 2013088    0    0     0   112 2013 2537  2  3 95  0  0
 0  0      0 4046044 157656 2013092    0    0     0     4 2582 3762  3  2 95  0  0
 0  0      0 4045820 157656 2013100    0    0     0     0 2241 3149  1  2 97  0  0
 0  0      0 4045820 157656 2013104    0    0     0     0 1677 2212  1  1 98  0  0
 0  0      0 4045316 157656 2013108    0    0     0     4 1562 2085  2  2 96  0  0
 0  0      0 4045064 157656 2013120    0    0     0    40 1885 2588  1  2 97  0  0
 0  0      0 4045064 157656 2013128    0    0     0    32 1684 2126  1  2 97  0  0
 0  0      0 4045064 157656 2013132    0    0     0     4 2969 4528  2  3 95  0  0
 1  0      0 4045064 157656 2013136    0    0     0     0 1793 2363  1  2 97  0  0
 0  0      0 4045064 157656 2013140    0    0     0     0 1590 2141  1  1 98  0  0
procs -----------memory---------- ---swap-- -----io---- -system-- ------cpu-----
 r  b   swpd   free   buff  cache   si   so    bi    bo   in   cs us sy id wa st
 0  0      0 4045064 157656 2013148    0    0     0    88 2324 3191  1  3 95  0  0
 0  0      0 4045064 157656 2013152    0    0     0     0 2105 2944  1  2 97  0  0
 0  0      0 4044840 157656 2013156    0    0     0    32 2194 3080  1  2 97  0  0
 0  0      0 4044840 157656 2013160    0    0     0     4 2013 2700  1  2 97  0  0
 0  0      0 4044840 157656 2013172    0    0     0     0 1614 1999  1  2 97  0  0
 0  0      0 4044840 157656 2013180    0    0     0    48 1997 2834  1  2 97  0  0
 0  0      0 4044588 157656 2013180    0    0     0    16 1639 2059  1  2 97  0  0
 0  0      0 4044588 157656 2013184    0    0     0     0 2550 3897  2  2 96  0  0
 0  0      0 4044588 157656 2013188    0    0     0    32 1562 1815  1  2 97  0  0
 0  0      0 4044588 157656 2013196    0    0     0     4 1872 2375  3  2 96  0  0
 0  0      0 4044336 157656 2013204    0    0     0   152 2696 3898  3  4 91  2  0
 0  0      0 4044336 157656 2013212    0    0     0     4 2491 3579  2  2 96  0  0
 0  0      0 4044336 157656 2013220    0    0     0    40 1446 1785  1  1 98  0  0
 0  0      0 4044336 157656 2013220    0    0     0    20 1499 1874  1  1 98  0  0
 0  0      0 4044336 157656 2013232    0    0     0    12 1546 1988  1  1 98  0  0
 0  0      0 4044084 157656 2013236    0    0     0    72 1755 2341  1  2 97  0  0
 0  0      0 4044084 157656 2013240    0    0     0     0 2328 3291  2  2 96  0  0
 0  0      0 4044084 157656 2013240    0    0     0     8 3005 4646  2  3 96  0  0
 0  0      0 4044084 157656 2013248    0    0     0    20 1679 2062  1  1 98  0  0
 0  0      0 4044084 157656 2013256    0    0     0     0 1464 1819  1  2 98  0  0
 0  0      0 4043860 157656 2013264    0    0     0   132 2601 3711  2  3 95  0  0
procs -----------memory---------- ---swap-- -----io---- -system-- ------cpu-----
 r  b   swpd   free   buff  cache   si   so    bi    bo   in   cs us sy id wa st
 0  0      0 4043356 157656 2013268    0    0     0     4 2355 3228  3  3 95  0  0
 0  0      0 4043356 157656 2013272    0    0     0     8 1549 1991  1  2 98  0  0
 0  0      0 4043356 157656 2013280    0    0     0     0 2009 2721  1  2 97  0  0
 0  0      0 4043356 157656 2013288    0    0     0    20 1595 2001  2  2 96  0  0
 1  0      0 4043356 157656 2013292    0    0     0    68 2403 3528  2  2 97  0  0
 0  0      0 4043104 157656 2013296    0    0     0     8 1802 2276  1  2 97  0  0
 0  0      0 4043104 157656 2013300    0    0     0    12 2952 4504  2  3 96  0  0
 0  0      0 4043104 157656 2013308    0    0     0     0 1921 2719  1  2 97  0  0
 0  0      0 4043104 157656 2013320    0    0     0    20 2406 3617  1  2 97  0  0
 0  0      0 4043104 157656 2013328    0    0     0   120 1941 2528  1  3 96  0  0
 0  0      0 4042852 157656 2013332    0    0     0     0 2429 3418  1  3 96  0  0
 0  0      0 4042852 157656 2013332    0    0     0     8 1492 1755  1  2 97  0  0
 0  0      0 4042852 157656 2013336    0    0     0    12 1544 1887  1  1 98  0  0
 0  0      0 4042852 157656 2013344    0    0     0    20 1563 1983  1  2 98  0  0
 0  0      0 4042852 157656 2013348    0    0     0    68 1468 1817  1  2 98  0  0
 0  0      0 4042852 157656 2013352    0    0     0     0 2444 3519  2  2 96  0  0
 0  0      0 4042852 157656 2013360    0    0     0     0 2982 4673  4  3 93  0  0
 0  0      0 4042852 157656 2013364    0    0     0    12 1566 2049  1  1 98  0  0
 0  0      0 4042852 157656 2013372    0    0     0    32 1572 1966  1  2 98  0  0
 0  0      0 4042628 157656 2013380    0    0     0   132 2283 3122  2  3 95  0  0
 0  0      0 4042124 157656 2013384    0    0     0     0 2475 3467  2  2 96  0  0
procs -----------memory---------- ---swap-- -----io---- -system-- ------cpu-----
 r  b   swpd   free   buff  cache   si   so    bi    bo   in   cs us sy id wa st
 0  0      0 4042124 157656 2013384    0    0     0     0 1453 1887  1  1 98  0  0
 0  0      0 4042124 157656 2013388    0    0     0     8 1602 2088  1  1 98  0  0
 0  0      0 4042124 157656 2013396    0    0     0    40 1822 2296  1  2 97  0  0
 0  0      0 4042124 157656 2013408    0    0     0    72 1448 1862  1  1 98  0  0
 0  0      0 4041872 157656 2013412    0    0     0     0 1762 2323  1  2 97  0  0
 0  0      0 4041872 157656 2013416    0    0     0     0 2896 4384  2  3 95  0  0
 0  0      0 4041872 157656 2013420    0    0     0    36 1604 2045  1  2 97  0  0
 0  0      0 4041872 157656 2013432    0    0     0    28 1548 2071  1  2 98  0  0
 0  0      0 4041620 157656 2013436    0    0     0   140 1677 2196  3  3 94  1  0
 0  0      0 4041368 157656 2013440    0    0     0     4 2490 3583  2  2 96  0  0
 0  0      0 4041368 157656 2013444    0    0     0     0 1494 1872  1  1 98  0  0
 0  0      0 4041368 157656 2013448    0    0     0     0 1705 2385  1  2 97  0  0
 0  0      0 4041368 157656 2013456    0    0     0    28 1654 2097  2  2 96  0  0
 0  0      0 4041368 157656 2013460    0    0     0    76 1531 1946  1  1 98  0  0
 0  0      0 4040864 157656 2013468    0    0     0     8 1874 2316  1  3 96  0  0
 0  0      0 4044164 157656 2013472    0    0     0     4 2573 3840  2  2 96  0  0
 0  0      0 4044164 157656 2013472    0    0     0     0 1457 1911  1  1 98  0  0
 0  0      0 4043924 157656 2013484    0    0     0    20 1471 1900  1  2 98  0  0
 0  0      0 4043924 157656 2013488    0    0     0   132 1889 2439  1  2 96  0  0
 3  0      0 4043672 157656 2013496    0    0     0     0 2724 4036  1  3 96  0  0
 0  0      0 4043672 157656 2013504    0    0     0     8 1436 1741  1  1 98  0  0
procs -----------memory---------- ---swap-- -----io---- -system-- ------cpu-----
 r  b   swpd   free   buff  cache   si   so    bi    bo   in   cs us sy id wa st
 0  0      0 4043672 157656 2013504    0    0     0     4 1502 1936  1  1 98  0  0
 0  0      0 4043672 157656 2013512    0    0     0     0 1569 2039  1  2 98  0  0
 0  0      0 4043672 157656 2013516    0    0     0    80 1760 2250  1  2 97  0  0
 0  0      0 4043420 157656 2013520    0    0     0     0 1899 2548  1  2 97  0  0
 0  0      0 4043420 157656 2013528    0    0     0     0 2866 4485  2  2 95  0  0
 0  0      0 4043420 157656 2013536    0    0     0     8 1398 1804  1  1 98  0  0
 1  0      0 4043420 157656 2013540    0    0     0     8 1527 1927  3  1 96  0  0
 0  0      0 4043420 157656 2013548    0    0     0   112 1609 2017  2  2 96  0  0
 0  0      0 4043168 157656 2013552    0    0     0    32 2439 3495  1  2 96  0  0
 0  0      0 4043168 157656 2013556    0    0     0     0 1423 1836  1  2 98  0  0
 0  0      0 4043168 157656 2013560    0    0     0     0 1631 2157  1  2 98  0  0
 0  0      0 4043168 157656 2013568    0    0     0    28 1411 1768  1  1 98  0  0
 0  0      0 4043168 157656 2013576    0    0     0    68 1477 1781  1  2 98  0  0
 0  0      0 4042664 157656 2013576    0    0     0     4 2094 2823  1  3 97  0  0
 0  0      0 4042416 157656 2013580    0    0     0    20 2680 4165  2  2 96  0  0
 0  0      0 4042416 157656 2013588    0    0     0     0 1704 2283  1  2 97  0  0
 0  0      0 4042416 157656 2013600    0    0     0    28 1433 1879  1  1 98  0  0
 0  0      0 4042416 157656 2013604    0    0     0   100 1737 2148  3  2 95  0  0
 0  0      0 4041912 157656 2013604    0    0     0     4 2324 3330  1  3 96  0  0
 0  0      0 4041912 157656 2013608    0    0     0     8 1508 1926  1  2 98  0  0
 0  0      0 4041912 157656 2013616    0    0     0    24 1492 1951  1  1 98  0  0
procs -----------memory---------- ---swap-- -----io---- -system-- ------cpu-----
 r  b   swpd   free   buff  cache   si   so    bi    bo   in   cs us sy id wa st
 0  0      0 4041912 157656 2013624    0    0     0     0 1640 2056  2  2 97  0  0
 0  0      0 4041912 157656 2013628    0    0     0    56 1890 2509  3  2 96  0  0
 0  0      0 4041912 157656 2013632    0    0     0     8 1833 2339  1  3 97  0  0
 0  0      0 4041912 157656 2013636    0    0     0    12 2791 4371  2  2 96  0  0
 0  0      0 4041912 157656 2013640    0    0     0     0 1601 1973  1  2 97  0  0
 1  0      0 4041912 157656 2013648    0    0     0    24 1424 1903  1  1 98  0  0
 0  0      0 4041912 157656 2013656    0    0     0   108 1753 2255  2  2 96  0  0
 0  0      0 4041660 157656 2013660    0    0     0     0 2555 3591  2  3 96  0  0
 0  0      0 4041660 157656 2013664    0    0     0     8 1432 1882  1  1 98  0  0
 5  0      0 4037932 157656 2013668    0    0     0     8 2001 2670  4  3 93  0  0
