procs -----------memory---------- ---swap-- -----io---- -system-- ------cpu-----
 r  b   swpd   free   buff  cache   si   so    bi    bo   in   cs us sy id wa st
 2  0      0 4439616  88052 1423308    0    0     3     6   13    8  1  1 98  0  0
 1  0      0 4435788  88052 1423332    0    0     0     0 5205 8419 10  7 82  0  0
 1  0      0 4435540  88052 1423336    0    0     0    88 2275 3091  1  2 97  0  0
 0  0      0 4435288  88052 1423340    0    0     0     0 1242 1309  1  1 99  0  0
 0  0      0 4435288  88052 1423340    0    0     0     0 1586 1895  1  1 98  0  0
 0  0      0 4435288  88052 1423348    0    0     0    24 1083 1059  0  1 99  0  0
 0  0      0 4435288  88052 1423352    0    0     0    24  954 1016  1  1 99  0  0
 0  0      0 4435288  88056 1423348    0    0     0    48 1353 1669  0  1 98  0  0
 0  0      0 4435288  88056 1423360    0    0     0     0 1474 1752  1  1 98  0  0
 1  0      0 4435040  88056 1423364    0    0     0     0 1001  970  0  1 99  0  0
 0  0      0 4435040  88056 1423372    0    0     0     0 1413 1627  1  1 98  0  0
 0  0      0 4435040  88056 1423372    0    0     0    16 1160 1242  0  1 98  0  0
 0  0      0 4435040  88064 1423368    0    0     0    56 2090 2861  2  2 96  0  0
 0  0      0 4435040  88064 1423380    0    0     0     0 1261 1379  0  1 99  0  0
 0  0      0 4435040  88064 1423384    0    0     0     0 1418 1712  1  1 98  0  0
 0  0      0 4435040  88064 1423388    0    0     0     0 1157 1152  0  1 99  0  0
 0  0      0 4435040  88064 1423392    0    0     0     4 1093 1028  0  1 99  0  0
 0  0      0 4435040  88072 1423392    0    0     0    40 1082 1136  1  1 99  0  0
 2  0      0 4430944  88072 1423404    0    0     0    28 1454 1650  1  2 97  0  0
 0  0      0 4430944  88072 1423408    0    0     0     0  910  873  0  1 99  0  0
 0  0      0 4430692  88084 1423420    0    0     0   140 2720 3638  1  2 97  0  0
procs -----------memory---------- ---swap-- -----io---- -system-- ------cpu-----
 r  b   swpd   free   buff  cache   si   so    bi    bo   in   cs us sy id wa st
 1  0      0 4408540  88104 1423664    0    0     0   976 8338 13291  8  9 81  3  0
 1  0      0 4394092  88124 1425368    0    0     0   584 5136 7906 12  9 78  1  0
 1  0      0 4227124  88124 1425500    0    0     0     8 1847 1945 15  4 82  0  0
 1  0      0 4211764  88124 1425680    0    0     0    36 1877 2222 17  2 82  0  0
 1  0      0 4196656  88124 1425956    0    0     0    28 1528 1565 16  2 82  0  0
 1  0      0 4178272  88124 1426156    0    0     0     0 1463 1467 15  2 82  0  0
 1  0      0 4165168  88132 1426240    0    0     0   144 1577 1687 17  1 82  0  0
 3  0      0 4158804  88140 1426496    0    0     0   836 3293 4391 17  4 76  2  0
 1  1      0 4147984  88148 1426640    0    0     0   396 4200 5808 19  4 71  6  0
 2  0      0 4124284  88176 1428788    0    0     0  1200 8244 13841 25 12 60  3  0
 2  0      0 3978728  88176 1429324    0    0     0     0 1770 1867 31  3 65  0  0
 2  0      0 3915612  88176 1429508    0    0     0     8 2787 3441 33  4 63  0  0
 2  0      0 3891128  88176 1430044    0    0     0    28 1659 1556 33  2 65  0  0
 2  0      0 3867452  88176 1430316    0    0     0    32 2060 2388 33  2 65  0  0
 2  0      0 3842768  88176 1430548    0    0     0    12 1512 1355 32  3 66  0  0
 2  0      0 3825392  88184 1430696    0    0     0   188 1607 1434 32  2 66  0  0
 2  1      0 3706848  88208 1444512    0    0     0   956 11926 16571 34 13 50  3  0
 2  0      0 3232848  88232 1449172    0    0     0   888 6569 10185 37 13 49  1  0
 3  0      0 3036452  88232 1453492    0    0     0     0 3644 3508 40  5 56  0  0
 2  0      0 2980260  88232 1458096    0    0     0    40 3909 3759 41  4 55  1  0
 2  0      0 2946280  88232 1462388    0    0     0     8 3593 3315 41  4 55  0  0
procs -----------memory---------- ---swap-- -----io---- -system-- ------cpu-----
 r  b   swpd   free   buff  cache   si   so    bi    bo   in   cs us sy id wa st
 3  0      0 2897776  88232 1466800    0    0     0    24 4383 4988 41  5 54  1  0
 3  0      0 2863600  88240 1470400    0    0     0   200 3406 3300 40  4 55  1  0
 2  0      0 2829132  88240 1475084    0    0     0     4 4381 4774 42  4 55  0  0
 3  0      0 2792436  88240 1479252    0    0     0     0 3667 3391 42  5 53  0  0
 5  0      0 2690032  88240 1493592    0    0     0    28 7600 7411 45  6 46  2  0
 2  0      0 2449372  88240 1494752    0    0     0     8 2370 2116 43  6 52  0  0
 2  0      0 3284572  88248 1497188    0    0     0  1240 3305 3646 27  9 61  3  0
 2  0      0 3260248  88248 1499560    0    0     0     8 2305 2315 26  4 70  0  0
 2  0      0 3241364  88248 1501128    0    0     0     0 2356 2294 29  3 69  0  0
 1  0      0 3221480  88248 1503344    0    0     0     0 2292 2426 28  3 70  0  0
 2  0      0 3204296  88248 1505008    0    0     0    36 3652 4800 29  4 67  0  0
 2  0      0 3189032  88252 1506768    0    0     0   136 2633 2734 29  3 68  0  0
 2  0      0 2851856  88252 1521052    0    0     0     8 8268 9040 23  8 67  2  0
 4  0      0 2861828  88252 1523624    0    0     0     0 3430 3839 27  3 70  0  0
 1  0      0 3590336  88252 1525896    0    0     0     0 2615 2420 22  5 73  0  0
 1  0      0 3573396  88252 1528264    0    0     0     0 2348 2416 11  2 87  0  0
 0  0      0 3555156  88260 1531016    0    0     0   196 2702 3000 11  3 86  0  0
 1  0      0 3539848  88260 1533208    0    0     0    16 2168 2234 11  2 87  0  0
 1  0      0 3527252  88260 1535212    0    0     0     4 2379 2709 13  2 85  0  0
 1  0      0 3555400  88260 1535392    0    0     0     4 1397 1284 17  1 82  0  0
 1  0      0 4299776  88260 1535396    0    0     0     0 2693 3652 10  6 84  0  0
procs -----------memory---------- ---swap-- -----io---- -system-- ------cpu-----
 r  b   swpd   free   buff  cache   si   so    bi    bo   in   cs us sy id wa st
 0  1      0 4299536  88260 1535400    0    0     0   124 1240 1376  1  1 98  0  0
 1  0      0 4299644  88260 1535408    0    0     0   336 2280 3200  1  1 98  0  0
 0  0      0 4299644  88260 1535416    0    0     0    20 1273 1364  0  1 99  0  0
 0  0      0 4299644  88260 1535416    0    0     0     4 1099 1193  0  1 99  0  0
 0  0      0 4299644  88260 1535420    0    0     0     0 1207 1360  0  1 99  0  0
 0  0      0 4299152  88260 1535424    0    0     0     8 1518 1707  1  1 98  0  0
 1  0      0 4299152  88268 1535428    0    0     0    64 1032 1068  0  1 99  0  0
 0  0      0 4299668  88268 1535432    0    0     0    24 1377 1613  1  1 98  0  0
 0  0      0 4299428  88268 1535436    0    0     0    44 1133 1283  0  1 99  0  0
 0  0      0 4299688  88268 1535444    0    0     0     0 2371 3531  2  2 95  0  0
 0  0      0 4299464  88268 1535448    0    0     0  8224 1415 1609  1  1 98  0  0
 0  0      0 4299240  88276 1535452    0    0     0 14136 2445 3192  1  2 96  0  0
 0  0      0 4299240  88276 1535460    0    0     0     0 1171 1141  0  1 99  0  0
 0  0      0 4299016  88276 1535460    0    0     0 13616 1476 1659  1  1 98  0  0
 0  0      0 4299016  88276 1535464    0    0     0    12 1123 1217  0  1 99  0  0
 0  0      0 4299188  88276 1535468    0    0     0  4656 3318 4649  1  2 97  0  0
 0  0      0 4299280  88284 1535472    0    0     0   136 1047 1096  1  0 99  0  0
 0  0      0 4299280  88284 1535480    0    0     0     0 1273 1365  0  1 99  0  0
 0  0      0 4299280  88284 1535484    0    0     0     8 1159 1202  1  1 99  0  0
 0  0      0 4299032  88284 1535488    0    0     0    28 2398 3579  2  2 96  0  0
 0  0      0 4299056  88284 1535492    0    0     0   100 1541 1779  1  2 98  0  0
procs -----------memory---------- ---swap-- -----io---- -system-- ------cpu-----
 r  b   swpd   free   buff  cache   si   so    bi    bo   in   cs us sy id wa st
 0  0      0 4298568  88292 1535496    0    0     0    48 1843 2485  2  1 97  0  0
 0  0      0 4298568  88292 1535500    0    0     0     0 1359 1499  1  1 98  0  0
 0  0      0 4298568  88292 1535504    0    0     0     4 1180 1319  1  1 99  0  0
 0  0      0 4298344  88292 1535508    0    0     0     0 1023 1052  0  1 99  0  0
 0  0      0 4298092  88292 1535516    0    0     0    28 1419 1654  0  2 98  0  0
 0  0      0 4298092  88300 1535524    0    0     0    80 1078 1070  0  1 99  0  0
 0  0      0 4298092  88300 1535532    0    0     0     0 1306 1403  1  1 98  0  0
 0  0      0 4298092  88300 1535532    0    0     0     0 1375 1709  0  1 99  0  0
 1  0      0 4298108  88300 1535540    0    0     0     8 2478 3520  1  3 96  0  0
 3  0      0 4296848  88300 1535544    0    0     0     0 1631 2065  1  2 97  0  0
