procs -----------memory---------- ---swap-- -----io---- -system-- ------cpu-----
 r  b   swpd   free   buff  cache   si   so    bi    bo   in   cs us sy id wa st
 2  0      0 4273428  55076 1590508    0    0     7     7   47   46  1  2 97  0  0
 0  0      0 4273420  55076 1590552    0    0     0    16 9744 16260 12 11 77  0  0
 0  0      0 4273420  55076 1590576    0    0     0     8 6501 10014  2  5 94  0  0
 0  0      0 4272920  55084 1590580    0    0     0   104 6710 10571  2  6 92  0  0
 0  0      0 4272920  55084 1590616    0    0     0    80 5387 8419  2  4 95  0  0
 0  0      0 4272920  55084 1590624    0    0     0   144 6142 9497  1  5 95  0  0
 0  0      0 4272920  55084 1590656    0    0     0    44 6838 10961  2  5 94  0  0
 0  0      0 4272920  55084 1590680    0    0     0     8 5763 9202  1  4 95  0  0
 0  0      0 4272920  55092 1590688    0    0     0   292 6470 10429  1  5 94  0  0
 1  0      0 4272920  55092 1590720    0    0     4     0 5636 8784  1  3 95  0  0
 0  0      0 4272920  55092 1590744    0    0     0    32 5794 9274  1  4 95  0  0
 0  0      0 4272920  55092 1590764    0    0     0    16 5809 9148  1  5 94  0  0
 0  0      0 4272920  55092 1590776    0    0     0    56 5808 9362  1  4 95  0  0
 0  0      0 4272668  55100 1590800    0    0     0    80 6374 10120  3  6 91  0  0
 0  0      0 4272668  55100 1590816    0    0     0     0 5595 8493  1  3 95  0  0
 0  0      0 4272668  55100 1590832    0    0     0     8 6005 9346  1  5 94  0  0
 0  0      0 4272668  55100 1590876    0    0     0    60 6809 10965  3  5 93  0  0
 0  0      0 4272668  55100 1590880    0    0     0     8 5781 9222  1  5 95  0  0
 0  0      0 4272416  55104 1590916    0    0     4   160 6430 10226  1  6 93  0  0
 3  0      0 4271232  55144 1590880    0    0     0   200 7608 12345  4  7 89  0  0
 3  0      0 4257332  55184 1591336    0    0     0  1200 12853 21730 13 15 70  2  0
procs -----------memory---------- ---swap-- -----io---- -system-- ------cpu-----
 r  b   swpd   free   buff  cache   si   so    bi    bo   in   cs us sy id wa st
 1  0      0 4243476  55204 1592492    0    0     0   704 10008 17036 10 11 78  1  0
 1  0      0 4105564  55204 1592992    0    0     0     8 5997 9856 15  6 78  0  0
 1  0      0 4056232  55204 1593104    0    0     0    16 6820 10670 16  8 77  0  0
 1  0      0 4047172  55204 1593128    0    0     0   652 7054 10454 17  5 78  0  0
 1  0      0 4035592  55204 1593520    0    0     0    28 7175 10978 17  5 78  0  0
 1  0      0 4016692  55212 1593584    0    0     4   252 8174 12808 17  7 76  0  0
 1  0      0 4009400  55228 1593696    0    0     0   256 8178 12626 19  7 75  0  0
 5  0      0 3992000  55276 1593964    0    0     0  1172 12313 20756 25 14 58  3  0
 2  0      0 3965872  55300 1595988    0    0     0   700 10638 17834 24 15 60  0  0
 2  0      0 3923512  55300 1596988    0    0   808    64 6293 10232 33  6 61  0  0
 2  0      0 3760588  55300 1597368    0    0     0   696 5811 8687 31  6 60  2  0
 2  0      0 3745984  55300 1597768    0    0     0    44 5694 8966 32  6 62  0  0
 3  0      0 3724336  55300 1598128    0    0     0    20 5679 9072 33  7 60  0  0
 2  0      0 3708660  55312 1598332    0    0     4   256 5673 9192 34  5 61  0  0
 2  0      0 3680104  55312 1598528    0    0     0   276 5531 8685 33  5 62  0  0
 2  0      0 3582548  55312 1611108    0    0     0    80 11162 15336 29 10 60  1  0
 2  0      0 3184132  55312 1613264    0    0   656    28 6502 9525 26  9 64  0  0
 2  0      0 3162000  55316 1617496    0    0     0  1624 7850 11483 27  7 66  1  0
 2  0      0 3139404  55328 1621776    0    0     0   400 8159 12021 27  8 64  1  0
 4  0      0 3117448  55328 1626092    0    0     0     0 7106 10267 27  6 67  1  0
 2  0      0 3091784  55328 1630752    0    0     4    20 7608 10908 27  7 66  1  0
procs -----------memory---------- ---swap-- -----io---- -system-- ------cpu-----
 r  b   swpd   free   buff  cache   si   so    bi    bo   in   cs us sy id wa st
 2  0      0 3064912  55328 1634588    0    0     0    28 7689 11425 27  7 66  0  0
 2  0      0 3045620  55328 1639192    0    0     0    28 7754 11423 28  8 64  0  0
 2  0      0 3025024  55344 1643352    0    0     0   352 8799 13142 29 10 61  1  0
 4  0      0 2941120  55388 1657344    0    0   465  1604 15169 23029 37 18 42  3  0
 3  0      0 2530208  55408 1661968    0    0     0  2188 11598 19779 36 19 44  1  0
 2  0      0 3272216  55408 1667572    0    0     0    20 6636 9865 38 10 51  0  0
 3  0      0 3105956  55408 1672184    0    0     0    48 6958 10382 27  7 66  0  0
 1  0      0 3035028  55408 1677808    0    0     0    16 7416 11291 27  6 66  0  0
 2  0      0 3002844  55408 1681720    0    0     4   652 6948 10209 28  5 67  0  0
 2  0      0 2938696  55416 1685868    0    0     0   192 6526 9973 29  5 66  1  0
 2  0      0 2893756  55416 1688572    0    0     0    20 5961 9206 32  4 64  0  0
 2  0      0 2829428  55416 1695424    0    0     0    24 6764 10227 30  6 64  0  0
 3  0      0 2744376  55416 1702212    0    0     0    12 6537 9831 29  7 64  0  0
 2  0      0 2623204  55416 1706916    0    0     0    92 6301 9384 29  6 65  0  0
 2  0      0 2532108  55424 1713644    0    0     0   188 7938 12046 29  7 63  0  0
 3  0      0 2426068  55424 1719140    0    0     4    24 6295 9597 29  7 64  0  0
 2  0      0 2309808  55424 1729100    0    0     0    12 7584 11554 31  7 63  0  0
 2  0      0 2212528  55424 1737324    0    0     0    16 7537 11899 30  7 63  0  0
 5  1      0 2088776  55424 1744668    0    0     0    12 7085 10844 30  7 63  0  0
 3  0      0 1741280  55432 1766268    0    0     0   268 12100 15820 24 13 60  2  0
 3  0      0 1340668  55432 1773656    0    0  1204 60668 8622 12390 24 11 63  2  0
procs -----------memory---------- ---swap-- -----io---- -system-- ------cpu-----
 r  b   swpd   free   buff  cache   si   so    bi    bo   in   cs us sy id wa st
 1  0      0 1167848  55432 1787104    0    0     0  1824 8904 12921 26  6 67  1  0
 2  0      0 1080576  55432 1796972    0    0     0 12384 9450 13873 24  7 68  0  0
 2  0      0 973828  55432 1807020    0    0     4    60 8497 12119 24  6 69  0  0
 3  0      0 846828  55436 1816912    0    0     0  1020 9055 13520 25  6 69  1  0
 2  0      0 601904  55440 1825552    0    0     0  3884 8327 11849 24  7 68  0  0
 1  0      0 534556  55440 1834268    0    0     0  8744 7994 11815 25  7 68  0  0
 3  0      0 352860  55440 1842556    0    0     0     0 8726 12797 25  7 67  0  0
 2  0      0 194880  55440 1849040    0    0     0    20 7006 10379 31  5 64  0  0
 1  0      0 1017848  55448 1855372    0    0     0  1120 8277 11667 24 11 65  1  0
 1  0      0 943860  55448 1863008    0    0     0     4 8215 11455 14  6 80  0  0
 0  0      0 965652  55448 1868688    0    0     4    20 8693 12690 12  7 81  0  0
 1  0      0 936480  55448 1871956    0    0     0     8 7797 11582 15  6 80  0  0
 1  0      0 933008  55448 1874948    0    0     0     0 8027 11701 13  5 82  0  0
 1  0      0 868804  55456 1879648    0    0     0   156 8998 13443 13  6 81  0  0
 1  0      0 815296  55456 1886648    0    0     0    44 7362 11348 14  6 80  0  0
 0  0      0 739256  55456 1896248    0    0     0    24 7702 11039 12  5 82  0  0
 1  0      0 561176  55456 1904832    0    0     0    12 9425 13760 14 10 75  0  0
 1  0      0 2630156  55456 1906660    0    0     0     0 8007 11775 17  6 77  0  0
 1  0      0 2629548  55464 1906768    0    0     4   116 8203 12007 17  5 78  0  0
 1  0      0 2652620  55464 1906800    0    0     0   484 8424 12468 18  4 78  0  0
 0  0      0 3939872  55464 1906812    0    0     0     8 6450 10050  2 10 88  0  0
procs -----------memory---------- ---swap-- -----io---- -system-- ------cpu-----
 r  b   swpd   free   buff  cache   si   so    bi    bo   in   cs us sy id wa st
 0  0      0 3939372  55464 1906836    0    0     0    36 6317 10028  1  4 94  0  0
 0  0      0 3939372  55464 1906860    0    0     0     0 6436 9954  1  5 94  0  0
 2  0      0 3939372  55472 1906884    0    0     0    96 6140 9333  1  4 95  0  0
 0  0      0 3938884  55472 1906920    0    0     0    12 6912 11332  2  5 93  0  0
 0  0      0 3938884  55472 1906928    0    0     0     0 6406 10258  1  5 94  0  0
 0  0      0 3938632  55472 1906964    0    0     0  2400 6853 10835  3  4 93  0  0
 0  0      0 3940684  55472 1906980    0    0     4     8 6099 9648  1  4 95  0  0
 1  0      0 3940436  55480 1907000    0    0     0   176 5812 9204  1  5 95  0  0
 0  0      0 3940436  55480 1907028    0    0     0   172 5738 8827  1  3 95  0  0
 0  0      0 3940436  55480 1907048    0    0     0 59288 6886 10592  2  7 89  1  0
 0  0      0 3940184  55480 1907072    0    0     0    20 6653 10510  1  6 93  0  0
 0  0      0 3940184  55480 1907080    0    0     0    20 5755 9216  1  4 95  0  0
 1  0      0 3940184  55488 1907116    0    0     0   232 5657 9094  1  4 95  0  0
