procs -----------memory---------- ---swap-- -----io---- -system-- ------cpu-----
 r  b   swpd   free   buff  cache   si   so    bi    bo   in   cs us sy id wa st
 3  0      0 4196152 162432 1687992    0    0     2     9   14    6  1  1 98  0  0
 1  0      0 4193820 162432 1688008    0    0     0     0 5033 8471 10  7 84  0  0
 0  0      0 4193820 162432 1688016    0    0     0     0 1655 2161  1  1 98  0  0
 0  0      0 4193092 162432 1688020    0    0     0    16 2277 3341  1  1 98  0  0
 0  0      0 4193092 162432 1688020    0    0     0     0 1200 1307  0  1 99  0  0
 1  0      0 4193092 162432 1688028    0    0     0    72 2138 2730  1  2 97  0  0
 0  0      0 4193092 162432 1688032    0    0     0    24 1463 1710  1  1 99  0  0
 0  0      0 4193092 162432 1688040    0    0     0     0 1572 2033  1  1 98  0  0
 0  0      0 4193092 162432 1688044    0    0     0     0 1309 1515  0  1 99  0  0
 0  0      0 4192852 162432 1688048    0    0     0     0 1250 1453  1  2 97  0  0
 0  0      0 4192852 162432 1688048    0    0     0    44 2821 4094  1  2 96  0  0
 0  0      0 4192852 162432 1688060    0    0     0    16 1054 1158  0  1 99  0  0
 0  0      0 4192852 162432 1688060    0    0     0    24 1451 1860  1  1 98  0  0
 0  0      0 4192852 162432 1688064    0    0     0     0 2049 2861  1  1 98  0  0
 0  0      0 4192852 162432 1688064    0    0     0     0 1334 1542  1  1 98  0  0
 0  0      0 4192852 162432 1688076    0    0     0    36 1994 2547  1  2 97  0  0
 0  0      0 4192852 162432 1688076    0    0     0     0 1400 1712  1  1 99  0  0
 0  0      0 4192852 162432 1688084    0    0     0    16 1729 2332  1  1 98  0  0
 0  0      0 4192852 162432 1688084    0    0     0    28 1426 1623  1  1 99  0  0
 0  0      0 4192852 162432 1688092    0    0     0     0 1525 1877  1  2 97  0  0
 4  0      0 4190624 162432 1688092    0    0     0    40 3105 4281  6  4 90  0  0
procs -----------memory---------- ---swap-- -----io---- -system-- ------cpu-----
 r  b   swpd   free   buff  cache   si   so    bi    bo   in   cs us sy id wa st
 0  0      0 4190660 162432 1688112    0    0     0     0 6292 10755 12  8 80  0  0
 0  0      0 4194584 162432 1688108    0    0     0     4 6152 10053 12  8 80  0  0
 0  0      0 4194584 162432 1688128    0    0     0    20 4715 7689  5  7 88  0  0
 0  0      0 4194344 162432 1688124    0    0     0    40 1351 1558  2  1 98  0  0
 0  0      0 4194344 162432 1688140    0    0     0    64 2520 3672  1  2 96  0  0
 0  0      0 4194344 162432 1688140    0    0     0   112 1427 1646  0  1 99  0  0
 0  0      0 4194344 162432 1688148    0    0     0     8 1875 2585  1  1 98  0  0
 1  0      0 4194344 162432 1688148    0    0     0     0 1178 1332  0  1 99  0  0
 0  0      0 4194344 162432 1688156    0    0     0     8 1417 1660  1  2 97  0  0
 0  0      0 4194344 162432 1688160    0    0     0    88 2129 2820  1  2 97  0  0
 0  0      0 4194344 162432 1688164    0    0     0     0 1124 1243  0  1 99  0  0
 0  0      0 4194104 162432 1688164    0    0     0     0 1638 2151  1  1 98  0  0
 0  0      0 4194104 162432 1688176    0    0     0     8 2475 3698  1  1 98  0  0
 0  0      0 4194104 162432 1688176    0    0     0     0 1383 1635  1  1 98  0  0
 0  0      0 4194104 162432 1688180    0    0     0   140 1806 2345  1  2 98  0  0
 0  0      0 4194104 162432 1688184    0    0     0     4 1391 1624  0  1 98  0  0
 0  0      0 4194104 162432 1688192    0    0     0     0 1713 2173  1  1 98  0  0
 3  0      0 4187280 162432 1688196    0    0     0     4 5026 7831  9  7 83  0  0
 2  0      0 4195976 162432 1688208    0    0     0     0 5287 8413 11  7 83  0  0
 0  0      0 4195060 162432 1688224    0    0     0    80 4530 7304  4  5 91  0  0
 0  0      0 4195060 162432 1688232    0    0     0     8 2906 4473  5  4 91  0  0
procs -----------memory---------- ---swap-- -----io---- -system-- ------cpu-----
 r  b   swpd   free   buff  cache   si   so    bi    bo   in   cs us sy id wa st
 1  0      0 4194836 162432 1688232    0    0     0     4 1591 1931  1  2 98  0  0
 0  0      0 4194836 162432 1688240    0    0     0     0 2059 2969  1  2 98  0  0
 0  0      0 4194836 162432 1688248    0    0     0     8 1442 1756  0  1 98  0  0
 0  0      0 4194836 162436 1688248    0    0     0   116 1934 2425  1  2 97  1  0
 0  0      0 4194612 162436 1688260    0    0     0     0 1488 1707  1  1 99  0  0
 0  0      0 4194612 162436 1688260    0    0     0     8 1637 2151  1  1 98  0  0
 0  0      0 4194612 162436 1688264    0    0     0     8 1413 1646  1  1 98  0  0
 0  0      0 4194612 162436 1688268    0    0     0     8 1497 1691  1  2 96  0  0
 0  0      0 4194612 162436 1688276    0    0     0   152 2159 2819  1  1 97  0  0
 0  0      0 4194612 162436 1688280    0    0     0     0 1024 1134  0  1 99  0  0
 0  0      0 4194612 162436 1688284    0    0     0     0 1661 2160  1  1 98  0  0
 0  0      0 4194372 162436 1688284    0    0     0     8 2127 3129  1  2 98  0  0
 0  0      0 4194372 162436 1688292    0    0     0    16 1347 1536  1  1 98  0  0
 0  0      0 4194372 162440 1688292    0    0     0    96 2574 3650  1  2 97  0  0
 0  0      0 4186556 162440 1688304    0    0     0     0 5896 9241 14  8 78  0  0
 2  0      0 4187100 162440 1688312    0    0     0     0 6137 9999 11  8 81  0  0
 1  0      0 4191404 162440 1688332    0    0     0     0 2984 4530  4  3 93  0  0
 0  0      0 4191404 162440 1688332    0    0     0     8 3077 4549  4  4 92  0  0
 0  0      0 4191180 162440 1688332    0    0     0   104 2341 3086  1  2 97  0  0
 0  0      0 4190940 162440 1688344    0    0     0    32 1330 1509  0  1 99  0  0
 0  0      0 4190940 162440 1688344    0    0     0     0 1442 1839  1  1 98  0  0
procs -----------memory---------- ---swap-- -----io---- -system-- ------cpu-----
 r  b   swpd   free   buff  cache   si   so    bi    bo   in   cs us sy id wa st
 0  0      0 4190692 162440 1688348    0    0     0     0 2129 2988  1  2 97  0  0
 0  0      0 4190692 162440 1688348    0    0     0     0 1289 1499  1  1 98  0  0
 0  0      0 4190188 162444 1688356    0    0     0   112 1840 2245  1  2 97  0  0
 0  0      0 4190188 162444 1688364    0    0     0    24 1306 1489  1  1 98  0  0
 0  0      0 4190188 162444 1688372    0    0     0     0 1580 2126  1  1 98  0  0
 0  0      0 4190188 162444 1688372    0    0     0     0 1212 1398  0  1 99  0  0
 0  0      0 4188052 162452 1689404    0    0  1176     8 1891 2482  1  3 95  0  0
 0  0      0 4187800 162452 1689552    0    0     0     0 3669 5577  2  3 95  0  0
 0  0      0 4187800 162452 1689564    0    0     0   192 1281 1522  0  1 98  0  0
 0  0      0 4187800 162452 1689564    0    0     0     4 1657 2139  1  1 98  0  0
 0  0      0 4184880 162452 1689584    0    0     0     0 7961 13253 16  9 75  0  0
 0  0      0 4188956 162452 1689584    0    0     0     0 6052 10616 13  7 80  0  0
 1  0      0 4188212 162452 1689600    0    0     0     0 3230 4993  5  4 91  0  0
 0  0      0 4187972 162452 1689608    0    0     0   112 2448 3507  3  2 94  0  0
 0  0      0 4187972 162452 1689608    0    0     0     8 1775 2416  2  1 97  0  0
 0  0      0 4187972 162452 1689612    0    0     0     4 1352 1589  0  1 99  0  0
 0  0      0 4187972 162452 1689612    0    0     0     0 1431 1782  2  1 97  0  0
 0  0      0 4190184 162452 1689620    0    0     0     0 2262 3175  1  2 97  0  0
 0  0      0 4190184 162456 1689628    0    0     0   156 1248 1448  0  1 98  0  0
 0  0      0 4190184 162456 1689628    0    0     0     8 1493 1891  1  1 98  0  0
 0  0      0 4189696 162456 1689632    0    0     0     8 2272 3296  1  2 97  0  0
procs -----------memory---------- ---swap-- -----io---- -system-- ------cpu-----
 r  b   swpd   free   buff  cache   si   so    bi    bo   in   cs us sy id wa st
 0  0      0 4189696 162456 1689632    0    0     0     4 1302 1448  1  1 99  0  0
 0  0      0 4189696 162456 1689644    0    0     0     0 2527 3687  1  2 97  0  0
 0  0      0 4189696 162456 1689644    0    0     0    84 1369 1669  1  1 99  0  0
 0  0      0 4189696 162456 1689652    0    0     0     4 1638 2164  1  1 98  0  0
 0  0      0 4189696 162456 1689652    0    0     0     0 1464 1755  0  1 99  0  0
 0  0      0 4189696 162456 1689660    0    0     0     8 1371 1581  1  2 97  0  0
 0  0      0 4185748 162456 1689676    0    0     0    20 6893 11261 14  9 76  0  0
 0  0      0 4187000 162456 1689696    0    0     0   164 5264 8385 10  6 83  0  0
 1  0      0 4186760 162456 1689688    0    0     0     8 2902 4422  4  4 92  0  0
 0  0      0 4186280 162456 1689700    0    0     0     0 3051 4679  2  3 96  0  0
 0  0      0 4186280 162456 1689700    0    0     0     0 1278 1447  1  1 99  0  0
 0  0      0 4186280 162456 1689708    0    0     0    12 1481 1822  1  1 98  0  0
 0  0      0 4186056 162456 1689712    0    0     0    96 1290 1534  1  1 98  0  0
 0  0      0 4186056 162456 1689716    0    0     0     0 1953 2625  1  1 98  0  0
 0  0      0 4186056 162456 1689720    0    0     0     8 1241 1457  0  1 99  0  0
 0  0      0 4186056 162456 1689728    0    0     0     0 1319 1527  2  2 97  0  0
 0  0      0 4186056 162456 1689732    0    0     0     0 3259 4925  2  2 96  0  0
 0  0      0 4186056 162456 1689736    0    0     0   124 1428 1643  0  1 99  0  0
 0  0      0 4186056 162456 1689736    0    0     0    20 1747 2185  1  2 98  0  0
 1  0      0 4186056 162456 1689744    0    0     0     0 2006 2906  1  1 98  0  0
 0  0      0 4186056 162456 1689744    0    0     0     4 1249 1461  1  1 98  0  0
procs -----------memory---------- ---swap-- -----io---- -system-- ------cpu-----
 r  b   swpd   free   buff  cache   si   so    bi    bo   in   cs us sy id wa st
 0  0      0 4186056 162456 1689752    0    0     0    12 1792 2316  1  1 98  0  0
 0  0      0 4186056 162456 1689760    0    0     0    64 1197 1321  1  1 98  0  0
 0  0      0 4186056 162456 1689764    0    0     0    28 1766 2379  1  1 98  0  0
 1  0      0 4178204 162456 1689764    0    0     0     4 4372 6851  8  5 87  0  0
 1  0      0 4187016 162456 1689780    0    0     0     8 5157 8058 10  6 84  0  0
 0  0      0 4184804 162456 1689792    0    0     0     0 4915 7927  9  7 85  0  0
 1  0      0 4186320 162456 1689800    0    0     0   120 2943 4525  5  4 91  0  0
 0  0      0 4186080 162456 1689796    0    0     0    32 1525 1992  1  1 98  0  0
 1  0      0 4185832 162456 1689804    0    0     0     8 2195 3291  1  2 98  0  0
 0  0      0 4185832 162456 1689808    0    0     0    12 1450 1811  1  1 98  0  0
 1  0      0 4185584 162456 1689820    0    0     0     0 2338 3462  1  2 97  0  0
 0  0      0 4185332 162456 1689820    0    0     0    60 1321 1451  1  1 98  0  0
 0  0      0 4185516 162456 1689828    0    0     0    28 1784 2400  1  1 98  0  0
 0  0      0 4185584 162456 1689828    0    0     0     0 1225 1395  1  1 98  0  0
 0  0      0 4185584 162456 1689832    0    0     0     8 1329 1593  1  2 97  0  0
 0  0      0 4185836 162456 1689836    0    0     0    16 2054 2706  1  1 98  0  0
 0  0      0 4185584 162456 1689844    0    0     0    92 1441 1741  0  1 98  0  0
 0  0      0 4185584 162456 1689848    0    0     0    16 1463 1845  1  1 98  0  0
 0  0      0 4185584 162456 1689848    0    0     0     0 1265 1419  0  1 99  0  0
 0  0      0 4185584 162456 1689856    0    0     0     0 2124 3138  1  2 97  0  0
 4  0      0 4184448 162456 1689856    0    0     0    20 3189 4651  7  4 89  0  0
procs -----------memory---------- ---swap-- -----io---- -system-- ------cpu-----
 r  b   swpd   free   buff  cache   si   so    bi    bo   in   cs us sy id wa st
 2  0      0 4185936 162460 1689876    0    0     0    68 5265 8684  9  7 84  0  0
 0  0      0 4189720 162460 1689872    0    0     0    28 4908 7912  8  6 86  0  0
 0  0      0 4189720 162460 1689880    0    0     0     0 3299 4990  5  3 92  0  0
 0  0      0 4189720 162460 1689880    0    0     0     0 1250 1386  1  2 97  0  0
 0  0      0 4189232 162460 1689896    0    0     0     0 2791 4139  1  2 97  0  0
 0  0      0 4188980 162460 1689896    0    0     0   112 1548 1810  1  1 98  0  0
 0  0      0 4188952 162460 1689904    0    0     0    28 1393 1686  1  1 98  0  0
 0  0      0 4188768 162460 1689904    0    0     0     0 1357 1653  1  1 98  0  0
 0  0      0 4189020 162460 1689916    0    0     0     0 2154 3052  2  1 97  0  0
 0  0      0 4189020 162460 1689920    0    0     0     4 1416 1629  0  1 98  0  0
 0  0      0 4189020 162460 1689924    0    0     0    52 1574 1842  1  1 98  0  0
 0  0      0 4189020 162460 1689928    0    0     0     8 1921 2690  1  1 98  0  0
 0  0      0 4189068 162460 1689932    0    0     0    32 1489 1792  0  1 99  0  0
 2  0      0 4181660 162460 1689944    0    0     0     0 4268 6524  9  6 85  0  0
 2  0      0 4182520 162460 1689956    0    0     0     0 5711 9297 10  6 84  0  0
 0  0      0 4193604 162464 1689972    0    0     0   136 3579 5313  5  5 90  0  0
 1  0      0 4195296 162464 1689984    0    0     0    72 4561 7058  6  6 88  0  0
 2  0      0 4188884 162476 1691308    0    0     0  1532 9451 15816  9 12 77  3  0
 1  0      0 4065100 162476 1692040    0    0     0    48 3688 4948 16  4 80  0  0
 3  0      0 3980516 162476 1692152    0    0     0     0 2785 3502 16  3 80  0  0
 1  0      0 3970964 162476 1692336    0    0     0     0 1842 2073 16  3 81  0  0
procs -----------memory---------- ---swap-- -----io---- -system-- ------cpu-----
 r  b   swpd   free   buff  cache   si   so    bi    bo   in   cs us sy id wa st
 1  0      0 3947968 162476 1692612    0    0     0   476 2392 3283 17  2 81  0  0
 1  0      0 3934632 162476 1692636    0    0     0    28 1617 1687 16  2 82  0  0
 1  0      0 3925728 162476 1692720    0    0     0   144 1657 1875 17  2 81  0  0
 1  0      0 3911880 162476 1692912    0    0     0    32 1845 2121 16  2 82  0  0
 1  0      0 3903312 162476 1693140    0    0     0     0 2144 2620 16  2 81  0  0
 1  0      0 3888972 162476 1693264    0    0     0     4 1761 2244 16  2 82  0  0
 4  0      0 3877600 162476 1693428    0    0     0    32 5852 9465 29  9 62  0  0
 2  0      0 3864780 162480 1693520    0    0     0   348 6005 9483 24  8 68  0  0
 1  0      0 3855484 162480 1693640    0    0     0     8 2559 3893 18  3 79  0  0
 3  0      0 3850944 162480 1693808    0    0     0   620 7043 12262 26 10 63  1  0
 2  0      0 3828328 162484 1696068    0    0   112  1048 8497 14222 27 12 60  2  0
 2  0      0 3682232 162484 1696348    0    0     0     8 2571 2839 32  3 65  0  0
 2  0      0 3193468 162484 1710420    0    0     0     0 7723 7902 25 10 64  1  0
 2  0      0 3048976 162484 1713196    0    0     0     0 4873 6007 26  6 68  0  0
 1  0      0 3008416 162484 1717140    0    0     0   492 4231 4511 26  4 69  1  0
 2  0      0 2983808 162488 1720696    0    0     0   284 4143 4490 26  4 70  1  0
 2  0      0 2959656 162488 1724128    0    0     0  5252 3635 3764 25  4 70  1  0
 1  1      0 2931904 162488 1727584    0    0     0     8 4327 5092 27  3 70  0  0
 1  0      0 2911336 162488 1731132    0    0     0     0 3656 3551 27  3 70  0  0
 2  0      0 2888096 162488 1734392    0    0     0     0 3650 3712 26  4 69  1  0
 4  0      0 2860020 162488 1738200    0    0     0   172 6456 10166 37  8 55  1  0
procs -----------memory---------- ---swap-- -----io---- -system-- ------cpu-----
 r  b   swpd   free   buff  cache   si   so    bi    bo   in   cs us sy id wa st
 4  0      0 2828484 162488 1741540    0    0     0    40 6182 10020 37  8 54  0  0
 2  0      0 2819412 162488 1741704    0    0     0    32 2871 3535 36  4 60  0  0
 2  0      0 3786692 162488 1741844    0    0     0     0 3845 7207 33 10 57  0  0
 1  0      0 3781960 162488 1741968    0    0     0   212 2078 2375 16  3 81  0  0
 1  0      0 3773408 162488 1742080    0    0     0     0 1963 2460 17  1 82  0  0
 1  0      0 3328064 162488 1755972    0    0     0   140 7725 8493 10  9 80  2  0
 1  0      0 3108752 162488 1760104    0    0     0  2300 3900 4993 12  4 83  0  0
 1  0      0 3095656 162488 1766252    0    0     0     0 3251 4185 14  2 84  0  0
 1  0      0 3070596 162488 1771616    0    0     0     0 3666 4049 12  3 85  0  0
 0  2      0 3028828 162488 1775572    0    0     0   224 4326 5763 13  3 84  0  0
 2  0      0 2978136 162488 1780960    0    0     0     4 2974 3200 12  2 86  1  0
 1  0      0 2941052 162488 1783556    0    0     0    12 2102 2215 16  2 82  0  0
 1  0      0 2909484 162488 1790056    0    0     0    44 3596 4504 15  2 82  0  0
 1  0      0 2822208 162488 1796920    0    0     0     0 2560 2715 14  3 83  0  0
 1  0      0 2700576 162488 1801896    0    0     0    88 2748 3111 12  2 85  0  0
 1  0      0 2578644 162488 1808160    0    0     0   104 2910 3004 13  3 83  1  0
 1  0      0 2466888 162488 1817380    0    0     0  7632 3881 4962 15  4 81  1  0
 1  0      0 2374852 162488 1826264    0    0     0 42592 3298 3431 14  3 83  0  0
 1  0      0 2240548 162488 1833916    0    0     0    32 2965 3132 14  3 82  0  0
 1  0      0 2123652 162488 1842700    0    0     0    12 3492 4149 15  2 83  1  0
 2  0      0 1965640 162488 1852128    0    0     0   244 3071 3115 14  3 83  1  0
procs -----------memory---------- ---swap-- -----io---- -system-- ------cpu-----
 r  b   swpd   free   buff  cache   si   so    bi    bo   in   cs us sy id wa st
 1  0      0 1889792 162488 1861176    0    0     0     0 2622 2995 15  4 82  0  0
 1  0      0 1817448 162488 1870304    0    0     0     0 3806 4969 14  3 83  0  0
 1  0      0 1674248 162488 1878324    0    0     0    16 3548 3706 14  3 83  1  0
 1  0      0 1565320 162488 1887972    0    0     0    32 3582 4457 14  3 82  0  0
 0  0      0 1417944 162492 1895320    0    0     0   300 3135 2939 14  3 82  1  0
 1  0      0 1319504 162492 1901612    0    0     0     0 3244 3952 14  3 83  0  0
 1  0      0 1221800 162492 1909024    0    0     0     0 2648 2800 14  3 82  0  0
 1  0      0 1062528 162492 1915168    0    0     0     8 3399 3956 14  3 82  1  0
 1  0      0 957816 162492 1921884    0    0     0     8 3123 3704 14  3 83  0  0
 0  0      0 878508 162492 1930636    0    0     0   156 3116 3147 14  2 83  1  0
 1  0      0 898220 162492 1935572    0    0     0     0 3222 3585 13  2 85  0  0
 0  0      0 875832 162492 1939652    0    0     0     0 2615 2742 14  1 85  0  0
 1  0      0 863504 162492 1943448    0    0     0     0 2501 2775 14  3 83  0  0
 0  1      0 812560 162492 1948084    0    0     0     4 3245 3667 12  3 85  0  0
 1  0      0 689304 162492 1956544    0    0     0    92 4109 4209 13  2 85  1  0
 1  0      0 550144 162492 1968144    0    0     0    28 4208 5046 14  3 83  1  0
 1  0      0 2896504 162492 1972828    0    0     0     0 3657 5030 16  3 80  0  0
 1  0      0 2896008 162492 1972844    0    0     0     0 1899 2056 17  2 81  0  0
 0  0      0 3876344 162492 1972844    0    0     0     8 2217 2810  8  6 86  0  0
 0  0      0 3876252 162492 1972852    0    0     0   136 2142 2847  1  1 98  0  0
 0  0      0 3876004 162492 1972856    0    0     0    12 1346 1557  1  2 97  0  0
procs -----------memory---------- ---swap-- -----io---- -system-- ------cpu-----
 r  b   swpd   free   buff  cache   si   so    bi    bo   in   cs us sy id wa st
 3  0      0 3875792 162492 1972860    0    0     0    32 2629 3618  5  3 92  0  0
