procs -----------memory---------- ---swap-- -----io---- -system-- ------cpu-----
 r  b   swpd   free   buff  cache   si   so    bi    bo   in   cs us sy id wa st
 4  0      0 917840 200104 5040768    0    0     6    28   31   36  2  6 91  1  0
 0  0      0 915208 200104 5040888    0    0     8   216 17462 30563 14 17 69  0  0
 0  0      0 914960 200104 5040956    0    0     0    24 14837 25353  1 11 87  0  0
 1  0      0 914960 200104 5040996    0    0     0     0 14026 23915  2 10 88  0  0
 0  0      0 914712 200104 5041064    0    0     0  1108 14565 24914  3 12 85  0  0
 0  0      0 914712 200104 5041132    0    0     0    36 14732 25064  2 11 87  0  0
 1  0      0 914712 200104 5041220    0    0     0   248 13487 21892  2 10 88  0  0
 0  0      0 914712 200104 5041292    0    0     0   108 14785 25289  2 10 88  0  0
 0  0      0 914712 200104 5041372    0    0     0    20 14113 23183  1 13 86  0  0
 2  0      0 914460 200104 5041400    0    0     0   464 14431 24726  4 10 85  1  0
 0  0      0 914460 200104 5041524    0    0     0    20 14426 23382  2 11 87  0  0
 0  0      0 914460 200104 5041528    0    0     0   132 14055 23709  1 12 86  0  0
 0  0      0 914460 200104 5041640    0    0     0   236 13639 22524  2 11 87  0  0
 0  0      0 914460 200104 5041660    0    0     0    24 16421 27899  2 13 85  0  0
 0  0      0 914460 200108 5041700    0    0     0   312 14401 23996  3 12 85  0  0
 1  0      0 914460 200108 5041832    0    0     0    20 12441 21191  1 10 89  0  0
 0  0      0 914460 200108 5041924    0    0     0    56 14596 24694  2 12 86  0  0
 2  0      0 910024 200108 5041936    0    0     0   212 15741 26597  8 15 77  0  0
13  0      0 915676 200108 5042060    0    0     0   172 16358 28749 14 16 70  0  0
 1  0      0 914220 200108 5042128    0    0     0   268 17358 30861 13 18 69  0  0
 3  0      0 914396 200108 5042148    0    0     0   548 14669 24774  6 13 79  2  0
procs -----------memory---------- ---swap-- -----io---- -system-- ------cpu-----
 r  b   swpd   free   buff  cache   si   so    bi    bo   in   cs us sy id wa st
 1  0      0 914476 200108 5042232    0    0     0    36 16186 26688  3 17 80  0  0
 1  0      0 914252 200108 5042260    0    0     0   164 13208 21588  2 12 86  0  0
 0  0      0 914252 200108 5042396    0    0     0    84 15699 26530  2 11 87  0  0
 0  0      0 914252 200108 5042400    0    0     0   352 14709 25045  1 12 86  0  0
 0  0      0 914252 200108 5042556    0    0     0    36 14098 24011  2 11 87  0  0
 0  0      0 914252 200112 5042560    0    0     0   168 15324 24873  2 15 83  0  0
 1  0      0 903948 200112 5042668    0    0     0  1248 18715 32614 10 20 68  2  0
 2  0      0 897604 200112 5044388    0    0     0   960 19564 33568 11 21 68  0  0
 4  0      0 868136 200112 5044860    0    0   128   772 13133 23221 16 11 72  0  0
 2  0      0 698532 200112 5045036    0    0     0   108 13740 25240 17 11 72  0  0
 1  0      0 693744 200112 5045216    0    0     0    12 13634 24919 18 10 72  0  0
 2  0      0 686196 200112 5045496    0    0     0    76 13520 24680 17  9 74  0  0
 2  0      0 670584 200112 5045700    0    0     0   528 13854 25045 17 10 73  0  0
 1  0      0 656976 200112 5045964    0    0     0    80 14021 25353 17 10 73  0  0
 2  0      0 642500 200112 5046048    0    0     0   628 14793 26816 23 15 62  0  0
 1  0      0 627752 200112 5046300    0    0     0   228 15423 29905 26 17 57  0  0
 3  0      0 618728 200112 5046624    0    0     0    24 15274 30435 29 17 54  0  0
 2  0      0 612100 200116 5046748    0    0     0   668 13826 25755 22 10 68  0  0
 1  0      0 520928 200116 5058748    0    0     0   120 19844 31398 12 16 70  1  0
 1  0      0 503540 200116 5059032    0    0     0    20 15172 26499 17 11 72  0  0
 2  0      0 499188 200116 5059096    0    0     0    44 13378 24797 18  9 72  0  0
procs -----------memory---------- ---swap-- -----io---- -system-- ------cpu-----
 r  b   swpd   free   buff  cache   si   so    bi    bo   in   cs us sy id wa st
 1  0      0 489360 200116 5059268    0    0     0    20 13458 24656 18  9 73  0  0
 1  0      0 484824 200116 5059428    0    0     0   376 14486 26523 17 10 72  0  0
 2  0      0 475512 200116 5059608    0    0     0   160 13918 25300 17 10 73  0  0
 1  0      0 474000 200116 5059768    0    0     0   108 13509 24560 17 10 72  0  0
 2  0      0 464940 200116 5059872    0    0     0    36 13127 23941 18  7 75  0  0
 1  0      0 213332 200116 5060920    0    0     0    40 13700 24600 15 12 73  0  0
 4  0      0 165172 200116 5067468    0    0     0   408 15547 26601 15 11 73  1  0
 2  0      0 162676 200116 5071112    0    0     0    76 15621 27108 15 10 74  1  0
 3  0      0 139788 200116 5076492    0    0     0   200 15869 26556 14 11 74  1  0
 2  0      0  96840 200116 5081312    0    0     0     4 18413 29816 16 13 71  1  0
 1  0      0  91272 200116 5082980    0    0     0  9196 13856 24904 16 10 74  0  0
 5  0      0  96832 200084 5073572    0    0   512   644 15484 28841 29 18 53  1  0
 5  0      0  86160 200080 5071604    0    0    56    92 18261 32545 26 15 59  0  0
 1  0      0 739816 200056 5069324    0    0  5476   140 17092 31141 21 17 61  2  0
 1  0      0 889128 200056 5069384    0    0     4   104 15767 27637  7 17 76  0  0
 1  0      0 888880 200056 5069440    0    0     0    32 13722 23480  2 10 88  0  0
 0  0      0 888880 200056 5069508    0    0     0   336 15025 25748  3 12 85  1  0
 1  0      0 888880 200056 5069600    0    0     0    68 14813 25535  4 11 85  0  0
 1  0      0 888880 200056 5069636    0    0     0   112 14184 24382  2 12 87  0  0
 0  0      0 888880 200056 5069740    0    0     0   148 14917 25517  2 12 86  0  0
 0  0      0 888632 200056 5069772    0    0     0    20 14295 24509  1 10 88  0  0
procs -----------memory---------- ---swap-- -----io---- -system-- ------cpu-----
 r  b   swpd   free   buff  cache   si   so    bi    bo   in   cs us sy id wa st
 1  0      0 888632 200056 5069836    0    0     0   256 14364 24516  3 13 85  0  0
 4  0      0 888384 200056 5069876    0    0     0   960 16063 25893  2 12 86  0  0
 0  0      0 888384 200056 5069976    0    0     0   132 13445 22177  2 11 87  0  0
 0  0      0 888384 200056 5070044    0    0     0   740 14821 24373  2 11 87  0  0
 0  0      0 888160 200056 5070140    0    0     0   232 14597 24716  5 11 84  0  0
 2  0      0 887908 200060 5070180    0    0     0   944 14543 24238  2 12 86  0  0
 0  0      0 887660 200060 5070276    0    0     0    40 14693 25298  2 12 86  0  0
 1  0      0 886364 200060 5070348    0    0    72    88 17421 30697 16 19 65  0  0
 4  0      0 887476 200060 5070484    0    0     0   108 15772 26816  8 15 77  0  0
 5  0      0 880628 200060 5070584    0    0     0   696 15689 27377  6 16 78  0  0
 1  0      0 884408 200060 5070612    0    0     0   308 16506 28712 10 15 75  1  0
 2  0      0 884444 200060 5070700    0    0     0    24 14862 25151  2 10 87  0  0
 0  0      0 884444 200060 5070744    0    0     0    64 15396 26282  2 13 85  0  0
 0  0      0 884444 200060 5070852    0    0     0    88 13647 23107  2  9 89  0  0
 1  0      0 884444 200060 5070920    0    0     0   120 13571 23265  2 11 87  0  0
 0  0      0 884444 200060 5070980    0    0     0   288 14205 24114  2  9 89  0  0
 0  0      0 884444 200060 5071040    0    0     0   500 16137 27002  4 11 85  0  0
 3  0      0 884444 200060 5071112    0    0     0    64 13914 23249  3 10 87  0  0
 0  0      0 884444 200060 5071160    0    0     0    76 15122 25790  4 12 85  0  0
 1  0      0 884444 200060 5071204    0    0     0    72 14603 24538  2 12 86  0  0
 0  0      0 884444 200060 5071292    0    0     0   580 13547 23011  1 11 87  0  0
procs -----------memory---------- ---swap-- -----io---- -system-- ------cpu-----
 r  b   swpd   free   buff  cache   si   so    bi    bo   in   cs us sy id wa st
 0  0      0 884196 200060 5071328    0    0     0    36 14608 24825  3 11 86  0  0
 0  0      0 884196 200060 5071412    0    0     0    28 14833 25259  2 11 87  0  0
 0  0      0 884200 200060 5071520    0    0     0   104 14283 23718  2 12 86  0  0
 1  0      0 878284 200060 5071552    0    0     0    92 17723 30789 16 18 66  0  0
 2  0      0 880008 200060 5071664    0    0     0   636 17330 30471  9 16 75  1  0
 0  0      0 878212 200060 5071744    0    0     0    20 17002 29250  9 17 74  0  0
 2  0      0 878868 200060 5071812    0    0     0    48 16862 29011  9 16 75  0  0
 1  0      0 878868 200060 5071848    0    0     0    72 14660 25185  3 12 85  0  0
 0  0      0 878868 200060 5071932    0    0     0    56 14473 24433  1 10 89  0  0
 0  0      0 878868 200060 5072000    0    0     0   500 14341 24082  1 10 88  1  0
10  0      0 878868 200060 5072092    0    0     0    44 14503 24982  3 12 85  0  0
 0  0      0 878616 200060 5072152    0    0     0    56 14114 23355  2 11 88  0  0
 0  0      0 878616 200060 5072196    0    0     0   120 14391 24885  1 11 87  0  0
 0  0      0 878616 200060 5072264    0    0     0   872 13922 23704  3 11 86  0  0
 0  0      0 878616 200060 5072344    0    0     0   840 14371 24306  2 11 86  1  0
 3  0      0 878616 200060 5072400    0    0     0    68 14868 24924  3 11 86  0  0
 0  0      0 878788 200060 5072432    0    0     0    20 14377 24684  2 11 87  0  0
 0  0      0 878868 200060 5072536    0    0     0    56 14644 24402  2 13 85  0  0
 0  0      0 878868 200060 5072556    0    0     0    84 14494 24969  2 10 89  0  0
 2  0      0 878620 200060 5072684    0    0     0   332 14884 25501  2 11 87  0  0
 1  0      0 878620 200060 5072756    0    0     0   144 14766 25491  2 11 86  0  0
procs -----------memory---------- ---swap-- -----io---- -system-- ------cpu-----
 r  b   swpd   free   buff  cache   si   so    bi    bo   in   cs us sy id wa st
 4  0      0 867432 200060 5072796    0    0     0    40 17555 30518 12 18 70  0  0
 0  0      0 877600 200060 5072908    0    0     0    36 14725 25831  7 14 79  0  0
 0  0      0 883344 200060 5072940    0    0     0   172 16683 29063 12 17 70  0  0
 0  0      0 883344 200064 5072988    0    0     0   332 16705 28647  7 17 76  0  0
 0  0      0 883096 200064 5073060    0    0     0   632 13720 23207  2 12 85  1  0
 0  0      0 883096 200064 5073136    0    0     0    64 15278 24509  2 13 86  0  0
 1  0      0 883096 200064 5073200    0    0     0    12 14260 23399  3 10 87  0  0
 0  0      0 883096 200064 5073248    0    0     0    84 15432 26145  3 11 86  0  0
 0  0      0 883096 200064 5073372    0    0     0   280 14430 24272  2 10 88  0  0
 1  0      0 882248 200064 5073448    0    0     0   348 16774 28282  3 14 83  0  0
 1  0      0 861488 200064 5073888    0    0     0  1180 19670 34776 10 20 68  2  0
 1  0      0 856620 200064 5075580    0    0     0   792 16896 29069 10 18 71  1  0
 1  0      0 734640 200064 5077692    0    0  1832    52 17813 28967 17 13 70  1  0
 1  0      0 665480 200064 5077828    0    0     0    84 17768 29611 17 12 71  0  0
 1  0      0 658940 200064 5078144    0    0     4   848 18910 30552 17 12 71  0  0
 1  0      0 648060 200064 5078504    0    0     0   132 17476 28825 18 11 71  0  0
 2  0      0 633444 200064 5078692    0    0     0   368 17612 28782 17 12 70  0  0
 3  0      0 617396 200064 5078820    0    0     0    28 17021 28244 20 11 69  0  0
 3  0      0 606032 200064 5079016    0    0     0    72 17007 30594 30 19 51  0  0
 2  0      0 598592 200064 5079172    0    0     0   180 18908 35529 28 23 49  0  0
 3  0      0 597488 200064 5079504    0    0     0   120 16150 29502 23 16 61  0  0
procs -----------memory---------- ---swap-- -----io---- -system-- ------cpu-----
 r  b   swpd   free   buff  cache   si   so    bi    bo   in   cs us sy id wa st
 4  0      0 552124 200064 5079636    0    0     0   416 13319 24653 16 10 74  0  0
 1  0      0 496012 200064 5079784    0    0     0   156 13500 24705 15 10 74  0  0
 1  0      0 492484 200064 5079956    0    0     0   540 13371 24487 17  9 74  0  0
 1  0      0 483664 200064 5080132    0    0     0   316 13777 25059 18  9 73  0  0
 2  0      0 475612 200064 5080304    0    0     0    84 13593 24871 18  9 73  0  0
 1  0      0 470320 200064 5080464    0    0     0  1160 13900 25087 18  9 72  0  0
 2  0      0 462764 200064 5080584    0    0     0    20 13186 24148 18  7 75  0  0
 2  0      0 457704 200064 5080744    0    0     0    92 14477 26553 18  9 73  0  0
 2  0      0 450900 200064 5080900    0    0     0   136 14119 25771 18  8 74  0  0
 0  0      0 184244 200064 5082324    0    0     0    80 13827 25205 15 13 73  0  0
 1  0      0 176620 200072 5084988    0    0     0   364 13743 25072 16  9 75  1  0
 2  0      0 170584 200072 5087188    0    0     0    60 14180 25593 16 10 74  0  0
 2  0      0 125496 200072 5089720    0    0     0   284 14536 24947 15 11 74  0  0
 3  0      0 147432 200072 5091136    0    0     0  9556 19043 31658 21 15 64  0  0
 2  0      0 143852 200072 5091224    0    0     0    96 17387 32070 28 17 54  0  0
 2  0      0 144124 200072 5091248    0    0     0  1332 18381 34073 31 16 52  1  0
 1  0      0 163508 200072 5091308    0    0     0    48 17227 30011 23 13 64  0  0
 0  0      0 856892 200072 5091376    0    0     0    32 14615 24193  4 18 78  0  0
 0  0      0 856716 200072 5091492    0    0     0    76 14987 24747  2 14 84  0  0
 0  0      0 856144 200072 5091528    0    0     0   148 14845 25055  2 12 86  0  0
 0  0      0 856224 200072 5091688    0    0     0   348 12622 21094  2 10 88  0  0
procs -----------memory---------- ---swap-- -----io---- -system-- ------cpu-----
 r  b   swpd   free   buff  cache   si   so    bi    bo   in   cs us sy id wa st
 0  0      0 855976 200072 5091732    0    0     0    44 15226 25114  1 12 87  0  0
 2  0      0 855976 200072 5091804    0    0     0    48 15312 26091  2 12 86  0  0
 5  0      0 855976 200072 5091868    0    0     0   112 14283 24146  3 10 88  0  0
 5  0      0 856228 200072 5091908    0    0     0   132 14401 23145  3 10 87  0  0
 0  0      0 856480 200072 5092020    0    0     0   668 16359 27039  3 14 83  0  0
 1  0      0 856228 200072 5092076    0    0     0    76 13034 21215  1 11 87  0  0
 3  0      0 848836 200072 5092140    0    0     0    44 16907 29489 13 17 70  0  0
 6  0      0 849820 200072 5092224    0    0     0    40 16739 29396  9 15 76  0  0
 1  0      0 846940 200072 5092356    0    0     0   168 17636 31215 12 16 72  0  0
 0  0      0 847204 200072 5092400    0    0     0   288 14257 24678  6 12 81  0  0
 1  0      0 846964 200072 5092432    0    0     0    72 14647 24824  2 11 87  0  0
 0  0      0 846964 200072 5092544    0    0     0   188 13189 22316  2 10 88  0  0
 1  0      0 846964 200072 5092608    0    0     0   460 15705 26650  2 13 85  0  0
 2  0      0 846964 200072 5092656    0    0     0   208 13371 21593  2 11 87  0  0
 0  0      0 846964 200072 5092704    0    0     0   860 13740 23056  2 11 86  1  0
 4  0      0 846964 200072 5092764    0    0     0    80 14940 24711  1 12 87  0  0
 0  0      0 846964 200072 5092888    0    0     0    32 14194 24229  4 10 86  0  0
 0  0      0 846964 200072 5092888    0    0     0    76 16146 27174  3 12 86  0  0
 0  0      0 846964 200072 5093024    0    0     0    68 13658 23210  2 11 87  0  0
 0  0      0 846964 200072 5093112    0    0     0   288 13576 22442  2 10 88  1  0
 2  0      0 843400 200072 5093172    0    0     0   104 17215 30285 14 18 68  0  0
procs -----------memory---------- ---swap-- -----io---- -system-- ------cpu-----
 r  b   swpd   free   buff  cache   si   so    bi    bo   in   cs us sy id wa st
 1  0      0 843428 200072 5093208    0    0     0   368 14506 24903  5 13 83  0  0
 1  0      0 844728 200072 5093288    0    0     0    24 17368 31039 13 18 70  0  0
 0  0      0 847488 200072 5093364    0    0     0   416 14762 25463 10 15 75  0  0
 1  0      0 847240 200072 5093432    0    0     0   652 15478 24814  2 12 86  0  0
 0  0      0 847240 200072 5093492    0    0     0    68 14301 24382  3 11 86  0  0
 8  0      0 846536 200072 5093644    0    0     0   264 15460 26288  4 14 81  0  0
 0  0      0 829556 200076 5094336    0    0     0  1192 20976 36501 10 22 66  2  0
 2  0      0 817140 200100 5098592    0    0  1488   792 18196 31763 13 19 67  1  0
 1  0      0 677336 200100 5098788    0    0     0    64 18061 29748 16 13 70  0  0
 3  0      0 628688 200100 5098992    0    0     0    88 13849 25077 17 10 73  0  0
 1  0      0 621644 200100 5099376    0    0     0   676 14319 25861 18 10 72  0  0
 1  0      0 614352 200100 5099772    0    0     0    76 18227 29945 18 11 71  0  0
 6  0      0 602004 200100 5099980    0    0     0   376 17732 29305 17 11 71  1  0
 1  0      0 584868 200100 5100132    0    0     0    92 17292 28728 18 11 71  0  0
 7  0      0 579840 200100 5100488    0    0     0    64 16377 27358 17 10 73  0  0
 1  0      0 567492 200100 5100660    0    0     0   124 13554 24778 18  8 74  0  0
 2  0      0 562744 200100 5101052    0    0     0    80 16122 27329 18 11 71  0  0
 5  1      0 477788 200100 5112732    0    0     0   820 21339 32795 14 15 68  3  0
 0  0      0 158080 200100 5121784    0    0  5968   704 16873 28347 11 17 70  2  0
 2  0      0 140776 200100 5126096    0    0     0    88 17795 28563 11 14 75  0  0
 1  0      0 124292 200100 5129640    0    0     0   112 16493 27810 14 12 74  0  0
procs -----------memory---------- ---swap-- -----io---- -system-- ------cpu-----
 r  b   swpd   free   buff  cache   si   so    bi    bo   in   cs us sy id wa st
 1  0      0 107672 200104 5133864    0    0     0   256 18283 29705 13 12 74  0  0
 2  0      0  95840 200104 5136612    0    0     0   920 18663 29553 13 13 74  1  0
 1  0      0  83184 200104 5139996    0    0     0   120 17992 29536 14 14 72  0  0
 1  0      0  87784 200060 5131056    0    0     0  8148 17230 28250 12 12 76  0  0
 1  0      0  86756 200032 5126980    0    0     0    88 17419 29577 15 12 73  0  0
 0  0      0  79956 200008 5125728    0    0     0    64 17869 29174 12 14 74  1  0
 2  0      0 101876 199984 5123420    0    0     0  1460 18988 31033 14 14 72  1  0
 1  0      0 144216 199984 5123524    0    0     0    44 16885 28070 18 11 71  0  0
 1  0      0 818628 199984 5123604    0    0     0    92 17419 28542 12 14 74  0  0
 0  0      0 818628 199984 5123676    0    0     0    72 15049 25392  1 11 88  0  0
 2  0      0 818628 199984 5123748    0    0     0   408 15169 26293  3 12 85  0  0
 0  0      0 818628 199984 5123800    0    0     0   308 14344 23836  2 11 87  1  0
 0  0      0 823228 199984 5123880    0    0     0    24 14208 24894  3 12 85  0  0
 1  0      0 823228 199984 5123916    0    0     0    64 13915 23917  2 10 88  0  0
 0  0      0 823228 199984 5123980    0    0     0    76 15022 25784  2 11 87  0  0
 2  0      0 823228 199984 5124048    0    0     0   100 13789 23540  2 11 88  0  0
 0  0      0 823228 199984 5124140    0    0     0   276 15561 26032  2 12 86  0  0
 3  0      0 823228 199984 5124216    0    0     0    32 15134 26052  2 11 87  0  0
 0  0      0 822980 199984 5124280    0    0     0    48 14069 24007  2 11 87  0  0
 0  0      0 822980 199984 5124352    0    0     0    84 15698 27084  3 13 85  0  0
 0  0      0 822980 199984 5124412    0    0     0   132 14327 23987  3 11 87  0  0
procs -----------memory---------- ---swap-- -----io---- -system-- ------cpu-----
 r  b   swpd   free   buff  cache   si   so    bi    bo   in   cs us sy id wa st
 0  0      0 817212 199984 5132672    0    0     0   616 13579 22739  2 10 86  2  0
 0  0      0 816720 199984 5132736    0    0     0    52 15862 26290  4 12 84  0  0
 0  0      0 816496 199984 5132800    0    0     0  5420 13322 22695  2  9 89  0  0
 2  0      0 814984 199984 5132876    0    0     0    84 14941 24648  3 13 84  0  0
