procs -----------memory---------- ---swap-- -----io---- -system-- ------cpu-----
 r  b   swpd   free   buff  cache   si   so    bi    bo   in   cs us sy id wa st
 7  0      0 941112 199572 5016388    0    0     6    28    6    7  2  6 91  1  0
 0  0      0 934384 199572 5016476    0    0     0    36 15939 27240 11 17 72  0  0
 1  0      0 934384 199572 5016500    0    0     0    32 12633 21668  1 10 89  0  0
 0  0      0 934132 199576 5016588    0    0     0   348 12125 20568  1 10 88  0  0
 0  0      0 934132 199576 5016632    0    0     0  1008 13211 22327  3 10 87  0  0
 0  0      0 934132 199576 5016688    0    0     0    36 12355 20921  2 10 88  0  0
 0  0      0 934132 199576 5016740    0    0     0   128 11148 18768  1  9 90  0  0
 0  0      0 934132 199576 5016780    0    0     0    40 14094 23086  3 12 85  0  0
 1  0      0 934132 199576 5016836    0    0     0   396 13117 21412  2  9 89  0  0
 0  0      0 934132 199576 5016940    0    0     0   232 12402 20735  2 10 89  0  0
 0  0      0 934132 199576 5016992    0    0     0     8 13280 22550  2 11 88  0  0
 0  0      0 934132 199576 5017024    0    0     0    68 12492 20953  1  9 89  0  0
 0  0      0 934132 199576 5017072    0    0     0   108 10748 18064  2  9 90  0  0
 1  0      0 933632 199576 5017144    0    0     0   544 14390 22764  2 15 83  0  0
 2  0      0 933632 199576 5017184    0    0     0    16 12179 20945  2  9 89  0  0
 0  0      0 933632 199576 5017264    0    0     0    28 12444 20620  2  9 89  0  0
 0  0      0 933632 199576 5017312    0    0     0    16 11515 19366  1  9 90  0  0
 3  0      0 932968 199576 5017376    0    0     0    60 12024 20968  6 13 81  0  0
 1  0      0 934040 199576 5017464    0    0     0   276 15429 27399 13 17 70  0  0
 0  0      0 932048 199576 5017520    0    0     0    12 15891 27480 14 17 70  0  0
 8  0      0 934116 199576 5017532    0    0     0    24 15008 25379  7 13 79  0  0
procs -----------memory---------- ---swap-- -----io---- -system-- ------cpu-----
 r  b   swpd   free   buff  cache   si   so    bi    bo   in   cs us sy id wa st
 3  0      0 934116 199576 5017632    0    0     0    20 11886 19899  2  8 90  0  0
 0  0      0 934116 199576 5017648    0    0     0    56 13825 23214  2 11 87  0  0
 0  0      0 934116 199576 5017748    0    0     0   324 12309 20901  2  9 90  0  0
 1  0      0 934116 199576 5017784    0    0     0   132 13281 22079  2  9 89  0  0
 1  0      0 932088 199576 5017856    0    0     0    12 12808 21163  2 11 87  0  0
 2  0      0 932088 199576 5017892    0    0     0   176 12715 21286  3 11 87  0  0
 2  0      0 912808 199576 5018076    0    0     0  1116 16299 28238 10 18 70  2  0
 2  0      0 918456 199576 5019788    0    0     0   768 16922 29652 11 17 72  1  0
 1  0      0 855460 199576 5020104    0    0     0    44 13138 23417 17 11 72  0  0
 1  0      0 726804 199576 5020176    0    0     0   116 11680 21263 16 10 74  0  0
 1  0      0 721272 199576 5020352    0    0     0   608 11772 21070 17  8 75  0  0
 1  0      0 711960 199576 5020796    0    0     0    48 11220 20397 17  9 74  0  0
 1  0      0 696096 199584 5020896    0    0     0   308 11657 20892 17  8 75  0  0
 5  0      0 667456 199584 5021104    0    0     0   136 11510 20494 18  8 74  0  0
 1  0      0 663164 199584 5021348    0    0     0   796 13941 27255 30 16 54  0  0
 1  0      0 651268 199584 5021452    0    0     0   212 14002 26935 28 16 56  0  0
 2  0      0 650540 199584 5021704    0    0     0    44 13677 24868 22 12 66  0  0
 2  0      0 642984 199588 5021748    0    0     0   548 11270 19865 19  8 72  0  0
 1  0      0 544184 199588 5033644    0    0     0   692 18793 28697 14 15 69  2  0
 2  0      0 527300 199588 5033988    0    0     0    52 15017 24376 18  9 73  0  0
 1  0      0 524028 199588 5034076    0    0     0    36 14794 24042 17  9 74  0  0
procs -----------memory---------- ---swap-- -----io---- -system-- ------cpu-----
 r  b   swpd   free   buff  cache   si   so    bi    bo   in   cs us sy id wa st
 2  0      0 514200 199588 5034232    0    0     0   120 14926 24109 19  8 73  0  0
 1  0      0 508920 199588 5034412    0    0     0   236 14876 24207 18  9 73  0  0
 2  0      0 500100 199588 5034628    0    0     0    56 15371 24841 18 10 72  0  0
 1  0      0 498084 199588 5034788    0    0     0     8 14687 23730 17 10 72  0  0
 1  0      0 489780 199588 5034892    0    0     0    12 14474 23733 17  9 74  0  0
 1  0      0 247664 199588 5036380    0    0     0    24 15190 24442 14 12 73  0  0
 1  0      0 205952 199596 5042824    0    0     0   388 15879 25335 16 10 73  1  0
 2  0      0 199672 199596 5047024    0    0     0   280 16876 27241 16 10 72  1  0
 3  0      0 169604 199596 5052908    0    0     0  5804 17503 27961 15 13 71  1  0
 2  0      0 131480 199596 5057044    0    0     0    24 15948 25421 15 12 73  1  0
 4  0      0 167076 199580 5051444    0    0   452    20 16013 29959 31 21 47  1  0
 3  0      0 167100 199584 5051504    0    0     8   464 14111 26224 28 15 57  0  0
 3  0      0 166852 199584 5051592    0    0     0   136 12358 22534 21  9 70  0  0
 3  0      0 895004 199584 5051708    0    0    96    40 12911 22674 14 14 72  0  0
 0  0      0 895004 199584 5051772    0    0     0    20 12387 21349  2  8 90  0  0
 1  0      0 895004 199584 5051808    0    0     0    16 12512 21528  2  8 90  0  0
 2  0      0 895004 199584 5051900    0    0     0   200 11890 20044  2  9 89  0  0
 0  0      0 895004 199584 5051940    0    0     0   436 14422 23969  3 11 86  0  0
 3  0      0 894756 199584 5052028    0    0     0   112 13375 22243  2  9 89  0  0
 0  0      0 894756 199584 5052056    0    0     0    12 11056 18993  1  9 90  0  0
 0  0      0 894756 199584 5052108    0    0     0    16 13428 22571  2 10 88  0  0
procs -----------memory---------- ---swap-- -----io---- -system-- ------cpu-----
 r  b   swpd   free   buff  cache   si   so    bi    bo   in   cs us sy id wa st
 2  0      0 894756 199588 5052160    0    0     0   188 11840 19421  2  9 90  0  0
 0  0      0 894756 199588 5052220    0    0     0    48 12497 19953  2 12 87  0  0
 0  0      0 894756 199588 5052304    0    0     0    72 12211 20787  2 11 87  0  0
 0  0      0 894504 199588 5052356    0    0     0  1008 12950 21103  2  9 90  0  0
 1  0      0 894504 199588 5052412    0    0     0    80 12585 21220  1 10 89  0  0
 3  0      0 894252 199588 5052484    0    0     0   364 13071 21618  2 11 87  1  0
 1  0      0 890876 199588 5052548    0    0     0   404 16851 29658 18 20 62  0  0
 1  0      0 887348 199588 5052580    0    0     0  4328 15918 27799 12 15 72  0  0
 4  0      0 887348 199588 5052640    0    0     0    36 12279 20312  2 10 88  0  0
 0  0      0 891484 199588 5052708    0    0     0   524 14754 24990  7 16 77  0  0
 0  0      0 891484 199588 5052744    0    0     0    12 10869 17859  1  7 92  0  0
 0  0      0 891484 199588 5052844    0    0     0    20 12167 20488  2  9 88  0  0
 0  0      0 891484 199588 5052852    0    0     0    60 13433 22612  2 10 88  0  0
 1  0      0 891236 199588 5052948    0    0     0    16 11066 18768  3  9 88  0  0
 0  0      0 891236 199588 5052980    0    0     0   460 11472 19237  1  9 90  0  0
 1  0      0 891236 199588 5053076    0    0     0   108 12751 20620  1 11 88  0  0
 1  0      0 890984 199588 5053112    0    0     0     8 13741 22896  3 12 85  0  0
 0  0      0 890984 199588 5053176    0    0     0    72 12530 21137  2  9 89  0  0
 0  0      0 890984 199588 5053220    0    0     0    32 12792 21230  2 10 89  0  0
 2  0      0 890984 199588 5053276    0    0     0   160 12524 20943  1 10 88  0  0
 0  0      0 890984 199588 5053316    0    0     0   100 10807 18028  1  8 91  0  0
procs -----------memory---------- ---swap-- -----io---- -system-- ------cpu-----
 r  b   swpd   free   buff  cache   si   so    bi    bo   in   cs us sy id wa st
 0  0      0 890984 199588 5053388    0    0     0    44 13700 23170  2 13 85  0  0
 0  0      0 890984 199588 5053424    0    0     0    56 11327 18735  2  9 90  0  0
 1  0      0 897428 199588 5045332    0    0     0    44 15021 26834 17 19 65  0  0
10  0      0 896732 199588 5045400    0    0     0   328 15288 26234  9 15 76  0  0
 0  0      0 896256 199588 5045444    0    0     0    16 13280 23043  5 11 84  0  0
 4  0      0 896512 199588 5045516    0    0     0    24 14282 24368  9 15 76  0  0
 0  0      0 896512 199588 5045568    0    0     0    48 13712 23332  2 11 87  0  0
 0  0      0 896512 199588 5045628    0    0     0    48 12984 21471  1 10 89  0  0
 2  0      0 896512 199588 5045644    0    0     0   160 11050 18118  4  9 88  0  0
 0  0      0 896512 199588 5045736    0    0     0   152 12531 21415  2  9 90  0  0
 1  0      0 896512 199588 5045792    0    0     0    16 12880 21143  2 10 88  0  0
 2  0      0 896288 199588 5045820    0    0     0    48 11323 18580  2 10 88  0  0
 1  0      0 896288 199588 5045940    0    0     0   140 13213 21737  2  9 88  0  0
 2  0      0 896040 199588 5045980    0    0     0  1248 14700 24324  2 12 81  5  0
 1  0      0 896040 199588 5046008    0    0     0   140 11530 19345  2  8 90  0  0
 1  0      0 895820 199588 5046084    0    0     0    16 12984 21939  2 10 88  0  0
 1  0      0 895820 199588 5046132    0    0     0    36 12569 21122  2 10 89  0  0
 1  0      0 895820 199588 5046200    0    0     0   312 11263 19162  1 10 89  0  0
 0  0      0 895820 199592 5046240    0    0     0   372 13156 22331  2  9 89  1  0
 0  0      0 890236 199592 5046328    0    0     0    28 14862 26017 16 19 66  0  0
 4  0      0 892016 199592 5046372    0    0     0     4 14980 25866 10 17 73  0  0
procs -----------memory---------- ---swap-- -----io---- -system-- ------cpu-----
 r  b   swpd   free   buff  cache   si   so    bi    bo   in   cs us sy id wa st
 0  0      0 891288 199592 5046448    0    0     0    12 13591 23564  7 13 81  0  0
 0  0      0 893412 199592 5046488    0    0     0    52 14391 24401 10 15 75  0  0
 0  0      0 893412 199592 5046544    0    0     0   500 12535 20826  1  9 89  1  0
 0  0      0 893412 199592 5046600    0    0     0    20 12341 20860  2 10 88  0  0
 0  0      0 893160 199592 5046652    0    0     0     0 13761 23625  2 11 87  0  0
 0  0      0 892920 199592 5046708    0    0     0    16 13511 22775  5 10 85  0  0
 2  0      0 892672 199592 5046780    0    0     0    60 12644 21351  1  9 90  0  0
 0  0      0 892672 199596 5046832    0    0     0   140 13722 23585  3 11 86  0  0
 2  0      0 892672 199596 5046872    0    0     0    52 12361 21342  2 10 88  0  0
 0  0      0 892672 199596 5046948    0    0     0   236 11325 19284  2  9 89  0  0
 0  0      0 892672 199596 5047020    0    0     0    28 12827 21121  2 12 86  0  0
 2  0      0 892672 199596 5047020    0    0     0    12 11963 19966  2  9 89  0  0
 0  0      0 892672 199604 5047120    0    0     0   328 12016 20214  2 10 88  0  0
 0  0      0 892672 199604 5047136    0    0     0    44 12824 21351  2 11 87  0  0
 0  0      0 892672 199604 5047208    0    0     0    96 11087 18514  4  9 87  0  0
 0  0      0 891008 199604 5047344    0    0     0     8 16693 29561 19 20 62  0  0
 2  0      0 895732 199604 5047360    0    0     0     4 13879 24439 10 15 76  0  0
 0  0      0 895240 199608 5047472    0    0     0   192 12477 21283  4  9 86  0  0
 1  0      0 897420 199608 5047528    0    0     0    24 13319 22523  6 12 81  0  0
 0  0      0 897420 199608 5047556    0    0     0    32 11727 19474  2 10 88  0  0
 2  0      0 897420 199608 5047640    0    0     0    28 12341 20350  2 10 88  0  0
procs -----------memory---------- ---swap-- -----io---- -system-- ------cpu-----
 r  b   swpd   free   buff  cache   si   so    bi    bo   in   cs us sy id wa st
 1  0      0 897420 199608 5047676    0    0     0    12 12815 22207  1 10 89  0  0
 0  0      0 897420 199612 5047716    0    0     0   340 12714 21271  3 10 87  0  0
 0  0      0 897420 199612 5047776    0    0     0   876 11092 18413  1  9 90  0  0
 0  0      0 897420 199612 5047856    0    0     0   128 12433 21408  2  9 89  0  0
 1  0      0 897420 199612 5047908    0    0     0    20 13670 23291  3 10 87  0  0
 3  0      0 897420 199612 5047928    0    0     0    28 11019 18783  2  9 90  0  0
 0  0      0 897420 199612 5048032    0    0     0   608 11589 19385  2  8 89  1  0
 0  0      0 897420 199612 5048096    0    0     0    44 12668 20973  1 10 89  0  0
 0  0      0 897420 199612 5048104    0    0     0    48 13593 22348  2 12 86  0  0
 0  0      0 897172 199612 5048176    0    0     0    12 11366 18452  3  9 88  0  0
 0  0      0 897172 199612 5048264    0    0     0    12 13021 21596  2 10 88  0  0
 2  0      0 897172 199612 5048300    0    0     0   624 13500 22399  2 11 87  0  0
10  0      0 897172 199612 5048360    0    0     0    44 9670 16575  1  7 92  0  0
 0  0      0 896920 199612 5048444    0    0     0    32 14422 23797  2 13 85  0  0
 0  0      0 896920 199612 5048480    0    0     0    20 12534 19682  2 11 87  0  0
 1  0      0 890320 199612 5048552    0    0     0    20 14544 24932 11 15 74  0  0
 0  0      0 888612 199612 5048632    0    0     0   228 13854 24428  8 13 79  0  0
 5  0      0 888984 199612 5048660    0    0     0    32 15215 26064 10 16 73  0  0
 0  0      0 891084 199612 5048720    0    0     0    36 11955 20318  8 14 79  0  0
 0  0      0 890836 199612 5048800    0    0     0    28 12812 20923  3 10 87  0  0
 0  0      0 890836 199612 5048820    0    0     0    24 12662 20787  2 11 88  0  0
procs -----------memory---------- ---swap-- -----io---- -system-- ------cpu-----
 r  b   swpd   free   buff  cache   si   so    bi    bo   in   cs us sy id wa st
 3  0      0 892216 199612 5048896    0    0     0   420 12849 21825  3 13 84  1  0
 1  0      0 875108 199612 5049496    0    0     0  1104 18753 32233  9 19 70  2  0
 2  0      0 864656 199620 5051052    0    0     0   756 13731 24037 11 16 72  1  0
 1  0      0 739080 199620 5051460    0    0     0   496 13389 22526 16 10 73  0  0
 1  0      0 675636 199620 5051516    0    0     0     8 15072 24302 17 10 72  0  0
 2  0      0 667836 199620 5051864    0    0     0   620 15092 24287 17 11 72  0  0
 1  0      0 655752 199620 5052144    0    0     0    56 14765 23869 16 11 73  0  0
 1  0      0 642940 199620 5052280    0    0     0   292 14735 24234 17 10 73  0  0
 3  0      0 621848 199620 5052440    0    0     0    56 14917 24889 23 13 64  0  0
 5  0      0 619668 199620 5052732    0    0     0    16 14566 26506 26 15 60  0  0
 2  0      0 607976 199620 5052816    0    0     4    60 15634 27884 28 16 56  0  0
 1  0      0 608588 199620 5053064    0    0     0    60 14592 25980 27 12 61  0  0
 2  0      0 556260 199624 5053256    0    0     0  1644 13344 23472 17  9 72  1  0
 1  0      0 126492 199492 5046336    0    0   180   168 18986 28928 10 20 68  2  0
 1  0      0 117200 199376 5024424    0    0  2848    32 14624 22480 10 13 76  1  0
 1  0      0 116320 199320 5016556    0    0     0   100 17380 26612 12 14 74  0  0
 1  0      0 125020 199216 5003664    0    0     0    32 16682 25972 11 11 78  0  0
 1  0      0 109596 199216 5007212    0    0     0   380 16884 26663 11 12 76  1  0
 0  0      0 112112 199216 5001272    0    0     0  5656 16418 25787 10 11 79  0  0
 1  0      0 103004 199216 4996676    0    0     0    28 16912 26200 12 12 77  0  0
 1  0      0  98636 199216 4989332    0    0     0     8 16292 25259 10 11 79  1  0
procs -----------memory---------- ---swap-- -----io---- -system-- ------cpu-----
 r  b   swpd   free   buff  cache   si   so    bi    bo   in   cs us sy id wa st
 2  0      0  95040 199216 4985408    0    0     0    96 15416 24425 10  9 80  0  0
 2  0      0  76568 199108 4952304    0    0   496   964 17581 28617 15 15 68  2  0
 2  0      0  82660 199020 4940176    0    0  6516   408 18337 33367 23 19 56  2  0
 2  0      0  90392 198992 4933628    0    0   532    32 16064 29107 31 17 52  1  0
 1  0      0 984524 198996 4947320    0    0 13680     8 17346 28286 14 21 62  3  0
 0  0      0 984736 198996 4947460    0    0     0    36 15341 24502  2 11 88  0  0
 1  0      0 984484 198996 4947540    0    0     0   196 14717 23476  2 12 86  0  0
 0  0      0 984484 198996 4947556    0    0     0    48 11718 20002  1 10 89  0  0
 0  0      0 984236 198996 4947648    0    0     0    28 12965 21428  2  8 90  0  0
 1  0      0 983988 198996 4947692    0    0     0    40 12267 21095  2  9 89  0  0
 0  0      0 979892 198996 4947760    0    0     0     0 11980 20150  1  9 90  0  0
 5  0      0 979892 198996 4947820    0    0     0   328 14010 23254  2 11 86  0  0
 1  0      0 979892 198996 4947864    0    0     0    36 13902 23503  4 10 87  0  0
 1  0      0 979892 198996 4947912    0    0     0    52 12815 21241  2 10 88  0  0
 0  0      0 979640 198996 4947984    0    0     0    24 12874 21664  3  9 88  0  0
 0  0      0 979640 198996 4948040    0    0     0     4 11361 19295  2  9 89  0  0
 0  0      0 979388 198996 4948084    0    0     0   172 13540 22374  3 11 86  0  0
 2  0      0 979164 198996 4948152    0    0     0  7320 12649 21845  2 11 87  0  0
 0  0      0 979164 198996 4948200    0    0     0    40 11054 18485  2  7 91  0  0
 0  0      0 979164 198996 4948276    0    0     0    20 12279 20617  2  9 89  0  0
 0  0      0 979164 198996 4948300    0    0     0    20 13162 21794  4 11 86  0  0
procs -----------memory---------- ---swap-- -----io---- -system-- ------cpu-----
 r  b   swpd   free   buff  cache   si   so    bi    bo   in   cs us sy id wa st
 0  0      0 978660 199000 4948356    0    0     0   900 13139 21748  2 11 86  0  0
 0  0      0 978660 199000 4948452    0    0     0   656 12133 20225  2 10 88  0  0
 0  0      0 978660 199000 4948512    0    0     0   232 13858 22863  2 11 87  0  0
 4  0      0 978660 199000 4948552    0    0     0    80 12336 20516  1  8 90  0  0
 0  0      0 978660 199000 4948600    0    0     0    56 11903 19896  1 10 89  0  0
 1  0      0 978156 199000 4948656    0    0     0   360 13262 22675  1 11 87  0  0
 0  0      0 978156 199000 4948700    0    0     0    12 11673 20027  3  9 88  0  0
 2  0      0 978156 199000 4948768    0    0     0    40 11701 19816  2 10 88  0  0
 0  0      0 978156 199000 4948820    0    0     0    48 13382 22316  1 10 89  0  0
 0  0      0 978156 199000 4948872    0    0     0   308 12708 21646  2 10 89  0  0
 0  0      0 977908 199000 4948924    0    0     0   524 12169 20319  3 10 87  0  0
 0  0      0 977908 199000 4949024    0    0     0    16 13279 21597  2 13 85  0  0
 4  0      0 977908 199000 4949052    0    0     0    40 13000 21692  2  9 89  0  0
 0  0      0 977908 199000 4949124    0    0     0   460 12478 21351  2 10 88  0  0
 2  0      0 977908 199000 4949168    0    0     0    92 11777 19838  2  9 89  0  0
 5  0      0 977404 199000 4949212    0    0     0   168 11874 20158  2 10 87  0  0
 0  0      0 977404 199000 4949280    0    0     0    12 12940 22570  3 12 85  0  0
 2  0      0 977156 199000 4949320    0    0     0    28 12284 20699  2 10 88  0  0
 1  0      0 977156 199000 4949368    0    0     0    36 11913 20374  2  9 90  0  0
 0  0      0 977156 199000 4949460    0    0     0    36 12305 20329  2  9 89  0  0
 1  0      0 976664 199000 4949496    0    0     0   324 13660 23143  3 11 87  0  0
procs -----------memory---------- ---swap-- -----io---- -system-- ------cpu-----
 r  b   swpd   free   buff  cache   si   so    bi    bo   in   cs us sy id wa st
 3  0      0 976412 199000 4949592    0    0     0    16 13033 22262  2 10 88  0  0
 1  0      0 976412 199000 4949628    0    0     0     0 12454 20858  1 10 89  0  0
 0  0      0 976412 199000 4949692    0    0     0    32 11420 19529  2  8 90  0  0
 0  0      0 976412 199000 4949720    0    0     0    32 11668 19984  1  9 90  0  0
 0  0      0 976412 199000 4949796    0    0     0   136 12693 21301  1 10 88  1  0
 3  0      0 979312 199000 4949860    0    0     0    28 12586 21096  6 13 81  0  0
