procs -----------memory---------- ---swap-- -----io---- -system-- ------cpu-----
 r  b   swpd   free   buff  cache   si   so    bi    bo   in   cs us sy id wa st
 6  0      0 4247960 165392 1745240    0    0     2     8    8   18  1  1 98  0  0
 1  0      0 4246328 165392 1745272    0    0     0     0 6273 10242 12  8 80  0  0
 1  0      0 4246088 165392 1745276    0    0     0     0 1168 1360  0  1 99  0  0
 0  0      0 4246088 165392 1745280    0    0     0     0 2772 4136  2  2 96  0  0
 0  0      0 4246088 165392 1745284    0    0     0    68 1357 1590  0  1 99  0  0
 0  0      0 4246088 165392 1745284    0    0     0    20 1667 2095  1  1 98  0  0
 0  0      0 4246088 165392 1745292    0    0     0    24 2623 3715  2  2 97  0  0
 0  0      0 4248204 165392 1745296    0    0     0     0 1413 1644  1  1 98  0  0
 1  0      0 4248204 165392 1745304    0    0     0     4 1281 1449  1  1 99  0  0
 0  0      0 4248204 165392 1745308    0    0     0    40 2064 2831  1  1 98  0  0
 0  0      0 4248204 165392 1745308    0    0     0     0 1043 1080  0  1 99  0  0
 0  0      0 4248204 165392 1745316    0    0     0    16 1704 2045  2  2 97  0  0
 1  0      0 4247964 165392 1745320    0    0     0    28 1372 1548  0  1 99  0  0
 0  0      0 4247964 165392 1745324    0    0     0     0 1665 2088  1  2 97  0  0
 0  0      0 4247964 165392 1745324    0    0     0    40 1196 1375  0  1 99  0  0
 0  0      0 4247964 165392 1745328    0    0     0     0 1465 1797  1  1 99  0  0
 0  0      0 4247464 165392 1745336    0    0     0     4 2928 4383  1  3 96  0  0
 0  0      0 4247464 165392 1745344    0    0     0     8 1469 1691  0  1 99  0  0
 0  0      0 4247464 165392 1745348    0    0     0    28 2248 3235  1  1 98  0  0
 0  0      0 4247464 165392 1745352    0    0     0    44 1887 2563  1  1 98  0  0
 4  0      0 4245640 165392 1745352    0    0   168     0 3228 4859  7  4 89  0  0
procs -----------memory---------- ---swap-- -----io---- -system-- ------cpu-----
 r  b   swpd   free   buff  cache   si   so    bi    bo   in   cs us sy id wa st
 1  0      0 4244540 165392 1745576    0    0    36     0 6424 10890 13  8 79  0  0
 1  0      0 4242260 165392 1745588    0    0     0     8 5303 8547 10  6 84  0  0
 0  0      0 4244360 165392 1745588    0    0     0    12 3310 4937  6  4 90  0  0
 0  0      0 4244360 165392 1745592    0    0     0    88 1261 1408  0  1 99  0  0
 0  0      0 4244360 165392 1745600    0    0     0    16 1584 2061  1  1 98  0  0
 4  0      0 4244360 165392 1745604    0    0     0     0 2408 3472  2  2 97  0  0
 0  0      0 4243868 165392 1745608    0    0     0     8 1544 1815  0  1 98  0  0
 0  0      0 4243868 165392 1745608    0    0     0     0 1303 1492  0  1 98  0  0
 0  0      0 4243868 165392 1745608    0    0     0    68 1590 2037  1  1 98  0  0
 0  0      0 4243868 165392 1745612    0    0     0    24 1035 1110  0  1 99  0  0
 0  0      0 4243616 165392 1745620    0    0     0     0 1590 1930  1  2 98  0  0
 1  0      0 4243616 165392 1745624    0    0     0     0 1402 1638  1  1 98  0  0
 0  0      0 4243616 165392 1745628    0    0     0     8 2802 4173  1  3 97  0  0
 0  0      0 4243616 165392 1745636    0    0     0   136 1557 1827  0  1 98  0  0
 0  0      0 4243616 165392 1745640    0    0     0     0 1583 1942  1  1 98  0  0
 0  0      0 4243616 165392 1745648    0    0     0    28 1671 2152  1  2 98  0  0
 2  0      0 4246200 165392 1745656    0    0     0     0 3542 5303  5  5 90  0  0
 1  0      0 4244700 165392 1745668    0    0     0    12 4881 7855 10  5 85  0  0
 0  0      0 4242716 165392 1745672    0    0     0    68 5458 8775 10  6 84  0  0
 0  0      0 4244768 165392 1745680    0    0     0    12 2901 4273  5  4 91  0  0
 0  0      0 4244768 165392 1745688    0    0     0     0 1556 1829  1  1 98  0  0
procs -----------memory---------- ---swap-- -----io---- -system-- ------cpu-----
 r  b   swpd   free   buff  cache   si   so    bi    bo   in   cs us sy id wa st
 1  0      0 4244768 165392 1745692    0    0     0    40 1585 1962  1  2 98  0  0
 0  0      0 4244768 165392 1745692    0    0     0    20 1824 2358  1  1 98  0  0
 0  0      0 4244528 165396 1745700    0    0     0    80 1191 1443  0  1 99  0  0
 0  0      0 4244528 165396 1745708    0    0     0     0 1562 2111  1  1 98  0  0
 0  0      0 4244528 165396 1745712    0    0     0     8 1760 2206  1  1 98  0  0
 0  0      0 4244276 165396 1745716    0    0     0     0 2145 3195  1  2 98  0  0
 0  0      0 4244276 165396 1745716    0    0     0    28 2433 3494  1  2 97  0  0
 0  0      0 4244276 165400 1745724    0    0     0   156 2031 2792  1  1 97  0  0
 0  0      0 4244276 165400 1745728    0    0     0     0 1203 1394  1  1 99  0  0
 0  0      0 4244276 165400 1745736    0    0     0     0 1657 2081  1  2 98  0  0
 1  0      0 4244052 165400 1745740    0    0     0     8 1555 1988  1  1 98  0  0
 0  0      0 4244052 165400 1745744    0    0     0     0 1563 2069  1  1 98  0  0
 1  0      0 4242412 165404 1745740    0    0     0    80 1600 1788  3  2 95  0  0
 0  0      0 4242032 165404 1745764    0    0     0     4 6408 10474 12  8 81  0  0
 0  0      0 4240132 165404 1745772    0    0     0     0 5597 8897 11  8 81  0  0
 0  0      0 4242104 165404 1745776    0    0     0     0 4180 6687  6  4 90  0  0
 0  0      0 4241864 165404 1745780    0    0     0     8 1388 1660  1  1 98  0  0
 0  0      0 4241864 165404 1745784    0    0     0    92 2008 2689  1  1 98  0  0
 0  0      0 4241864 165404 1745788    0    0     0    56 1395 1689  0  1 99  0  0
 0  0      0 4241612 165404 1745792    0    0     0     0 1561 1993  1  1 98  0  0
 1  0      0 4241612 165404 1745796    0    0     0     0 1444 1723  1  1 97  0  0
procs -----------memory---------- ---swap-- -----io---- -system-- ------cpu-----
 r  b   swpd   free   buff  cache   si   so    bi    bo   in   cs us sy id wa st
 0  0      0 4241612 165404 1745800    0    0     0     0 2683 3993  1  3 96  0  0
 0  0      0 4241612 165404 1745804    0    0     0    52 1239 1510  1  1 99  0  0
 0  0      0 4241612 165404 1745808    0    0     0     8 1373 1665  1  1 98  0  0
 0  0      0 4241108 165404 1745816    0    0     0    28 1625 1969  1  1 98  0  0
 0  0      0 4241108 165404 1745820    0    0     0     0 2281 3186  1  2 97  0  0
 0  0      0 4241108 165404 1745824    0    0     0     4 1268 1508  1  1 99  0  0
 0  0      0 4241108 165404 1745828    0    0     0    80 2045 2853  1  1 97  0  0
 0  0      0 4241108 165404 1745832    0    0     0    12 1122 1249  0  1 99  0  0
 1  0      0 4240604 165404 1745840    0    0     0     4 1706 2076  1  1 97  0  0
 1  0      0 4241768 165404 1745852    0    0     0    32 6413 10426 11 10 78  0  0
 0  0      0 4241152 165404 1745860    0    0     0     0 6304 10269 12  8 80  0  0
 0  0      0 4243724 165404 1745868    0    0     0    64 3118 4740  5  4 91  0  0
 0  0      0 4243724 165404 1745876    0    0     0     0 1431 1852  0  1 99  0  0
 0  0      0 4243724 165404 1745880    0    0     0    16 1915 2589  1  2 97  0  0
 1  0      0 4243724 165404 1745884    0    0     0    44 2408 3525  1  2 97  0  0
 0  0      0 4245704 165404 1745888    0    0     0   140 2199 3241  2  1 97  0  0
 0  0      0 4245704 165404 1745892    0    0     0    84 2104 2955  1  1 98  0  0
 0  0      0 4245704 165404 1745896    0    0     0     0 1188 1408  0  1 99  0  0
 1  0      0 4245480 165404 1745904    0    0     0     0 1787 2361  1  2 97  0  0
 1  0      0 4245228 165404 1745908    0    0     0    16 1681 2065  1  2 97  0  0
 0  0      0 4245228 165412 1745904    0    0     0    80 1541 1855  1  2 97  0  0
procs -----------memory---------- ---swap-- -----io---- -system-- ------cpu-----
 r  b   swpd   free   buff  cache   si   so    bi    bo   in   cs us sy id wa st
 0  0      0 4245228 165412 1745916    0    0     0     4 1152 1402  1  1 99  0  0
 0  0      0 4245228 165412 1745920    0    0     0     0 1435 1866  1  1 98  0  0
 0  0      0 4245228 165412 1745928    0    0     0     0 1350 1663  1  1 98  0  0
 0  0      0 4245228 165412 1745932    0    0     0     4 2628 3764  1  2 97  0  0
 0  0      0 4245228 165412 1745932    0    0     0    76 1483 1636  1  1 97  0  0
 0  0      0 4239516 165412 1745952    0    0     0    28 6711 11109 13  8 78  0  0
 0  0      0 4247948 165412 1745968    0    0     0     8 5639 9174 11  7 82  0  0
 0  0      0 4250176 165412 1745976    0    0     0     0 3087 4633  5  4 91  0  0
 1  0      0 4250176 165412 1745972    0    0     0     8 1654 2143  1  2 96  0  0
 0  0      0 4249688 165416 1745972    0    0     0    64 2776 4229  1  2 97  0  0
 0  0      0 4249688 165416 1745980    0    0     0    16 1404 1641  1  1 98  0  0
 0  0      0 4249688 165416 1745984    0    0     0    36 1499 1810  1  1 99  0  0
 0  0      0 4249688 165416 1745988    0    0     0     4 1344 1620  1  1 98  0  0
 0  0      0 4249688 165416 1745992    0    0     0     0 2681 3872  1  2 97  0  0
 0  0      0 4249688 165416 1746000    0    0     0    12 1401 1673  1  1 98  0  0
 0  0      0 4249436 165420 1746004    0    0     0   112 2160 2874  1  2 98  0  0
 0  0      0 4249436 165420 1746008    0    0     0    12 1138 1286  0  1 99  0  0
 1  0      0 4249436 165420 1746012    0    0     0    20 1240 1425  0  1 99  0  0
 1  0      0 4249436 165420 1746016    0    0     0     4 1761 2121  2  2 96  0  0
 0  0      0 4249436 165420 1746020    0    0     0     4 1536 1859  1  1 98  0  0
 0  0      0 4249436 165424 1746024    0    0     0    36 1300 1537  0  1 98  0  0
procs -----------memory---------- ---swap-- -----io---- -system-- ------cpu-----
 r  b   swpd   free   buff  cache   si   so    bi    bo   in   cs us sy id wa st
 0  0      0 4249436 165424 1746028    0    0     0     0 1566 1908  1  1 98  0  0
 0  0      0 4245316 165424 1746052    0    0     0     8 6259 10265 12  9 79  0  0
 0  0      0 4243900 165424 1746056    0    0     0    36 7063 11718 11  8 81  0  0
 0  0      0 4243660 165424 1746064    0    0     0     0 3890 6207  6  4 90  0  0
 0  0      0 4243420 165424 1746068    0    0     0   112 1769 2350  1  1 98  0  0
 0  0      0 4243420 165424 1746068    0    0     0     0 1126 1315  0  1 99  0  0
 0  0      0 4243420 165424 1746076    0    0     0    12 1486 1757  1  1 98  0  0
 0  0      0 4243180 165424 1746080    0    0     0     8 1822 2276  1  2 97  0  0
 0  0      0 4242956 165424 1746084    0    0     0    40 1504 1856  1  1 99  0  0
 0  0      0 4242956 165424 1746092    0    0     0    60 1278 1524  1  1 98  0  0
 0  0      0 4242956 165424 1746092    0    0     0     0 1505 1886  1  1 98  0  0
 0  0      0 4242956 165424 1746100    0    0     0     0 1339 1604  1  1 98  0  0
 0  0      0 4242708 165424 1746104    0    0     0     0 2570 3665  1  2 97  0  0
 1  0      0 4242708 165424 1746108    0    0     0    12 1431 1816  0  1 99  0  0
 0  0      0 4242708 165424 1746112    0    0     0   108 2132 2963  1  1 98  0  0
 0  0      0 4242708 165424 1746116    0    0     0     4 1214 1367  0  1 99  0  0
 0  0      0 4242708 165424 1746120    0    0     0     0 1264 1496  1  1 98  0  0
 0  0      0 4242456 165424 1746124    0    0     0     0 1671 2061  1  3 97  0  0
 0  0      0 4242456 165424 1746132    0    0     0     0 2549 3850  1  1 98  0  0
 0  0      0 4242456 165424 1746136    0    0     0    48 1577 1985  1  1 98  0  0
 0  0      0 4242456 165424 1746136    0    0     0    28 1646 2112  1  1 98  0  0
procs -----------memory---------- ---swap-- -----io---- -system-- ------cpu-----
 r  b   swpd   free   buff  cache   si   so    bi    bo   in   cs us sy id wa st
 0  0      0 4242456 165424 1746144    0    0     0     0 1433 1635  1  1 98  0  0
 0  0      0 4240228 165424 1746160    0    0     0     0 7227 12014 14 10 76  0  0
 0  0      0 4243336 165424 1746176    0    0     0     4 5934 9732 12  7 81  0  0
 0  0      0 4243592 165428 1746168    0    0     0    96 4003 6193  5  4 91  0  0
 0  0      0 4243352 165428 1746180    0    0     0    24 1264 1374  0  1 99  0  0
 0  0      0 4243352 165428 1746188    0    0     0    40 1349 1513  0  1 98  0  0
 0  0      0 4243128 165428 1746192    0    0     0    12 1825 2271  1  3 97  0  0
 0  0      0 4243128 165428 1746192    0    0     0     0 1689 2260  1  1 98  0  0
 0  0      0 4243128 165436 1746196    0    0     0    72 1579 2067  0  2 98  0  0
 0  0      0 4242888 165436 1746208    0    0     0     0 1569 2050  0  1 98  0  0
 0  0      0 4242888 165436 1746212    0    0     0    40 1335 1593  1  1 98  0  0
 0  0      0 4242388 165436 1746220    0    0     0     0 2710 3989  1  2 97  0  0
 0  0      0 4242388 165436 1746224    0    0     0     0 2415 3585  1  1 97  0  0
 0  0      0 4242388 165436 1746236    0    0     0   128 2250 3124  1  1 97  0  0
 0  0      0 4242388 165436 1746240    0    0     0     0 1089 1164  0  1 99  0  0
 6  0      0 4239188 165436 1746236    0    0     0    20 4692 7583 10  6 84  0  0
 2  0      0 4233772 165436 1746252    0    0     0    32 6319 10073 14  9 77  0  0
 0  0      0 4244336 165436 1746264    0    0     0     4 4145 6471  6  5 89  0  0
 0  0      0 4246420 165436 1746264    0    0     0    72 2835 4445  4  4 92  0  0
 0  0      0 4246180 165436 1746268    0    0     0     0 1470 1941  1  1 98  0  0
 0  0      0 4246180 165436 1746272    0    0     0    32 1377 1757  1  1 98  0  0
procs -----------memory---------- ---swap-- -----io---- -system-- ------cpu-----
 r  b   swpd   free   buff  cache   si   so    bi    bo   in   cs us sy id wa st
 0  0      0 4246180 165436 1746280    0    0     0    16 2657 3886  1  2 97  0  0
 0  0      0 4245928 165436 1746284    0    0     0    12 1375 1590  1  1 98  0  0
 0  0      0 4245928 165440 1746292    0    0     0   136 2087 2828  1  2 98  0  0
 0  0      0 4245928 165440 1746296    0    0     0     0 1071 1258  0  1 99  0  0
 1  0      0 4245928 165440 1746296    0    0     0     0 1329 1496  1  1 98  0  0
 0  0      0 4245928 165440 1746300    0    0     0    24 1858 2326  2  2 96  0  0
 0  0      0 4245680 165440 1746304    0    0     0     8 2495 3691  1  2 97  0  0
 0  0      0 4245680 165444 1746316    0    0     0    68 1375 1663  0  1 98  0  0
 1  0      0 4242244 165444 1746320    0    0     0     0 4877 7776 11  5 83  0  0
 1  0      0 4230244 165444 1746344    0    0     0     0 6105 10062 11  7 82  0  0
 0  0      0 4242080 165444 1746352    0    0     0    28 4371 6920  4  6 90  0  0
 3  0      0 4241596 165452 1746388    0    0     0   700 8451 13976  9  9 80  2  0
 1  0      0 4217692 165456 1764388    0    0 16388  1156 7593 11419  7 10 78  5  0
 1  0      0 4095800 165456 1765860    0    0   944    36 2723 3034 14  4 82  1  0
 1  0      0 4018496 165456 1766108    0    0    16     0 1771 1595 15  3 82  0  0
 1  0      0 4005908 165456 1766368    0    0     0    36 2330 2421 17  3 81  0  0
 1  0      0 3987776 165456 1766488    0    0     0    12 2039 2032 16  2 82  0  0
 1  0      0 3974172 165456 1766640    0    0     0    36 1928 1806 16  2 82  0  0
 1  0      0 3964860 165460 1766708    0    0     0   592 2401 2613 17  2 81  0  0
 1  0      0 3951252 165460 1766960    0    0     0    12 1967 1932 17  2 82  0  0
 1  0      0 3944964 165460 1767184    0    0     0    28 3134 3924 17  3 81  0  0
procs -----------memory---------- ---swap-- -----io---- -system-- ------cpu-----
 r  b   swpd   free   buff  cache   si   so    bi    bo   in   cs us sy id wa st
 1  0      0 3930852 165460 1767268    0    0     0     0 2997 3792 17  2 81  0  0
 4  0      0 3922444 165460 1767464    0    0     0     4 3610 5243 21  5 74  0  0
 3  0      0 3902376 165464 1767488    0    0     0   180 4470 7500 24  7 69  0  0
 1  0      0 3900840 165464 1767524    0    0     0     0 4893 7826 25  6 69  0  0
 3  0      0 3890128 165464 1767684    0    0     0   400 5786 9169 23  8 68  1  0
 2  0      0 3876232 165476 1770076    0    0    48  1284 8686 14331 24 14 60  2  0
 2  0      0 3734708 165476 1770472    0    0     0     8 2384 2426 32  3 65  0  0
 2  0      0 3158256 165476 1784584    0    0     0   496 8813 9351 25  9 64  1  0
 2  0      0 3003788 165476 1788964    0    0     0    28 3230 2997 29  3 67  0  0
 1  0      0 2968636 165476 1796336    0    0     0     4 4333 5306 29  4 67  0  0
 2  0      0 2902540 165476 1801464    0    0     0  8952 3522 3453 26  3 70  1  0
 1  0      0 2868648 165476 1806244    0    0     0    12 3710 3879 28  3 69  0  0
 2  0      0 2814900 165476 1810388    0    0     0     0 3152 2967 28  2 69  0  0
 2  0      0 2768128 165476 1813244    0    0     0     0 2365 2130 32  2 66  0  0
 2  0      0 2654608 165476 1822720    0    0     0     0 4247 4367 29  4 66  0  0
 2  0      0 2627508 165476 1827800    0    0     0     4 3836 4625 29  2 68  0  0
 2  0      0 2453720 165484 1833704    0    0     0   176 2915 2659 29  4 67  0  0
 2  0      0 2347656 165484 1840944    0    0     0   296 4022 4456 31  3 65  1  0
 2  0      0 2211652 165484 1851512    0    0     0     0 4085 4128 30  4 66  1  0
 2  0      0 2087684 165484 1859904    0    0     0    72 3864 4495 30  4 65  0  0
 2  1      0 1960528 165484 1866308    0    0     0   128 3098 3544 30  3 67  0  0
procs -----------memory---------- ---swap-- -----io---- -system-- ------cpu-----
 r  b   swpd   free   buff  cache   si   so    bi    bo   in   cs us sy id wa st
 2  0      0 1501376 165484 1888416    0    0     0     4 9782 10763 21 11 66  2  0
 2  0      0 1286844 165484 1901176    0    0     0    20 5391 5485 24  5 71  1  0
 2  0      0 1164392 165484 1916548    0    0     0    56 5776 6213 25  4 70  1  0
 2  0      0 1080468 165484 1928444    0    0     0    28 5595 5989 24  6 69  1  0
 2  1      0 963696 165484 1938652    0    0     0 67840 5658 6457 23  6 64  7  0
 2  0      0 805536 165484 1953712    0    0     0     4 7187 7503 16  4 47 33  0
 2  0      0 692480 165484 1963052    0    0     0   220 4576 4679 25  4 71  0  0
 7  0      0 519904 165484 1970924    0    0     0     0 5467 6181 26  5 68  1  0
 3  0      0 416800 165484 1981324    0    0     0    28 6025 7384 24  5 71  1  0
 2  3      0 458392 162464 1890404    0    0  1200 43968 6542 7757 25  7 55 13  0
 2  0      0 493060 162084 1869060    0    0   736     0 2847 2695 29  5 65  1  0
 0  0      0 1205200 161428 1838476    0    0  1292     0 3609 4033 24  6 69  1  0
 2  0      0 1209824 161428 1843584    0    0     0     0 3213 3372 13  3 84  0  0
 1  0      0 1203388 161568 1849288    0    0  1976     0 3247 3968 14  2 83  1  0
 1  0      0 1179752 161572 1853640    0    0     0   212 2897 3215 14  2 84  0  0
 0  0      0 1108444 161572 1858716    0    0     0    16 2876 3164 13  2 84  0  0
 2  0      0 1005884 161572 1867892    0    0     0     0 3234 3330 13  4 83  1  0
 1  0      0 871472 161576 1879772    0    0     4     0 4927 6292 14  6 80  0  0
 1  0      0 3180528 161576 1882320    0    0     0     0 1889 1960 15  4 81  0  0
 1  0      0 3180400 161576 1882328    0    0     0   256 2390 3085 18  1 81  0  0
 0  0      0 4196300 161576 1882336    0    0     0     4 2883 3733  7  6 88  0  0
procs -----------memory---------- ---swap-- -----io---- -system-- ------cpu-----
 r  b   swpd   free   buff  cache   si   so    bi    bo   in   cs us sy id wa st
 0  0      0 4195744 161576 1882344    0    0     0    12 1426 1791  1  1 98  0  0
