procs -----------memory---------- ---swap-- -----io---- -system-- ------cpu-----
 r  b   swpd   free   buff  cache   si   so    bi    bo   in   cs us sy id wa st
 3  0      0 4306348 154400 1658360    0    0     2    11    5   15  2  1 97  0  0
 0  0      0 4307272 154400 1658400    0    0     8    16 6022 9766 13  8 79  0  0
 1  0      0 4306784 154400 1658404    0    0     0   100 1950 2534  1  2 97  0  0
 0  0      0 4306532 154400 1658408    0    0     0    12 1676 2102  2  1 97  0  0
 0  0      0 4306532 154400 1658412    0    0     0     0 1857 2471  3  1 96  0  0
 0  0      0 4306532 154400 1658420    0    0     0    12 1941 2582  3  2 95  0  0
 0  0      0 4306292 154400 1658424    0    0     0    24 1514 1982  1  1 98  0  0
 0  0      0 4306292 154400 1658428    0    0     0    72 2506 3682  2  2 96  0  0
 0  0      0 4306292 154400 1658436    0    0     0     0 3269 5106  2  3 95  0  0
 0  0      0 4306052 154400 1658440    0    0     0     4 1593 2176  1  1 98  0  0
 0  0      0 4306052 154400 1658452    0    0     0     0 1450 1920  1  1 98  0  0
 0  0      0 4306052 154400 1658456    0    0     0    16 1781 2424  1  2 97  0  0
 0  0      0 4305800 154400 1658460    0    0     0   104 3047 4627  2  3 96  0  0
 0  0      0 4305576 154400 1658468    0    0     0     0 1863 2382  1  2 97  0  0
 0  0      0 4305576 154400 1658468    0    0     0     0 1819 2438  1  2 97  0  0
 0  0      0 4305576 154400 1658476    0    0     0     8 1847 2375  3  3 94  0  0
 0  0      0 4305576 154400 1658484    0    0     0     0 1631 1962  1  2 98  0  0
 0  0      0 4305324 154408 1658492    0    0     0    80 2496 3501  2  2 96  0  0
 0  0      0 4305324 154408 1658496    0    0     0    40 3348 5077  3  3 94  0  0
 1  0      0 4306416 154408 1658580    0    0    84     0 6513 10746 15 12 73  0  0
 2  0      0 4301856 154408 1658604    0    0     0     0 4926 7836 11  7 82  0  0
procs -----------memory---------- ---swap-- -----io---- -system-- ------cpu-----
 r  b   swpd   free   buff  cache   si   so    bi    bo   in   cs us sy id wa st
 0  0      0 4303152 154408 1658616    0    0     0     8 2930 4357  4  4 92  0  0
 0  0      0 4302652 154412 1658624    0    0     0    68 5643 9253 11  8 81  0  0
 0  0      0 4302668 154412 1658628    0    0     0     8 1678 2164  2  1 97  0  0
 0  0      0 4302668 154412 1658636    0    0     0    60 1490 1884  1  2 97  0  0
 0  0      0 4302668 154412 1658644    0    0     0     0 2053 2898  2  3 96  0  0
 0  0      0 4302668 154412 1658652    0    0     0     0 1629 2157  1  2 97  0  0
 0  0      0 4302668 154412 1658656    0    0     0   100 3948 6400  2  4 94  0  0
 0  0      0 4302428 154412 1658660    0    0     0   100 3104 4745  4  3 94  0  0
 0  0      0 4302428 154412 1658664    0    0     0     8 1490 1897  2  2 97  0  0
 0  0      0 4302428 154412 1658676    0    0     0    48 1720 2255  1  2 97  0  0
 0  0      0 4302428 154412 1658680    0    0     0     0 1340 1621  1  1 98  0  0
 0  0      0 4302428 154416 1658684    0    0     0    76 1931 2467  1  2 97  0  0
 0  0      0 4302180 154416 1658696    0    0     0     8 1832 2450  2  2 97  0  0
 0  0      0 4301940 154416 1658696    0    0     0     0 1803 2351  1  2 97  0  0
 0  0      0 4302012 154416 1658704    0    0     0    44 2021 2794  1  3 95  0  0
 5  0      0 4305696 154416 1658708    0    0     0     4 5727 8952 14  9 77  0  0
 6  0      0 4303700 154416 1658716    0    0     0    80 5758 9246 11  8 81  0  0
 4  0      0 4303200 154416 1658732    0    0     0    12 5081 8239  7  6 87  0  0
 0  0      0 4305216 154416 1658736    0    0     0     0 3456 5135  7  4 89  0  0
 0  0      0 4305216 154416 1658744    0    0     0     0 1520 1916  1  2 97  0  0
 0  0      0 4305216 154416 1658756    0    0     0    68 1870 2387  1  1 98  0  0
procs -----------memory---------- ---swap-- -----io---- -system-- ------cpu-----
 r  b   swpd   free   buff  cache   si   so    bi    bo   in   cs us sy id wa st
 7  0      0 4300652 154420 1658788    0    0     0   576 6333 10072  8  8 82  2  0
 1  0      0 4296944 154428 1660188    0    0     0  1224 9214 15263 10 13 75  2  0
 1  0      0 4256436 154428 1660804    0    0     0    28 2865 3323 15  4 81  0  0
 1  0      0 4105456 154428 1660828    0    0     0     0 2404 2692 16  4 80  0  0
 1  0      0 4091120 154428 1660864    0    0     0    44 1923 2338 16  3 81  0  0
 1  0      0 4078280 154428 1661108    0    0     0    48 2916 4246 17  3 80  0  0
 1  0      0 4064432 154428 1661336    0    0     0    12 3267 4627 16  4 79  0  0
 1  0      0 4046956 154428 1661396    0    0     0   232 1898 2191 17  2 81  0  0
 1  0      0 4042948 154428 1661596    0    0     0    12 1867 2111 17  2 81  0  0
 1  0      0 4029844 154428 1661688    0    0     0    16 1743 1924 17  2 82  0  0
 1  0      0 4025308 154428 1661896    0    0     0     0 2366 2673 16  3 81  0  0
 3  0      0 4017396 154428 1661964    0    0     0    68 4413 6744 25  7 68  0  0
 3  0      0 4005644 154428 1662124    0    0     0   172 5260 8129 26  8 67  0  0
 1  0      0 3998852 154428 1662224    0    0     0     4 4533 7151 25  7 69  0  0
 1  0      0 3984436 154428 1662304    0    0     0     0 3413 4945 21  4 75  0  0
 1  0      0 3979676 154428 1662456    0    0     0    16 4232 6328 18  3 79  0  0
 1  0      0 3971120 154428 1662556    0    0     0     0 3273 4406 17  2 81  0  0
 1  0      0 3967392 154436 1662712    0    0     0   188 3328 4210 18  4 78  0  0
 2  0      0 3939920 154436 1663432    0    0     0  1016 9643 16239 24 14 59  3  0
 2  0      0 3846652 154448 1675108    0    0     0   632 7255 8611 28  9 62  1  0
 2  0      0 3378804 154448 1679188    0    0     0     0 4402 4818 25 10 65  0  0
procs -----------memory---------- ---swap-- -----io---- -system-- ------cpu-----
 r  b   swpd   free   buff  cache   si   so    bi    bo   in   cs us sy id wa st
 2  0      0 3343624 154448 1684072    0    0     0  1016 4366 4582 26  5 69  1  0
 4  0      0 3317460 154448 1688324    0    0     0     4 3972 4284 27  4 68  1  0
 2  0      0 3286176 154448 1692528    0    0     0  6060 4149 4583 28  5 67  1  0
 2  0      0 3258708 154448 1696900    0    0     0   264 3938 4263 27  4 69  1  0
 2  0      0 3236588 154448 1700352    0    0     0    60 4726 5720 27  5 68  1  0
 4  0      0 3211808 154448 1705092    0    0     0     4 5136 6259 27  6 67  1  0
 2  0      0 3191012 154448 1709292    0    0     0     0 4224 4872 27  5 68  1  0
 2  0      0 3180960 154448 1709552    0    0     0     4 2302 2132 34  3 63  0  0
 2  0      0 3167168 154448 1709664    0    0     0   220 5336 9746 47 11 42  0  0
 2  0      0 3182636 154448 1709780    0    0     0     4 5579 9675 44 10 46  0  0
 2  0      0 3938228 154448 1709860    0    0     0    56 3624 4811 24  9 67  0  0
 1  0      0 3923312 154448 1709936    0    0     0     0 2501 2867 17  2 81  0  0
 1  0      0 3918536 154448 1710096    0    0     0     0 2363 2539 17  3 80  0  0
 1  0      0 3909716 154448 1710212    0    0     0   180 2826 3450 18  3 79  0  0
 3  0      0 3905416 154448 1710372    0    0     0   776 7895 12834 23 10 64  3  0
 2  0      0 3881292 154456 1712504    0    0     0   876 6780 11029 27 11 61  1  0
 2  0      0 3651128 154456 1726292    0    0     0     0 8446 9977 27 10 61  2  0
 2  0      0 3138060 154456 1727164    0    0   352     4 2636 2884 25  8 67  0  0
 2  0      0 3104556 154456 1729072    0    0     0    16 2833 3087 27  4 70  0  0
 2  0      0 3077288 154456 1730824    0    0     0     8 2949 3569 27  3 70  0  0
 2  0      0 3040508 154460 1732712    0    0     0   264 2756 3086 27  3 70  0  0
procs -----------memory---------- ---swap-- -----io---- -system-- ------cpu-----
 r  b   swpd   free   buff  cache   si   so    bi    bo   in   cs us sy id wa st
 1  0      0 3022112 154460 1734048    0    0     0     4 2376 2685 27  3 70  0  0
 2  0      0 3001008 154460 1736076    0    0     0  8116 3111 3634 26  4 70  0  0
 1  0      0 2980848 154460 1737792    0    0     0     0 3192 3543 26  4 70  0  0
 2  0      0 2958180 154460 1739580    0    0     0    16 4546 6773 29  4 67  0  0
 2  0      0 2906712 154464 1741328    0    0     0   332 6427 11109 39 11 49  0  0
 2  0      0 2898896 154464 1741396    0    0     0    44 6177 10572 44  8 48  0  0
 5  0      0 2983500 154464 1741512    0    0     0    36 3313 4773 37  5 58  0  0
 1  0      0 3853900 154464 1741636    0    0     0     0 2400 3268 22 12 66  0  0
 1  0      0 3844828 154464 1741756    0    0     0     0 2053 2655 17  2 81  0  0
 1  0      0 3842864 154464 1741864    0    0     0   156 2224 2937 18  2 80  0  0
 4  0      0 3810168 154468 1742196    0    0     0   964 7443 12063 24 10 64  3  0
 2  0      0 3712456 154468 1757548    0    0     0   700 11039 14683 24 16 59  2  0
 2  0      0 3080112 154468 1758960    0    0     0  2492 3651 4024 25 10 65  0  0
 7  0      0 2951176 154468 1763896    0    0     0     0 3958 4462 29  5 66  0  0
 2  0      0 2927576 154468 1770040    0    0     0    32 3673 3859 28  3 68  0  0
 2  0      0 2857244 154468 1774936    0    0     0     0 4877 6121 27  4 68  0  0
 2  0      0 2819884 154468 1779576    0    0     0 12664 3562 3834 28  3 66  4  0
 2  0      0 2772600 154468 1784132    0    0     0  6792 4025 4483 28  3 69  0  0
 2  0      0 2724844 154468 1787172    0    0     0     8 3785 4910 31  3 65  0  0
 2  0      0 2681264 154468 1793792    0    0     0     4 3459 3693 30  4 67  0  0
 2  0      0 2589220 154468 1800020    0    0     0    12 3190 3221 31  3 66  0  0
procs -----------memory---------- ---swap-- -----io---- -system-- ------cpu-----
 r  b   swpd   free   buff  cache   si   so    bi    bo   in   cs us sy id wa st
 2  0      0 2454876 154472 1804860    0    0     0   400 6599 11101 42 15 42  2  0
 3  0      0 2366144 154472 1810772    0    0     0     0 5460 9331 39 10 52  0  0
 3  0      0 2203388 154472 1816868    0    0     0   644 4436 5365 33  6 61  0  0
 2  0      0 2143472 154472 1826088    0    0     0     4 4214 5834 33  6 61  0  0
 2  0      0 2036668 154472 1834740    0    0     0     8 4031 5409 30  5 65  0  0
 2  0      0 1919780 154472 1841240    0    0     0   148 2927 3196 30  4 66  0  0
 4  0      0 1813432 154472 1849376    0    0     0     0 3196 3230 29  4 66  0  0
 2  0      0 1706160 154472 1857520    0    0     0     0 3604 3720 29  4 66  0  0
 3  0      0 1138148 154472 1882092    0    0     0    40 8227 8658 23 13 63  2  0
 1  0      0 1057624 154472 1892344    0    0     0    12 4476 4786 24  5 71  0  0
 2  0      0 848784 154476 1899852    0    0     0   180 4739 5273 23  6 71  1  0
 1  0      0 809676 154476 1911748    0    0     0  1012 4379 4729 25  4 70  0  0
 2  0      0 675380 154476 1920444    0    0     0   184 5625 6764 25  5 69  1  0
 1  0      0 522096 154476 1927968    0    0     0     0 5234 6699 27  4 69  0  0
 1  0      0 422216 154476 1935640    0    0     0    44 4954 6007 24  4 72  0  0
 2  5      0 293972 154476 1942056    0    0     0 62148 3937 4636 24  4 62 10  0
 2  0      0 186140 154476 1948960    0    0     0  4020 10654 16309 17  8 24 51  0
 3  0      0 279744 153460 1893424    0    0    72 52112 4493 5287 25  9 42 23  0
 2  7      0 283372 153460 1901960    0    0  1520     0 6633 9786 40  9 14 37  0
 2  0      0 440716 153468 1913708    0    0  7684   704 4551 5136 27  5 48 20  0
 1  0      0 982536 153468 1918076    0    0     0     0 4227 5716 18  7 74  0  0
procs -----------memory---------- ---swap-- -----io---- -system-- ------cpu-----
 r  b   swpd   free   buff  cache   si   so    bi    bo   in   cs us sy id wa st
 0  0      0 965000 153468 1921972    0    0     0     0 3655 4847 15  3 82  0  0
 2  0      0 878728 153468 1926468    0    0     0    36 3951 5128 13  3 84  0  0
 1  0      0 823348 153472 1934808    0    0     0   120 4746 5889 13  3 84  1  0
 1  1      0 685928 153472 1943676    0    0     0  1472 9044 13182 18 10 67  6  0
 2  0      0 2555052 153492 1958960    0    0  5216   880 8637 13827 24 13 60  2  0
 2  0      0 2865232 153492 1962448    0    0  3268     0 3360 4244 32  5 62  1  0
 2  0      0 2726836 153492 1962876    0    0   172     0 2425 2522 33  3 64  0  0
 2  0      0 2815000 153492 1963296    0    0     0    28 2259 2279 33  3 64  0  0
 1  0      0 3724032 153492 1963604    0    0     0    12 2171 2298 19  9 72  0  0
 2  0      0 3712188 153492 1963740    0    0   208   148 2236 2852 16  3 81  0  0
 1  0      0 3691996 153492 1964140    0    0     0     0 2840 3827 17  3 80  0  0
 1  0      0 3687472 153492 1964316    0    0     0    56 2139 2653 16  2 82  0  0
 1  0      0 3672868 153492 1965468    0    0   984     8 3315 4856 17  3 80  0  0
 1  0      0 3671652 153492 1965700    0    0     0     8 2190 2542 17  2 82  0  0
 1  0      0 3666360 153496 1965860    0    0     0   200 1995 2170 16  3 79  3  0
 1  0      0 3651252 153496 1966140    0    0     0     4 2342 2768 17  3 81  0  0
 1  0      0 3646012 153496 1966172    0    0     0    16 2206 2743 18  2 80  0  0
 2  0      0 3631516 153496 1966288    0    0     0     0 2227 2771 18  3 79  0  0
 1  0      0 3627060 153496 1966460    0    0     0     8 1885 2282 17  2 81  0  0
 1  0      0 3617196 153496 1966644    0    0     0   484 4036 6070 18  3 79  0  0
 1  0      0 3615088 153504 1966832    0    0     0   100 2664 3605 18  3 79  0  0
procs -----------memory---------- ---swap-- -----io---- -system-- ------cpu-----
 r  b   swpd   free   buff  cache   si   so    bi    bo   in   cs us sy id wa st
 1  0      0 3607028 153504 1966908    0    0     0     0 2163 2721 17  3 80  0  0
 1  0      0 3344248 153504 1968428    0    0     0    20 3776 5351 12  8 80  0  0
 0  0      0 3245456 153504 1970060    0    0     0     8 2909 3433 12  4 84  0  0
 1  0      0 3229368 153504 1972284    0    0     0     0 2641 2942 11  2 87  0  0
 0  0      0 3216264 153508 1974676    0    0     0   152 2849 3471 11  4 86  0  0
 1  0      0 3200136 153508 1976752    0    0     0    12 2802 3425 11  3 86  0  0
 0  0      0 3185520 153508 1978764    0    0     0  7240 3081 3671 11  4 85  0  0
 0  0      0 3169448 153508 1980888    0    0     0 11360 3235 4182 11  3 86  0  0
 1  0      0 3161384 153508 1982548    0    0     0     0 2440 2664 13  2 85  0  0
 3  0      0 3187404 153512 1982712    0    0     0   488 2844 3716 18  2 79  0  0
 1  8      0 3203520 153512 1983224    0    0   524 33080 4057 5788 19  4 45 32  0
 2  0      0 3948772 153516 1983128    0    0     0   572 7897 11085  9  5 52 34  0
 4  0      0 3948772 153516 1983140    0    0     0     0 2706 4059  2  2 97  0  0
 1  0      0 3948532 153516 1983152    0    0     0     0 2839 4348  1  2 96  0  0
 1  0      0 3948284 153516 1983160    0    0     0     0 1987 2611  2  2 96  0  0
 1  0      0 3948564 153516 1983164    0    0     0     0 1890 2594  1  2 97  0  0
 1  0      0 3949268 153520 1983168    0    0     0   204 1927 2635  2  3 95  0  0
 1  0      0 3949072 153520 1983176    0    0     0     0 1967 2568  2  2 96  0  0
 1  0      0 3949244 153520 1983184    0    0     0     0 1549 2000  1  2 98  0  0
 1  0      0 3948844 153520 1983188    0    0     0     0 2809 4129  3  3 95  0  0
 1  0      0 3948844 153520 1983192    0    0     0     0 3008 4787  2  2 96  0  0
procs -----------memory---------- ---swap-- -----io---- -system-- ------cpu-----
 r  b   swpd   free   buff  cache   si   so    bi    bo   in   cs us sy id wa st
 1  0      0 3948844 153524 1983196    0    0     0    48 1651 2148  1  2 97  0  0
 1  0      0 3948776 153524 1983208    0    0     0    16 1589 2064  1  1 98  0  0
 1  0      0 3948864 153524 1983212    0    0     0     0 1717 2382  1  2 97  0  0
 2  0      0 3948612 153524 1983216    0    0     0     0 1939 2513  1  2 97  0  0
 1  0      0 3948612 153524 1983220    0    0     0     0 1936 2748  1  2 97  0  0
 1  0      0 3948612 153528 1983224    0    0     0    64 2105 2799  3  3 94  0  0
 3  0      0 3948612 153528 1983232    0    0     0     4 1902 2673  1  2 97  0  0
 1  0      0 3948364 153528 1983240    0    0     0    24 4234 6589  3  3 94  0  0
 1  0      0 3948616 153528 1983244    0    0     0     0 6438 9953  3  4 93  0  0
 3  0      0 3948616 153528 1983256    0    0     0     0 2836 4373  1  3 96  0  0
 1  0      0 3948376 153528 1983260    0    0     0    76 1628 2138  1  2 97  0  0
 1  0      0 3948376 153528 1983268    0    0     0     0 1550 2100  1  1 98  0  0
 1  0      0 3948376 153528 1983272    0    0     0    20 1872 2466  1  2 97  0  0
 1  0      0 3948656 153528 1983280    0    0     0    16 1918 2436  1  2 97  0  0
 1  0      0 3948656 153528 1983284    0    0     0   124 1802 2320  1  2 97  0  0
 1  0      0 3948656 153528 1983288    0    0     0    72 1896 2491  2  4 94  0  0
 1  0      0 3948656 153528 1983296    0    0     0     4 1539 1950  1  2 98  0  0
 1  0      0 3948432 153528 1983304    0    0     0     0 1472 1830  1  2 98  0  0
 1  0      0 3948712 153528 1983308    0    0     0     4 3050 4443  3  3 95  0  0
 1  0      0 3948712 153528 1983316    0    0     0    20 3341 5241  4  4 92  0  0
 1  0      0 3948712 153528 1983320    0    0     0   172 1992 2766  1  2 97  0  0
procs -----------memory---------- ---swap-- -----io---- -system-- ------cpu-----
 r  b   swpd   free   buff  cache   si   so    bi    bo   in   cs us sy id wa st
 2  0      0 3948712 153528 1983328    0    0     0     0 2594 3907  2  2 97  0  0
 1  0      0 3948712 153528 1983332    0    0     0     8 2647 3766  2  2 96  0  0
 1  0      0 3948236 153528 1983336    0    0     0     0 1989 2577  1  2 97  0  0
 1  0      0 3947988 153528 1983344    0    0     0     4 1748 2396  1  1 98  0  0
 1  0      0 3947988 153532 1983352    0    0     0   136 1807 2277  3  3 94  0  0
 1  0      0 3947988 153532 1983364    0    0     0    28 1486 1826  1  1 98  0  0
 1  0      0 3947988 153532 1983368    0    0     0     8 1603 2053  1  1 98  0  0
 1  0      0 3947736 153532 1983372    0    0     0     0 2922 4342  2  3 95  0  0
 1  0      0 3947736 153536 1983368    0    0     0   120 3285 5201  2  3 95  0  0
 1  0      0 3947736 153536 1983388    0    0     0     0 1597 2000  3  2 96  0  0
 1  0      0 3947736 153536 1983392    0    0     0    24 1507 1971  1  2 98  0  0
 2  0      0 3947736 153536 1983396    0    0     0    32 2030 2824  1  2 97  0  0
 1  0      0 3947484 153536 1983404    0    0     0     0 1932 2587  1  3 97  0  0
 1  0      0 3947484 153536 1983404    0    0     0    92 1675 2110  1  2 97  0  0
 1  0      0 3947484 153536 1983408    0    0     0     4 1939 2675  2  3 94  0  0
 2  0      0 3947260 153536 1983516    0    0    96     0 3680 5810  2  3 94  0  0
 1  0      0 3947260 153536 1983524    0    0     0    20 1889 2576  1  2 97  0  0
 1  0      0 3947012 153536 1983528    0    0     0    36 3295 5047  3  2 95  0  0
 1  0      0 3947012 153536 1983532    0    0     0    56 3070 4771  3  3 94  0  0
 1  0      0 3947012 153536 1983540    0    0     0    40 1861 2314  1  2 96  1  0
 1  0      0 3947012 153536 1983552    0    0     0     4 1410 1765  1  2 98  0  0
