2026-06-27 00:41:47.334 procs -----------memory---------- ---swap-- -----io---- -system-- ------cpu-----
2026-06-27 00:41:47.337 r  b   swpd   free   buff  cache   si   so    bi    bo   in   cs us sy id wa st
2026-06-27 00:41:47.340 4  0      0 3601896 179740 2241268    0    0     3     3   20   14  1  1 98  0  0
2026-06-27 00:41:48.336 0  0      0 3600384 179740 2241308    0    0     0     0 4454 7216  5  4 91  0  0
2026-06-27 00:41:49.337 0  0      0 3600384 179740 2241308    0    0     0     0 2761 4252  1  2 97  0  0
2026-06-27 00:41:50.337 0  0      0 3600144 179740 2241308    0    0     0    36 2858 4100  0  2 98  0  0
2026-06-27 00:41:51.339 0  0      0 3600144 179740 2241316    0    0     0     0 3205 4856  1  2 97  0  0
2026-06-27 00:41:52.340 0  0      0 3600144 179740 2241316    0    0     0     0 3081 4417  1  2 97  0  0
2026-06-27 00:41:53.340 0  0      0 3600144 179740 2241320    0    0     0     0 4421 6944  2  4 94  0  0
2026-06-27 00:41:54.342 0  0      0 3599904 179740 2241320    0    0     0    24 2750 3918  1  3 97  0  0
2026-06-27 00:41:55.342 0  0      0 3599664 179740 2241328    0    0     0    32 2852 4143  2  2 96  0  0
2026-06-27 00:41:56.344 0  0      0 3599664 179740 2241328    0    0     0     0 2895 4168  1  2 97  0  0
2026-06-27 00:41:57.345 1  0      0 3599664 179740 2241328    0    0     0     0 3245 5024  1  3 95  0  0
2026-06-27 00:41:58.346 0  0      0 3599424 179740 2241332    0    0     0     0 3334 5145  2  3 95  0  0
2026-06-27 00:41:59.346 0  0      0 3599424 179740 2241336    0    0     0    28 2951 4455  2  2 95  0  0
2026-06-27 00:42:00.348 0  0      0 3599424 179740 2241336    0    0     0    92 2584 3910  1  2 97  0  0
2026-06-27 00:42:01.349 0  0      0 3599424 179740 2241360    0    0     0   148 4782 7600  4  4 92  0  0
2026-06-27 00:42:02.350 2  0      0 3579092 179744 2241396    0    0     0  1112 10282 16923 10 13 74  2  0
2026-06-27 00:42:03.350 1  0      0 3585752 179744 2243116    0    0     0   672 8397 13978 10 12 77  1  0
2026-06-27 00:42:04.351 2  0      0 3470080 179744 2243164    0    0     0     0 3351 4659 15  4 81  0  0
2026-06-27 00:42:05.352 2  0      0 3389260 179744 2243280    0    0     0     0 3042 4231 16  4 81  0  0
2026-06-27 00:42:06.352 2  0      0 3383980 179744 2243456    0    0     0   628 2958 4069 16  3 80  1  0
2026-06-27 00:42:07.353 2  0      0 3369880 179744 2243620    0    0     0    60 2974 4350 17  3 80  0  0
2026-06-27 00:42:08.353 procs -----------memory---------- ---swap-- -----io---- -system-- ------cpu-----
2026-06-27 00:42:08.356 r  b   swpd   free   buff  cache   si   so    bi    bo   in   cs us sy id wa st
2026-06-27 00:42:08.358 3  0      0 3349468 179744 2243844    0    0     0   168 3181 4604 17  3 80  0  0
2026-06-27 00:42:09.354 2  0      0 3344720 179744 2243892    0    0     0     0 2984 4384 17  2 81  0  0
2026-06-27 00:42:10.354 2  0      0 3339188 179744 2244088    0    0     0     4 2779 3915 17  2 81  0  0
2026-06-27 00:42:11.355 3  0      0 3320048 179744 2244176    0    0     0     0 3033 4386 17  3 80  0  0
2026-06-27 00:42:12.355 2  0      0 3320048 179744 2244304    0    0     0    16 2523 3479 17  3 81  0  0
2026-06-27 00:42:13.356 6  0      0 3312752 179752 2244384    0    0     0   232 5721 8948 20  7 73  0  0
2026-06-27 00:42:14.356 2  0      0 3278724 179756 2244908    0    0     0  1084 9856 16770 25 12 61  2  0
2026-06-27 00:42:15.357 3  0      0 3259364 179756 2246724    0    0     0   640 6144 9633 26 11 63  1  0
2026-06-27 00:42:16.358 3  0      0 3117868 179756 2247112    0    0     0     0 3328 4715 32  5 63  0  0
2026-06-27 00:42:17.358 4  0      0 3057964 179756 2247432    0    0     0     0 3259 4260 31  5 63  0  0
2026-06-27 00:42:18.359 4  0      0 3026044 179756 2247528    0    0     0     0 3684 5143 33  5 63  0  0
2026-06-27 00:42:19.359 4  0      0 2570048 179756 2261400    0    0     0     8 8717 10176 26 10 63  1  0
2026-06-27 00:42:20.360 3  0      0 2478116 179756 2264244    0    0     0   228 4588 6092 26  6 68  1  0
2026-06-27 00:42:21.360 3  0      0 2449896 179756 2267592    0    0     0     0 4862 6590 27  5 68  0  0
2026-06-27 00:42:22.361 5  0      0 2426716 179756 2271652    0    0     0    56 4724 6018 27  4 69  0  0
2026-06-27 00:42:23.362 2  0      0 2397920 179756 2275264    0    0     0     0 5302 7502 26  5 68  0  0
2026-06-27 00:42:24.362 3  0      0 2380788 179756 2278340    0    0     0     0 4333 5641 27  4 68  0  0
2026-06-27 00:42:25.363 3  0      0 2354312 179756 2281744    0    0     0   220 4371 5741 26  5 69  1  0
2026-06-27 00:42:26.364 4  0      0 2335828 179756 2284996    0    0     0     0 4425 5818 27  4 69  0  0
2026-06-27 00:42:27.364 3  0      0 2308480 179756 2288640    0    0     0    16 4522 5800 26  4 69  0  0
2026-06-27 00:42:28.365 3  0      0 2290836 179756 2291996    0    0     0     0 5301 7268 28  5 66  0  0
2026-06-27 00:42:29.366 procs -----------memory---------- ---swap-- -----io---- -system-- ------cpu-----
2026-06-27 00:42:29.368 r  b   swpd   free   buff  cache   si   so    bi    bo   in   cs us sy id wa st
2026-06-27 00:42:29.370 9  1      0 2226528 179756 2298644    0    0     0     0 5111 6535 31  5 63  1  0
2026-06-27 00:42:30.366 3  0      0 1798224 179756 2305912    0    0     0   156 5405 6227 27  8 64  1  0
2026-06-27 00:42:31.367 2  0      0 2554080 179756 2309988    0    0     0     0 4312 5697 17 11 72  0  0
2026-06-27 00:42:32.367 2  0      0 2539552 179756 2316596    0    0     0    16 3627 4938 13  3 84  0  0
2026-06-27 00:42:33.368 1  0      0 2486608 179756 2321540    0    0     0 10004 5141 7155 12  4 84  0  0
2026-06-27 00:42:34.368 2  0      0 2476612 179756 2325556    0    0     0   784 4037 5229 11  3 86  0  0
2026-06-27 00:42:35.369 2  0      0 2424660 179756 2330880    0    0     0   144 4224 5531 12  4 84  1  0
2026-06-27 00:42:36.370 3  0      0 2383660 179756 2333596    0    0     0     0 3325 4390 15  3 82  0  0
2026-06-27 00:42:37.370 2  1      0 2380724 179756 2337884    0    0     0    16 3454 4617 15  3 82  0  0
2026-06-27 00:42:38.371 2  0      0 2265480 179756 2346096    0    0     0     0 4834 6628 14  5 80  0  0
2026-06-27 00:42:39.372 2  0      0 2163532 179756 2357464    0    0     0     0 3576 4759 13  3 84  0  0
2026-06-27 00:42:40.372 2  0      0 2087548 179756 2363260    0    0     0    84 3585 4677 13  4 83  0  0
2026-06-27 00:42:41.373 2  0      0 2000836 179756 2368872    0    0     0     0 3562 4684 14  4 82  0  0
2026-06-27 00:42:42.373 2  0      0 1891660 179756 2379388    0    0     0    12 4474 5716 13  4 82  0  0
2026-06-27 00:42:43.374 2  0      0 1780228 179756 2387576    0    0     0     0 4465 6273 15  4 81  0  0
2026-06-27 00:42:44.373 2  0      0 1660116 179756 2393624    0    0     0     0 3262 4188 14  3 83  0  0
2026-06-27 00:42:45.375 2  0      0 1491104 179756 2400832    0    0     0    72 4421 6066 15  5 81  0  0
2026-06-27 00:42:46.376 2  0      0 1431864 179756 2410480    0    0     0     0 3979 4998 14  4 80  1  0
2026-06-27 00:42:47.376 2  0      0 1330068 179756 2418560    0    0     0     0 3123 4248 14  3 83  0  0
2026-06-27 00:42:48.377 2  0      0 1266796 179756 2426504    0    0     0    16 4260 5829 15  5 81  0  0
2026-06-27 00:42:49.377 2  0      0 1097292 179756 2436424    0    0     0     4 4168 5123 14  4 81  1  0
2026-06-27 00:42:50.377 procs -----------memory---------- ---swap-- -----io---- -system-- ------cpu-----
2026-06-27 00:42:50.380 r  b   swpd   free   buff  cache   si   so    bi    bo   in   cs us sy id wa st
2026-06-27 00:42:50.383 2  0      0 1064132 179760 2445316    0    0     0    88 3415 4557 14  4 82  0  0
2026-06-27 00:42:51.378 2  0      0 924332 179760 2451260    0    0     0     0 3941 5297 14  4 81  0  0
2026-06-27 00:42:52.379 4  0      0 826904 179760 2458508    0    0     0     0 3128 4064 14  4 82  0  0
2026-06-27 00:42:53.380 2  0      0 713324 179760 2464632    0    0     0    12 4715 6787 15  5 80  0  0
2026-06-27 00:42:54.380 2  0      0 583972 179760 2471704    0    0     0  6052 4205 5438 14  4 82  0  0
2026-06-27 00:42:55.381 2  0      0 448360 179760 2476896    0    0     0   320 3357 4522 14  4 82  1  0
2026-06-27 00:42:56.382 2  0      0 360892 179760 2483652    0    0     0     0 3480 4394 14  7 79  0  0
2026-06-27 00:42:57.381 1  0      0 377512 179760 2491004    0    0     0     0 4054 5271 13  4 83  0  0
2026-06-27 00:42:58.383 2  0      0 341988 179760 2495384    0    0     0    16 4761 6676 13  4 82  0  0
2026-06-27 00:42:59.383 2  0      0 336568 179760 2499340    0    0     0 66648 4026 5355 14  4 77  5  0
2026-06-27 00:43:00.384 1  3      0 334832 179760 2500808    0    0     0   372 3442 4686 12  2 76 10  0
2026-06-27 00:43:01.384 2  0      0 309460 179760 2503220    0    0     0     4 4641 6423  5  4 52 40  0
2026-06-27 00:43:02.385 1  0      0 231220 179760 2507932    0    0     0     0 3904 5127 14  5 81  0  0
2026-06-27 00:43:03.386 4  0      0 188728 179760 2516492    0    0     0    12 5026 6520 12  5 82  1  0
2026-06-27 00:43:04.387 2  0      0 104632 179460 2511080    0    0     0 53220 5674 7962 12  6 81  0  0
2026-06-27 00:43:05.387 2  2      0 175532 179340 2455600    0    0     0   120 3315 4696 13  6 76  5  0
2026-06-27 00:43:06.389 1  7      0 220652 179340 2455484    0    0     0   516 3694 5014  1  3 40 55  0
2026-06-27 00:43:07.387 2  0      0 2223432 179340 2457208    0    0     0    28 4426 6021 13  4 68 15  0
2026-06-27 00:43:08.390 3  0      0 2220668 179340 2457292    0    0     0    16 4341 6694 22  6 73  0  0
