2026-06-27 00:41:47.613 procs -----------memory---------- ---swap-- -----io---- -system-- ------cpu-----
2026-06-27 00:41:47.615 r  b   swpd   free   buff  cache   si   so    bi    bo   in   cs us sy id wa st
2026-06-27 00:41:47.618 2  0      0 3704916  79020 2726536    0    0   106    15  210  239  1  1 98  0  0
2026-06-27 00:41:48.614 2  0      0 3697876  79020 2726660    0    0     0     0 3748 4887  6  8 86  0  0
2026-06-27 00:41:49.614 1  0      0 3697624  79020 2726660    0    0     0     0 1525 1726  1  1 98  0  0
2026-06-27 00:41:50.614 2  0      0 3697624  79020 2726660    0    0     0     0 1606 1744  0  2 98  0  0
2026-06-27 00:41:51.614 1  0      0 3697376  79020 2726660    0    0     0     0 1367 1298  1  1 98  0  0
2026-06-27 00:41:52.615 1  0      0 3697128  79028 2726660    0    0     0    48 1278 1172  0  1 99  0  0
2026-06-27 00:41:53.615 1  0      0 3697128  79028 2726660    0    0     0     8 1508 1668  0  1 99  0  0
2026-06-27 00:41:54.616 1  0      0 3696876  79028 2726660    0    0     0     0 2065 2805  1  2 98  0  0
2026-06-27 00:41:55.617 1  0      0 3696876  79028 2726660    0    0     0     0 1644 1826  1  1 98  0  0
2026-06-27 00:41:56.617 1  0      0 3696876  79028 2726660    0    0     0     0 1458 1781  1  1 99  0  0
2026-06-27 00:41:57.618 1  0      0 3696876  79028 2726660    0    0     0     8 1123 1130  1  1 98  0  0
2026-06-27 00:41:58.618 1  0      0 3696876  79036 2726660    0    0     0    40 1291 1423  1  1 98  0  0
2026-06-27 00:41:59.619 1  0      0 3695164  79052 2726688    0    0     0   144 3162 4408  2  3 94  0  0
2026-06-27 00:42:00.619 1  0      0 3664556  79072 2727012    0    0     0   976 8860 14804  7 10 80  3  0
2026-06-27 00:42:01.619 1  0      0 3643224  79100 2728652    0    0     0   580 3980 5581 14  6 80  1  0
2026-06-27 00:42:02.620 1  0      0 3478020  79100 2728764    0    0     0     0 1286 1069 15  3 83  0  0
2026-06-27 00:42:03.620 1  0      0 3466648  79116 2729024    0    0     0   724 3958 4876 18  5 77  0  0
2026-06-27 00:42:04.620 6  0      0 3429964  79156 2731144    0    0     0  1508 9781 16526 24 13 61  3  0
2026-06-27 00:42:05.621 2  0      0 3294884  79164 2731708    0    0     0    44 2986 3929 32  5 63  0  0
2026-06-27 00:42:06.621 2  0      0 3204904  79164 2731868    0    0     0     0 1877 2105 32  3 65  0  0
2026-06-27 00:42:07.622 2  0      0 3190652  79184 2732308    0    0     0   268 3684 4468 33  4 62  1  0
2026-06-27 00:42:08.621 procs -----------memory---------- ---swap-- -----io---- -system-- ------cpu-----
2026-06-27 00:42:08.622 r  b   swpd   free   buff  cache   si   so    bi    bo   in   cs us sy id wa st
2026-06-27 00:42:08.623 10  0      0 3135596  79224 2734808    0    0     0  1560 7648 13323 40 13 44  3  0
2026-06-27 00:42:09.623 3  0      0 3074136  79232 2735576    0    0     0    72 3323 4103 47  6 47  0  0
2026-06-27 00:42:10.622 6  0      0 2899380  79232 2735848    0    0     0     8 2267 2055 48  5 48  0  0
2026-06-27 00:42:11.624 3  0      0 2875968  79232 2736500    0    0     0     4 2173 1849 48  3 49  0  0
2026-06-27 00:42:12.625 5  0      0 2839600  79232 2737264    0    0     0     0 1976 1400 48  3 49  0  0
2026-06-27 00:42:13.625 5  0      0 2801056  79232 2737764    0    0     0   852 2280 1938 48  4 49  0  0
2026-06-27 00:42:14.626 4  0      0 2772372  79232 2738184    0    0     0     0 2163 1775 49  3 48  0  0
2026-06-27 00:42:15.626 5  0      0 2754240  79244 2738752    0    0     0   172 3050 3709 49  3 47  0  0
2026-06-27 00:42:16.625 3  1      0 2653352  79244 2750904    0    0     0    32 6954 7368 46  6 47  1  0
2026-06-27 00:42:17.627 2  0      0 2336196  79260 2755140    0    0     0   224 4009 3593 42  6 51  1  0
2026-06-27 00:42:18.626 3  0      0 2290800  79260 2761036    0    0     0    32 3900 3980 42  5 53  1  0
2026-06-27 00:42:19.628 5  0      0 2258036  79260 2766832    0    0     0     0 4142 4123 42  4 54  0  0
2026-06-27 00:42:20.628 5  0      0 2183012  79260 2773004    0    0     0     0 4134 4289 42  5 53  1  0
2026-06-27 00:42:21.629 3  0      0 1740728  79260 2796356    0    0  5156     0 9412 9856 31 11 54  3  0
2026-06-27 00:42:22.629 5  0      0 1499512  79268 2806844    0    0   852   188 5671 5718 37  6 56  2  0
2026-06-27 00:42:23.630 3  0      0 1477088  79268 2815252    0    0     0  5724 3754 3562 43  4 53  0  0
2026-06-27 00:42:24.630 3  0      0 1430436  79268 2820140    0    0     0     0 3145 2965 44  3 53  1  0
2026-06-27 00:42:25.631 1  0      0 1808596  79268 2839540    0    0     0     0 9803 11089 28 12 58  2  0
2026-06-27 00:42:26.631 1  1      0 1735472  79268 2851640    0    0     0     0 5905 6731 26  4 69  1  0
2026-06-27 00:42:27.632 1  0      0 1614048  79276 2859760    0    0     0   152 4421 4696 27  4 68  1  0
2026-06-27 00:42:28.632 1  0      0 1551748  79276 2868772    0    0     0     0 4501 4563 28  4 67  1  0
2026-06-27 00:42:29.632 procs -----------memory---------- ---swap-- -----io---- -system-- ------cpu-----
2026-06-27 00:42:29.635 r  b   swpd   free   buff  cache   si   so    bi    bo   in   cs us sy id wa st
2026-06-27 00:42:29.638 2  0      0 1433628  79276 2879620    0    0     0  9492 5023 5631 27  4 68  1  0
2026-06-27 00:42:30.632 1  0      0 1392716  79276 2884864    0    0     0    24 3198 3563 30  2 68  0  0
2026-06-27 00:42:31.634 0  0      0 1979740  79276 2890812    0    0     0 13992 2886 2817 25  5 70  0  0
2026-06-27 00:42:32.634 0  0      0 1879300  79284 2898384    0    0     0   164 2692 2448 14  2 83  1  0
2026-06-27 00:42:33.634 1  0      0 1773688  79284 2907504    0    0     0     0 2669 2447 13  3 84  1  0
2026-06-27 00:42:34.634 2  0      0 1672244  79284 2917204    0    0     0 39720 2924 3057 14  3 82  0  0
2026-06-27 00:42:35.635 1  0      0 1538436  79284 2925192    0    0     0     0 4107 4780 15  3 81  1  0
2026-06-27 00:42:36.636 1  0      0 1403268  79284 2933120    0    0     0    24 2995 3209 14  3 83  1  0
2026-06-27 00:42:37.636 1  0      0 1312464  79292 2944876    0    0     0   192 3146 3358 13  4 83  1  0
2026-06-27 00:42:38.637 1  0      0 1237552  79292 2952712    0    0     0     0 2588 2616 16  2 81  0  0
2026-06-27 00:42:39.637 1  0      0 1087760  79292 2961464    0    0     0     0 3090 2975 14  3 83  0  0
2026-06-27 00:42:40.638 0  0      0 1038152  79292 2972752    0    0     0     0 3411 3268 13  3 83  1  0
2026-06-27 00:42:41.638 2  0      0 851172  79292 2978700    0    0     0    40 2885 2686 14  2 84  0  0
2026-06-27 00:42:42.639 1  0      0 754416  79300 2987012    0    0     0    60 2092 2105 14  2 83  0  0
2026-06-27 00:42:43.640 1  0      0 617648  79300 2994308    0    0     0     0 2641 2604 14  2 84  1  0
2026-06-27 00:42:44.640 1  0      0 458292  79300 3000244    0    0     0     0 3137 3351 14  3 83  0  0
2026-06-27 00:42:45.641 1  0      0 376836  79300 3006568    0    0     0   552 4007 5001 13  6 80  0  0
2026-06-27 00:42:46.641 1  0      0 253488  79300 3014708    0    0     0    36 3363 3780 14  3 82  1  0
2026-06-27 00:42:47.641 1  0      0 273852  79308 3021208    0    0     0    52 2259 2148 13  2 84  0  0
2026-06-27 00:42:48.642 0  0      0 243460  79308 3026016    0    0     0     0 2660 2736 14  2 84  0  0
2026-06-27 00:42:49.642 1  0      0 239764  79308 3029124    0    0     0     0 2313 2400 14  2 84  0  0
2026-06-27 00:42:50.643 procs -----------memory---------- ---swap-- -----io---- -system-- ------cpu-----
2026-06-27 00:42:50.645 r  b   swpd   free   buff  cache   si   so    bi    bo   in   cs us sy id wa st
2026-06-27 00:42:50.647 2  0      0 174416  79308 3034004    0    0     0     0 2972 3003 12  4 84  0  0
2026-06-27 00:42:51.643 1  0      0 115940  79308 3041280    0    0     0     0 2911 3155 13  2 85  0  0
2026-06-27 00:42:52.644 1  0      0  98376  79316 2999076    0    0     0    36 3204 3076 11  6 83  1  0
2026-06-27 00:42:53.644 1  0      0  90636  79316 2876912    0    0     0     0 2803 2807 12  7 81  0  0
2026-06-27 00:42:54.645 1  0      0 2463732  79316 2879048    0    0   280     0 2152 2346 16  3 81  0  0
2026-06-27 00:42:55.646 1  0      0 2561176  79316 2879080    0    0     0     0 2979 3669 18  2 81  0  0
2026-06-27 00:42:56.646 0  0      0 3457180  79316 2879256    0    0   396     0 2081 2500  4  5 90  0  0
2026-06-27 00:42:57.645 0  0      0 3456940  79324 2880236    0    0   980    88 3009 4071  1  2 96  1  0
2026-06-27 00:42:58.647 0  0      0 3456716  79324 2880236    0    0     0     0 1277 1386  1  2 97  0  0
2026-06-27 00:42:59.648 0  0      0 3456716  79324 2880236    0    0     0     0 1309 1438  1  1 99  0  0
2026-06-27 00:43:00.648 0  0      0 3456384  79324 2880236    0    0     0   296 1632 1862  1  1 97  0  0
2026-06-27 00:43:01.649 0  0      0 3456464  79324 2880252    0    0     0     0 1147 1201  0  1 99  0  0
2026-06-27 00:43:02.649 0  0      0 3456224  79332 2880244    0    0     0    36 1026 1072  0  1 99  0  0
2026-06-27 00:43:03.650 0  0      0 3456224  79332 2880252    0    0     0     0 1103 1111  1  1 99  0  0
2026-06-27 00:43:04.650 1  0      0 3455732  79332 2880252    0    0     0  5560 1207 1257  0  1 98  0  0
2026-06-27 00:43:05.651 0  0      0 3455732  79332 2880268    0    0     0     0 2575 3635  1  2 97  0  0
2026-06-27 00:43:06.651 0  0      0 3455736  79332 2880268    0    0     0     0 1688 2213  1  1 98  0  0
2026-06-27 00:43:07.650 0  0      0 3455736  79332 2880268    0    0     0     0 1134 1156  1  1 99  0  0
2026-06-27 00:43:08.652 0  0      0 3455496  79332 2880268    0    0     0    20 1436 1563  2  2 97  0  0
