procs -----------memory---------- ---swap-- -----io---- -system-- ------cpu-----
 r  b   swpd   free   buff  cache   si   so    bi    bo   in   cs us sy id wa st
 2  0      0 4052084 170804 1790800    0    0     2     7    6   16  1  1 98  0  0
 0  0      0 4053368 170804 1790828    0    0     0     0 5276 8392 10  7 83  0  0
 0  0      0 4053116 170804 1790832    0    0     0    92 2178 2828  1  2 97  0  0
 0  0      0 4053116 170804 1790836    0    0     0     0 1211 1401  0  1 99  0  0
 0  0      0 4053116 170804 1790836    0    0     0     0  968 1087  1  0 99  0  0
 0  0      0 4052868 170804 1790844    0    0     0    28 2179 3143  1  2 97  0  0
 0  0      0 4052868 170804 1790848    0    0     0    20 1499 1926  1  2 98  0  0
 0  0      0 4052868 170804 1790852    0    0     0    60 1763 2317  1  2 97  0  0
 0  0      0 4052868 170804 1790856    0    0     0     0 1096 1195  1  1 99  0  0
 0  0      0 4052868 170804 1790864    0    0     0     0 2381 3526  1  1 98  0  0
 0  0      0 4052868 170804 1790868    0    0     0     0 1208 1324  1  1 98  0  0
 0  0      0 4052868 170804 1790872    0    0     0    20 1381 1603  1  1 98  0  0
 0  0      0 4052868 170804 1790880    0    0     0    68 3084 4639  1  2 96  0  0
 0  0      0 4052868 170804 1790884    0    0     0     0 1262 1505  1  1 99  0  0
 0  0      0 4052868 170804 1790888    0    0     0     0 1319 1532  1  1 98  0  0
 0  0      0 4052868 170804 1790896    0    0     0     0 2124 2969  1  1 98  0  0
 0  0      0 4052868 170804 1790900    0    0     0     8 1642 2106  1  2 97  0  0
 0  0      0 4052868 170804 1790908    0    0     0    68 1664 2109  0  2 98  0  0
 0  0      0 4052868 170804 1790912    0    0     0   124 1357 1469  0  1 98  0  0
 0  0      0 4052868 170804 1790912    0    0     0     0 2124 3032  1  1 98  0  0
 2  0      0 4044676 170804 1790920    0    0     0     0 2647 3751  6  4 90  0  0
procs -----------memory---------- ---swap-- -----io---- -system-- ------cpu-----
 r  b   swpd   free   buff  cache   si   so    bi    bo   in   cs us sy id wa st
 5  0      0 4046352 170804 1790936    0    0     0     0 5326 8520  9  6 84  0  0
 1  0      0 4043028 170804 1790944    0    0     0    68 5334 8472  7  7 86  0  0
 0  0      0 4043028 170804 1790940    0    0     0     8 3165 4717  5  4 91  0  0
 0  0      0 4042788 170804 1790944    0    0     0    32 1338 1647  0  1 99  0  0
 0  0      0 4042804 170804 1790956    0    0     0     8 2166 3210  2  2 97  0  0
 0  0      0 4042804 170804 1790960    0    0     0     0 1695 2229  1  2 97  0  0
 1  0      0 4042048 170804 1790964    0    0     0   104 2594 3800  1  2 97  0  0
 0  0      0 4041796 170804 1790968    0    0     0     0 1352 1626  1  1 98  0  0
 0  0      0 4041796 170804 1790972    0    0     0     8 2415 3552  2  1 97  0  0
 0  0      0 4041796 170804 1790976    0    0     0    24 1277 1539  0  1 99  0  0
 0  0      0 4041796 170804 1790980    0    0     0     0 1372 1705  1  1 98  0  0
 0  0      0 4041332 170804 1790984    0    0     0    56 2052 2713  1  1 97  0  0
 0  0      0 4041332 170804 1790992    0    0     0     8 1636 2106  1  2 98  0  0
 0  0      0 4041332 170804 1790996    0    0     0     0 1106 1211  0  1 99  0  0
 0  0      0 4041084 170804 1791004    0    0     0    36 2154 3122  1  1 98  0  0
 0  0      0 4041084 170804 1791004    0    0     0     0 1517 1869  1  2 97  0  0
 1  0      0 4036488 170804 1791008    0    0     0    84 1746 1955  3  2 96  0  0
 0  0      0 4037368 170804 1791028    0    0     0     8 6447 10446 15  8 77  0  0
 0  0      0 4040688 170804 1791036    0    0     0     4 6065 9853 11  6 83  0  0
 0  0      0 4042676 170804 1791036    0    0     0    28 3045 4555  5  4 92  0  0
 0  0      0 4042436 170804 1791048    0    0     0     8 1444 1848  1  1 98  0  0
procs -----------memory---------- ---swap-- -----io---- -system-- ------cpu-----
 r  b   swpd   free   buff  cache   si   so    bi    bo   in   cs us sy id wa st
 0  0      0 4042436 170804 1791052    0    0     0    68 2800 4156  1  2 97  0  0
 0  0      0 4042436 170804 1791056    0    0     0    20 1601 2016  1  2 98  0  0
 0  0      0 4042212 170804 1791060    0    0     0     0 1724 2145  1  1 98  0  0
 0  0      0 4041964 170804 1791068    0    0     0    32 2065 2966  1  2 98  0  0
 0  0      0 4041964 170804 1791072    0    0     0     0 1441 1766  1  2 97  0  0
 0  0      0 4041964 170804 1791076    0    0     0   160 1362 1622  0  1 98  0  0
 0  0      0 4041964 170804 1791080    0    0     0     0 1464 1844  1  1 98  0  0
 0  0      0 4041964 170804 1791084    0    0     0     8 2345 3374  2  1 97  0  0
 0  0      0 4041964 170804 1791092    0    0     0     0 1180 1373  1  0 99  0  0
 0  0      0 4041964 170804 1791096    0    0     0    24 1285 1543  1  1 98  0  0
 0  0      0 4041964 170804 1791100    0    0     0    64 1367 1687  0  2 98  0  0
 0  0      0 4041964 170804 1791104    0    0     0     8 1631 2140  1  1 98  0  0
 0  0      0 4041208 170804 1791104    0    0     0     4 1345 1472  1  1 98  0  0
 0  0      0 4040988 170804 1791124    0    0     0     0 7212 12066 14  9 77  0  0
 0  0      0 4040024 170804 1791132    0    0     0    24 5997 9846 13  8 79  0  0
 0  0      0 4040024 170804 1791140    0    0     0   124 4324 6906  5  4 91  0  0
 3  0      0 4040024 170804 1791144    0    0     0     0 1428 1582  0  1 98  0  0
 0  0      0 4040024 170804 1791148    0    0     0    16 2194 3068  1  1 98  0  0
 0  0      0 4040532 170804 1791156    0    0     0    12 1442 1862  1  1 98  0  0
 0  0      0 4040532 170804 1791160    0    0     0    32 1325 1628  1  1 98  0  0
 0  0      0 4040532 170804 1791164    0    0     0    80 1913 2536  1  1 98  0  0
procs -----------memory---------- ---swap-- -----io---- -system-- ------cpu-----
 r  b   swpd   free   buff  cache   si   so    bi    bo   in   cs us sy id wa st
 0  0      0 4040292 170804 1791164    0    0     0     4 1672 2275  1  1 98  0  0
 0  0      0 4040052 170804 1791168    0    0     0     0 1226 1445  1  1 98  0  0
 2  0      0 4039804 170804 1791180    0    0     0    20 2095 3031  1  1 98  0  0
 0  0      0 4039804 170804 1791184    0    0     0    20 1520 1890  1  2 97  0  0
 0  0      0 4039804 170808 1791188    0    0     0   140 1530 1886  1  1 98  0  0
 0  0      0 4039552 170808 1791188    0    0     0     0 1366 1675  0  1 98  0  0
 0  0      0 4039552 170808 1791192    0    0     0     4 2397 3489  1  2 97  0  0
 0  0      0 4039552 170808 1791200    0    0     0     0 1199 1336  1  1 99  0  0
 0  0      0 4039552 170808 1791204    0    0     0    36 1388 1644  1  1 98  0  0
 0  0      0 4038672 170808 1791220    0    0     0    64 7345 12145 14 10 76  0  0
 1  0      0 4037544 170808 1791224    0    0     0     0 5905 9629 11  7 81  0  0
 2  0      0 4039308 170808 1791248    0    0     0     0 2822 4164  4  4 92  0  0
 0  0      0 4039060 170808 1791256    0    0     0     4 3326 5134  3  3 94  0  0
 0  0      0 4038852 170808 1791260    0    0     0    44 1794 2280  2  2 97  0  0
 0  0      0 4038852 170812 1791260    0    0     0   136 1810 2201  1  1 97  1  0
 0  0      0 4041096 170812 1791264    0    0     0     0 1600 1886  0  2 98  0  0
 0  0      0 4040856 170812 1791268    0    0     0     0 2346 3508  1  1 98  0  0
 0  0      0 4041116 170812 1791276    0    0     0     0 1113 1215  0  1 99  0  0
 0  0      0 4040876 170812 1791280    0    0     0    28 1518 1861  0  1 99  0  0
 0  0      0 4040908 170812 1791284    0    0     0    68 1730 2243  1  2 97  0  0
 1  0      0 4040908 170812 1791288    0    0     0     8 1468 1764  1  1 98  0  0
procs -----------memory---------- ---swap-- -----io---- -system-- ------cpu-----
 r  b   swpd   free   buff  cache   si   so    bi    bo   in   cs us sy id wa st
 0  0      0 4040908 170812 1791292    0    0     0     0 1379 1712  1  1 98  0  0
 0  0      0 4040908 170812 1791300    0    0     0     0 2174 3167  1  1 98  0  0
 0  0      0 4040908 170812 1791304    0    0     0    24 1515 1873  1  2 97  0  0
 0  0      0 4040908 170812 1791308    0    0     0   116 2588 3732  1  2 97  0  0
 0  0      0 4040908 170812 1791308    0    0     0     0 1334 1573  0  1 99  0  0
 0  0      0 4042568 170812 1791328    0    0     0     8 6970 11628 15  8 77  0  0
 0  0      0 4040528 170812 1791356    0    0     0     0 5050 8206 11  7 83  0  0
 1  0      0 4042356 170812 1791372    0    0     0    32 2505 3708  4  3 93  0  0
 0  0      0 4041876 170812 1791388    0    0     0    64 3183 4792  3  3 93  0  0
 0  0      0 4041876 170812 1791392    0    0     0     8 1472 1781  1  1 98  0  0
 0  0      0 4041876 170812 1791396    0    0     0    16 1309 1529  0  1 99  0  0
 0  0      0 4041636 170812 1791404    0    0     0    12 2160 3113  1  2 98  0  0
 0  0      0 4041636 170812 1791408    0    0     0     0 1492 1802  1  1 98  0  0
 0  0      0 4041636 170816 1791408    0    0     0   184 1570 1860  1  1 98  0  0
 1  0      0 4041636 170816 1791416    0    0     0     4 1508 1837  0  2 98  0  0
 0  0      0 4041396 170816 1791420    0    0     0     4 2468 3564  2  2 97  0  0
 0  0      0 4041396 170816 1791428    0    0     0     0 1045 1121  0  1 99  0  0
 0  0      0 4041396 170816 1791428    0    0     0   120 1292 1590  0  1 98  0  0
 0  0      0 4041396 170816 1791432    0    0     0    20 2444 3558  1  2 97  0  0
 0  0      0 4041396 170816 1791436    0    0     0     8 1422 1736  1  1 98  0  0
 0  0      0 4041172 170816 1791440    0    0     0     0 1709 2214  1  1 98  0  0
procs -----------memory---------- ---swap-- -----io---- -system-- ------cpu-----
 r  b   swpd   free   buff  cache   si   so    bi    bo   in   cs us sy id wa st
 0  0      0 4041172 170816 1791448    0    0     0     4 2084 3000  1  2 97  0  0
 1  0      0 4040684 170816 1791460    0    0     0    64 4788 7341  9  7 84  0  0
 5  0      0 4038152 170816 1791468    0    0     0   104 5793 9058 11  7 82  0  0
 1  0      0 4041368 170816 1791476    0    0     0     0 3604 5488  5  4 90  0  0
 0  0      0 4043564 170816 1791476    0    0     0     8 4003 6364  5  4 91  0  0
 0  0      0 4043564 170816 1791484    0    0     0     0 1140 1261  0  1 99  0  0
 0  0      0 4043564 170816 1791484    0    0     0    12 1438 1825  0  1 99  0  0
 0  0      0 4043564 170816 1791488    0    0     0    96 1696 2232  1  1 98  0  0
 0  0      0 4043564 170816 1791492    0    0     0     8 1476 1849  0  1 99  0  0
 0  0      0 4043564 170816 1791500    0    0     0     8 1149 1301  0  1 99  0  0
 0  0      0 4043316 170816 1791508    0    0     0     0 2083 2988  1  2 98  0  0
 0  0      0 4043316 170816 1791508    0    0     0     0 1632 2051  2  2 96  0  0
 0  0      0 4043316 170820 1791516    0    0     0   104 2592 3860  2  2 97  0  0
 0  0      0 4043316 170820 1791516    0    0     0     0 1518 1888  1  2 98  0  0
 0  0      0 4043316 170820 1791520    0    0     0     8 1586 2074  1  1 98  0  0
 0  0      0 4043316 170820 1791528    0    0     0     4 1250 1493  1  1 98  0  0
 0  0      0 4043316 170820 1791532    0    0     0     0 1194 1404  0  1 99  0  0
 0  0      0 4043316 170828 1791540    0    0     0   120 1933 2468  1  1 98  0  0
 0  0      0 4043316 170828 1791544    0    0     0     4 1485 1823  1  2 98  0  0
 0  0      0 4043316 170828 1791544    0    0     0     0 1118 1249  0  1 99  0  0
 1  0      0 4047784 170828 1791556    0    0     0    20 6135 10061 13  8 79  0  0
procs -----------memory---------- ---swap-- -----io---- -system-- ------cpu-----
 r  b   swpd   free   buff  cache   si   so    bi    bo   in   cs us sy id wa st
 1  0      0 4041668 170828 1791568    0    0     0     0 5319 8448 11  7 82  0  0
 4  0      0 4041668 170832 1791580    0    0     0    92 2478 3522  2  2 95  0  0
 0  0      0 4043688 170832 1791580    0    0     0     0 3362 5190  6  4 91  0  0
 0  0      0 4045548 170832 1791584    0    0     0     4 2247 3293  1  1 97  0  0
 0  0      0 4045324 170832 1791592    0    0     0    20 1300 1404  0  1 99  0  0
 1  0      0 4045324 170832 1791596    0    0     0     8 1425 1734  0  1 99  0  0
 0  0      0 4045084 170832 1791604    0    0     0   164 2814 4173  2  2 95  0  0
 0  0      0 4045084 170832 1791608    0    0     0     0 1483 1857  1  1 98  0  0
 0  0      0 4045084 170832 1791616    0    0     0     0 1293 1549  1  1 98  0  0
 2  0      0 4044836 170832 1791620    0    0     0     8 2237 3294  1  2 97  0  0
 0  0      0 4044836 170832 1791624    0    0     0     4 1540 1899  1  2 97  0  0
 0  0      0 4044836 170832 1791628    0    0     0    64 1482 1834  1  1 98  0  0
 0  0      0 4044836 170832 1791632    0    0     0    24 1653 2109  1  2 98  0  0
 2  0      0 4039732 170832 1791648    0    0     0     0 5561 8928 12  6 82  0  0
 1  0      0 4025444 170832 1791608    0    0     0     0 5691 9243 10  8 82  0  0
 2  0      0 4035312 170832 1791608    0    0     0    12 3245 5045  5  4 91  0  0
 0  0      0 4039096 170832 1791632    0    0     0   192 4605 6790  6  5 88  1  0
 3  0      0 4009112 170832 1793364    0    0     0  1480 9027 15254  9 12 75  4  0
 1  0      0 3915524 170832 1793936    0    0     0    88 2990 4053 15  3 82  0  0
 1  0      0 3821856 170832 1794036    0    0     0     0 2656 3757 16  4 81  0  0
 1  0      0 3812292 170832 1794296    0    0     0     8 1997 2431 17  3 79  0  0
procs -----------memory---------- ---swap-- -----io---- -system-- ------cpu-----
 r  b   swpd   free   buff  cache   si   so    bi    bo   in   cs us sy id wa st
 1  0      0 3792912 170832 1794608    0    0     0   496 3016 4095 17  2 81  0  0
 1  0      0 3777288 170832 1794740    0    0     0     4 1901 2238 16  3 81  0  0
 1  0      0 3767476 170832 1794908    0    0     0   184 2226 2849 17  2 81  0  0
 1  0      0 3757156 170832 1794984    0    0     0    32 1808 1762 17  1 82  0  0
 1  0      0 3750856 170832 1795192    0    0     0     0 1834 1847 17  1 82  0  0
 1  0      0 3738684 170832 1795308    0    0     0     4 2082 2071 16  2 82  0  0
 1  0      0 3732304 170832 1795464    0    0     0     4 6184 10616 30 11 60  0  0
 3  0      0 3718480 170832 1795556    0    0     0   120 5905 9986 28  8 64  0  0
 2  1      0 3711568 170832 1795692    0    0     0   128 4024 6197 21  4 74  0  0
 2  0      0 3686184 170836 1796220    0    0     0  1000 9753 16376 26 12 59  3  0
 2  0      0 3669172 170836 1798368    0    0     0   576 4236 6032 29  7 64  1  0
 2  0      0 3490072 170836 1798580    0    0     0     8 2601 2647 32  4 65  0  0
 2  0      0 3016324 170836 1812644    0    0     0     4 9181 10323 26  9 63  2  0
 2  0      0 2902704 170836 1815816    0    0     0     0 3344 3204 26  4 70  0  0
 7  0      0 2869704 170836 1819228    0    0     0  1700 4017 4575 26  4 70  0  0
 1  0      0 2840528 170836 1823004    0    0     0   232 4758 5840 27  4 68  1  0
 2  0      0 2817872 170836 1826316    0    0     0    12 3702 3825 27  4 69  1  0
 2  0      0 2798164 170836 1829828    0    0     0     0 3791 3848 26  4 70  0  0
 1  1      0 2774016 170836 1833432    0    0     0     4 4315 5213 27  3 70  0  0
 1  0      0 2746600 170836 1836544    0    0     0     0 3700 4050 26  5 69  0  0
 3  0      0 2725016 170840 1840204    0    0     0   216 5635 7709 33  6 60  1  0
procs -----------memory---------- ---swap-- -----io---- -system-- ------cpu-----
 r  b   swpd   free   buff  cache   si   so    bi    bo   in   cs us sy id wa st
 3  0      0 2687608 170840 1843692    0    0     0     4 5978 9597 36  9 55  0  0
 2  0      0 2680144 170840 1843852    0    0     0     0 3401 6498 39  5 56  0  0
 1  0      0 3631856 170840 1843964    0    0     0     0 3941 5685 31 11 58  0  0
 4  0      0 3624084 170840 1844084    0    0     0     4 1781 2066 16  2 82  0  0
 1  0      0 3535160 170840 1857428    0    0     0   132 6748 7090 13  6 79  2  0
 1  0      0 3004296 170840 1859576    0    0     0     8 3067 3553 11  6 83  0  0
 1  0      0 2949004 170840 1865588    0    0     0     8 2491 2500 14  2 84  0  0
 0  0      0 2930756 170840 1870460    0    0     0     0 4135 5491 13  3 84  0  0
 1  0      0 2880004 170840 1876216    0    0     0 11208 4813 6231 14  4 82  0  0
 1  0      0 2848976 170840 1881056    0    0     0 14200 4059 5022 12  3 85  0  0
 1  0      0 2820544 170840 1883044    0    0     0     0 2447 2838 14  2 83  0  0
 1  0      0 2782600 170840 1887668    0    0     0   752 2594 3070 16  2 82  0  0
 1  0      0 2662952 170840 1895144    0    0     0     8 3679 4015 12  2 86  0  0
 2  0      0 2633540 170840 1901512    0    0     0     0 2698 3234 13  1 85  0  0
 1  0      0 2494332 170840 1907260    0    0     0   128 2944 3283 13  3 84  0  0
 1  0      0 2390248 170840 1914696    0    0     0     8 3331 3790 15  3 83  0  0
 1  0      0 2255460 170840 1923400    0    0     0     0 2701 2888 14  2 84  0  0
 2  0      0 2108716 170840 1931604    0    0     0    12 3194 4291 13  3 84  0  0
 1  0      0 2037332 170840 1938492    0    0     0     0 3451 4077 16  3 81  0  0
 2  0      0 1931036 170840 1948816    0    0     0    72 3345 3448 14  3 83  1  0
 1  0      0 1839736 170840 1957380    0    0     0     0 2759 2900 14  3 82  0  0
procs -----------memory---------- ---swap-- -----io---- -system-- ------cpu-----
 r  b   swpd   free   buff  cache   si   so    bi    bo   in   cs us sy id wa st
 1  0      0 1641988 170840 1966040    0    0     0     4 4647 5746 15  4 81  1  0
 1  0      0 1565648 170840 1974856    0    0     0    48 2818 2525 14  3 83  0  0
 3  0      0 1565160 170840 1987784    0    0     0    12 4356 5465 16  3 81  1  0
 1  0      0 1338920 170840 1993520    0    0     0    92 3400 3809 14  3 82  1  0
 0  0      0 1222848 170840 2001032    0    0     0     0 3103 3453 14  3 82  0  0
 1  0      0 1122472 170840 2007164    0    0     0   148 2281 2169 14  3 83  0  0
 1  0      0 980332 170840 2015108    0    0     0    20 3690 4502 14  4 82  0  0
 1  0      0 806608 170840 2020412    0    0     0     8 3041 3460 15  4 81  0  0
 1  0      0 753152 170840 2029628    0    0     0    92 3288 3565 14  3 82  1  0
 1  0      0 757976 170840 2035688    0    0     0     0 2785 2941 13  2 84  0  0
 1  0      0 728724 170840 2040916    0    0     0     0 3725 4514 15  2 83  0  0
 1  0      0 725932 170840 2043812    0    0     0     0 2055 1839 13  1 85  0  0
 1  0      0 661864 170840 2048924    0    0     0     8 3267 3485 12  3 85  0  0
 3  0      0 603956 170840 2055896    0    0     0   680 3216 3566 14  2 83  0  0
 1  0      0 527336 170840 2065908    0    0     0 62296 4163 4789 12  4 82  2  0
 1  0      0 351808 170840 2074472    0    0     0     0 2930 2815 14  3 83  0  0
 1  0      0 2702760 170840 2076324    0    0     0     0 3354 4668 17  3 80  0  0
 1  0      0 3125860 170840 2076328    0    0     0     0 2947 3930 17  3 80  0  0
 2  0      0 3719620 170844 2076336    0    0     0   220 3069 4005  5  7 88  0  0
