procs -----------memory---------- ---swap-- -----io---- -system-- ------cpu-----
 r  b   swpd   free   buff  cache   si   so    bi    bo   in   cs us sy id wa st
 3  0      0 4285360 156080 1692448    0    0     2    11    3   13  2  1 97  0  0
 0  0      0 4284560 156080 1692460    0    0     0     0 6850 11300 15 10 75  0  0
 0  0      0 4284560 156080 1692464    0    0     0   104 1818 2285  1  2 97  0  0
 0  0      0 4284560 156080 1692464    0    0     0     0 1777 2359  2  2 96  0  0
 0  0      0 4284560 156080 1692472    0    0     0    12 1476 1972  1  1 98  0  0
 1  0      0 4284560 156080 1692480    0    0     0    12 1709 2220  1  2 98  0  0
 1  0      0 4284308 156080 1692484    0    0     0    24 1783 2389  1  2 98  0  0
 0  0      0 4284308 156080 1692488    0    0     0   164 3438 5283  2  3 95  0  0
 1  0      0 4284308 156080 1692500    0    0     0    12 1627 2071  1  2 98  0  0
 1  0      0 4284308 156080 1692508    0    0     0     0 1741 2292  2  2 97  0  0
 3  0      0 4283820 156080 1692512    0    0     0    16 2017 2888  2  1 96  0  0
 0  0      0 4285936 156080 1692520    0    0     0    32 2023 2737  2  3 95  0  0
 0  0      0 4285684 156084 1692528    0    0     0    60 1708 2199  1  2 97  0  0
 0  0      0 4285432 156084 1692528    0    0     0     0 2862 4503  1  3 96  0  0
 0  0      0 4285432 156084 1692536    0    0     0    16 1561 2014  1  1 97  0  0
 0  0      0 4285432 156084 1692544    0    0     0     0 1894 2445  3  2 95  0  0
 0  0      0 4285432 156084 1692544    0    0     0     8 1634 2083  1  2 98  0  0
 0  0      0 4284928 156084 1692560    0    0     0   140 3222 4783  2  4 95  0  0
 0  0      0 4284704 156084 1692560    0    0     0     4 1798 2398  1  2 97  0  0
 1  0      0 4284664 156084 1692564    0    0     0    12 6051 9748 15 10 75  0  0
 3  0      0 4282636 156084 1692584    0    0     0     0 5597 8729 12  8 81  0  0
procs -----------memory---------- ---swap-- -----io---- -system-- ------cpu-----
 r  b   swpd   free   buff  cache   si   so    bi    bo   in   cs us sy id wa st
 0  0      0 4282172 156084 1692604    0    0     0     0 3522 5304  4  6 90  0  0
 0  0      0 4282936 156084 1692600    0    0     0    88 3639 5367  6  5 89  0  0
 0  0      0 4282936 156084 1692608    0    0     0    48 1612 2092  1  2 97  0  0
 2  0      0 4282936 156084 1692608    0    0     0     4 1348 1620  1  1 98  0  0
 0  0      0 4284932 156084 1692628    0    0     0    16 1994 2724  2  2 97  0  0
 1  0      0 4284932 156084 1692628    0    0     0     0 1661 2062  1  2 97  0  0
 0  0      0 4285104 156088 1692632    0    0     0   144 3628 5683  2  4 94  0  0
 0  0      0 4284944 156088 1692644    0    0     0     0 2895 4337  2  2 96  0  0
 0  0      0 4284944 156088 1692644    0    0     0    40 1934 2574  3  2 95  0  0
 0  0      0 4284704 156088 1692660    0    0     0    28 2427 3625  2  2 96  0  0
 0  0      0 4284452 156088 1692664    0    0     0     0 2214 3051  3  3 94  0  0
 2  0      0 4284452 156092 1692672    0    0     0    80 1556 1959  1  2 98  0  0
 0  0      0 4283948 156092 1692676    0    0     0     8 2015 2697  1  2 97  0  0
 0  0      0 4284120 156092 1692684    0    0     0    20 1676 2234  1  2 98  0  0
 0  0      0 4283960 156092 1692684    0    0     0    12 1483 1945  1  1 98  0  0
 0  0      0 4282396 156092 1692704    0    0     0    16 4721 7164 12  8 80  0  0
 1  0      0 4284576 156092 1692704    0    0     0   144 7669 12719 13 11 76  0  0
 0  0      0 4283084 156092 1692732    0    0     0     8 4320 6689  9  7 84  0  0
 2  0      0 4287308 156092 1692728    0    0     0    12 3446 5278  7  4 89  0  0
 0  0      0 4287120 156092 1692732    0    0     0    40 2107 2973  2  2 97  0  0
 0  0      0 4286868 156092 1692736    0    0     0    20 1972 2686  2  3 95  0  0
procs -----------memory---------- ---swap-- -----io---- -system-- ------cpu-----
 r  b   swpd   free   buff  cache   si   so    bi    bo   in   cs us sy id wa st
 6  1      0 4286164 156092 1692736    0    0     0   204 3408 4967  3  4 92  1  0
 2  0      0 4270732 156092 1693084    0    0     0   968 10663 18375 12 15 69  4  0
 1  0      0 4255424 156092 1694520    0    0     0   692 4715 6993 13  7 79  1  0
 1  0      0 4091484 156092 1694620    0    0     0    36 2226 2685 15  4 81  0  0
 2  0      0 4077396 156092 1694804    0    0     0     0 1978 2346 16  2 82  0  0
 1  0      0 4063564 156092 1695044    0    0     0   604 3537 4754 17  4 79  0  0
 1  0      0 4048736 156092 1695272    0    0     0    20 2373 3004 17  3 80  0  0
 2  0      0 4033868 156092 1695320    0    0     0   124 1957 2327 16  3 81  0  0
 1  0      0 4025048 156092 1695372    0    0     0     0 2721 3735 17  2 81  0  0
 1  0      0 4012964 156092 1695508    0    0     0    84 1971 2363 18  2 80  0  0
 2  0      0 4010460 156092 1695792    0    0     0     4 2247 2458 17  2 81  0  0
 2  0      0 4000352 156092 1695832    0    0     0     8 4584 6876 27  7 66  0  0
 5  0      0 3980796 156092 1695944    0    0     0   500 5133 7949 24  8 67  0  0
 1  0      0 3979332 156092 1696084    0    0     0    16 4222 6817 25  5 70  0  0
 1  0      0 3965676 156092 1696240    0    0     0    44 3856 6223 23  6 70  0  0
 1  0      0 3959124 156092 1696244    0    0     0    40 3484 5262 17  4 79  0  0
 1  0      0 3951072 156092 1696388    0    0     0     0 3433 5024 18  3 79  0  0
 1  1      0 3947292 156096 1696524    0    0     0   152 3169 4182 18  4 78  0  0
 2  0      0 3914156 156104 1697640    0    0     0   996 9888 16799 25 14 57  3  0
 2  0      0 3858808 156104 1698708    0    0     0   584 4423 6166 30  8 61  1  0
 1  0      0 3369432 156104 1712388    0    0     0     0 7396 7616 23 12 64  2  0
procs -----------memory---------- ---swap-- -----io---- -system-- ------cpu-----
 r  b   swpd   free   buff  cache   si   so    bi    bo   in   cs us sy id wa st
 2  0      0 3338564 156104 1716896    0    0     0    40 4323 4748 26  6 68  0  0
 2  0      0 3314152 156104 1720868    0    0     0   468 4041 4048 27  5 68  1  0
 1  0      0 3278396 156104 1725600    0    0     0    24 4186 4373 27  4 69  0  0
 2  0      0 3250220 156104 1729564    0    0     0  6880 4040 4134 26  4 69  1  0
 4  0      0 3226564 156104 1733380    0    0     0     0 5156 6494 28  4 68  0  0
 2  0      0 3203660 156104 1737588    0    0     0     4 4359 4820 27  4 69  1  0
 2  0      0 3175304 156104 1741884    0    0     0    32 4037 4453 27  4 69  0  0
 4  0      0 3159892 156104 1743748    0    0     0     8 4203 6375 37  8 56  0  0
10  0      0 3182372 156108 1743920    0    0     0   228 4885 8107 42 10 49  0  0
 2  0      0 3163336 156108 1744016    0    0     0     4 5055 8804 44  9 47  0  0
 1  0      0 3917644 156108 1744012    0    0     0     0 4566 6907 33 10 58  0  0
 1  0      0 3903804 156108 1744184    0    0     0     0 1833 2170 17  2 82  0  0
 1  0      0 3898272 156108 1744312    0    0     0    48 1829 2185 17  2 81  0  0
 1  0      0 3888620 156112 1744428    0    0     0   196 2868 3853 19  4 77  1  0
 2  0      0 3873280 156124 1744936    0    0     0   988 8891 15085 25 13 60  3  0
 3  0      0 3849464 156124 1746632    0    0     0   572 5565 8522 30  8 61  1  0
 2  0      0 3567388 156124 1760576    0    0     0     0 7436 7855 24 10 64  1  0
 2  0      0 3115588 156124 1767228    0    0  5848     0 3876 4638 25  7 67  1  0
 2  0      0 3079092 156124 1768904    0    0     0    52 3437 3733 26  6 68  0  0
 5  0      0 3061716 156124 1770648    0    0     0     0 3663 4389 27  4 70  0  0
 2  0      0 3048588 156124 1771464    0    0     0 12820 5304 6796 22  5 45 28  0
procs -----------memory---------- ---swap-- -----io---- -system-- ------cpu-----
 r  b   swpd   free   buff  cache   si   so    bi    bo   in   cs us sy id wa st
 2  0      0 3028960 156124 1773060    0    0     0    44 3403 3534 27  3 70  0  0
 1  0      0 3001012 156124 1774816    0    0     0     4 3428 3850 26  3 71  0  0
 2  0      0 2987668 156124 1776412    0    0     0     0 2719 2941 27  3 70  0  0
 5  0      0 2960136 156124 1778160    0    0     0     0 3325 4159 30  5 65  0  0
 1  0      0 2907336 156124 1780132    0    0     0   280 8111 13964 36 11 53  0  0
 2  0      0 2895112 156124 1780824    0    0     0     8 5020 8344 40  7 52  0  0
 2  0      0 2885648 156124 1781068    0    0     0     0 4073 7428 39  6 55  0  0
 2  0      0 2977332 156124 1781196    0    0     0     0 2094 2377 34  3 64  0  0
 1  0      0 3829236 156124 1781324    0    0     0     0 2105 2203 17 11 72  0  0
 3  0      0 3821428 156136 1781396    0    0     0   700 4605 6667 21  6 73  1  0
 1  1      0 3799284 156136 1783508    0    0     0  1172 9146 15414 26 13 59  2  0
 2  0      0 3490784 156136 1797144    0    0     0   192 8623 10213 24 12 62  1  0
 2  0      0 2986000 156136 1802072    0    0     0     0 3357 3420 26  8 66  0  0
 1  0      0 2937228 156136 1806524    0    0     0     0 3070 3504 29  4 67  0  0
 2  0      0 2910576 156136 1810832    0    0     0     4 4242 5909 28  4 68  0  0
 2  0      0 2842260 156136 1816364    0    0     0    36 4214 5097 28  3 69  0  0
 2  0      0 2783400 156144 1822868    0    0  1240  1100 7616 11822 31  7 58  3  0
 4  0      0 2751964 156144 1825276    0    0     0     8 3003 3303 30  3 67  0  0
 4  0      0 2699180 156144 1827984    0    0     0     0 2284 2522 32  2 66  0  0
 3  0      0 2600460 156144 1837600    0    0     0     0 5344 6843 29  5 66  1  0
 2  0      0 2562364 156144 1842576    0    0     0     8 3176 3241 30  4 66  0  0
procs -----------memory---------- ---swap-- -----io---- -system-- ------cpu-----
 r  b   swpd   free   buff  cache   si   so    bi    bo   in   cs us sy id wa st
 4  0      0 2423600 156148 1847820    0    0     0   200 7154 13029 45 14 41  0  0
 2  0      0 2247024 156148 1853008    0    0     0    36 5727 10499 41 11 48  0  0
 3  0      0 2179436 156148 1862380    0    0     0     4 4206 5356 34  6 60  0  0
 2  0      0 2064296 156148 1871396    0    0     0     0 5376 7495 33  7 60  0  0
 2  0      0 1943968 156148 1878052    0    0     0   660 3486 3610 30  3 65  1  0
 1  0      0 1840072 156152 1884392    0    0     0   108 4121 4874 30  4 67  0  0
 2  0      0 1682948 156152 1892040    0    0     0     0 3659 3837 30  5 65  0  0
 2  0      0 1525220 156152 1917612    0    0     0     8 8843 8987 26  9 62  3  0
 2  0      0 1060172 156152 1923716    0    0     0     4 3757 4058 24  7 69  0  0
 2  0      0 995280 156152 1933948    0    0     0  1588 3891 4156 23  5 72  0  0
 3  1      0 895576 156152 1947352    0    0     0 57376 4540 5202 25  4 69  2  0
 2  0      0 779172 156152 1954912    0    0     0  5684 4302 4365 24  4 70  2  0
 2  0      0 642728 156152 1962072    0    0     0     0 4936 5297 25  5 70  0  0
 2  0      0 518480 156152 1970504    0    0     0     8 6078 8500 26  6 69  0  0
 2  0      0 412808 156152 1978304    0    0     0  7936 5046 5595 24  5 71  1  0
 1  0      0 267140 156152 1986404    0    0     0   936 4907 5823 27  3 70  1  0
 2  0      0 158468 156152 1994340    0    0     0 31048 4797 5461 25  6 69  0  0
 3  0      0 181572 154980 1957944    0    0  1412 33292 6329 8245 32  9 10 49  0
 1  0      0 977520 154980 1966672    0    0  1252     0 4143 4599 23  7 55 16  0
 1  0      0 949376 154980 1970264    0    0    12     0 6845 11139 27  8 65  0  0
 1  0      0 950772 154980 1973380    0    0     0   472 5524 8759 22  8 70  0  0
procs -----------memory---------- ---swap-- -----io---- -system-- ------cpu-----
 r  b   swpd   free   buff  cache   si   so    bi    bo   in   cs us sy id wa st
 1  0      0 864624 154980 1978012    0    0     0     0 4688 6268 15  6 79  0  0
 1  0      0 815112 154980 1985352    0    0     0    12 2733 2969 15  3 82  0  0
 1  0      0 730036 154980 1994344    0    0     0     4 5060 6649 12  4 83  0  0
 1  0      0 549760 154980 2003136    0    0     0   104 4559 5543 16  9 75  0  0
 3  0      0 2792300 155008 2006168    0    0     0   992 8907 15229 26 13 59  2  0
 4  0      0 2783516 155012 2008476    0    0   280   580 4648 6976 30  8 61  1  0
 3  0      0 2619224 155012 2008640    0    0     0     8 2088 2383 32  4 64  0  0
 1  0      0 3715172 155012 2008896    0    0     0     8 3571 5731 27  9 64  0  0
 3  0      0 3706600 155012 2009244    0    0     0     8 1881 2382 17  3 81  0  0
 1  0      0 3688780 155012 2009504    0    0     0     4 1892 2317 17  2 80  0  0
 2  0      0 3678904 155012 2009672    0    0     0   128 1860 2347 16  2 81  0  0
 4  0      0 3671608 155012 2009696    0    0     0     0 1671 1999 17  2 81  0  0
 1  0      0 3662324 155012 2010064    0    0     0   988 3961 6170 17  4 78  2  0
 1  0      0 3654272 155012 2010272    0    0     0    12 1698 2017 16  2 82  0  0
 1  0      0 3646964 155012 2010432    0    0     0     8 2574 3823 18  2 80  0  0
 1  0      0 3634124 155012 2010640    0    0     0   140 1892 2422 17  3 80  0  0
 1  0      0 3626636 155012 2010732    0    0     0     0 1866 2337 17  2 81  0  0
 1  0      0 3613228 155012 2010876    0    0     0    44 2208 2823 17  3 81  0  0
 1  0      0 3606172 155012 2011060    0    0     0     0 1611 1997 17  2 82  0  0
 1  0      0 3598372 155012 2011232    0    0     0     8 2015 2630 17  2 81  0  0
 1  0      0 3593332 155016 2011420    0    0     0    76 1711 2045 16  2 81  0  0
procs -----------memory---------- ---swap-- -----io---- -system-- ------cpu-----
 r  b   swpd   free   buff  cache   si   so    bi    bo   in   cs us sy id wa st
 2  0      0 3589300 155016 2011488    0    0     0     0 2074 2608 18  2 80  0  0
 1  0      0 3542920 155016 2011604    0    0     0    36 4684 7595 17  4 79  0  0
 1  0      0 3226664 155016 2013584    0    0     0     0 3086 3733  9  7 84  0  0
 0  0      0 3211556 155016 2015736    0    0     0     0 4103 5800 12  3 86  0  0
 0  0      0 3198732 155020 2017988    0    0     0   288 2843 3586 11  4 85  0  0
 0  0      0 3182796 155020 2019900    0    0     0     4 2705 3293 11  3 86  0  0
 1  0      0 3166164 155020 2022436    0    0     0 44260 3059 4222 11  4 85  0  0
 0  0      0 3150540 155020 2024300    0    0     0     8 2708 3499 11  2 87  0  0
 0  0      0 3135924 155020 2026728    0    0   208     0 2471 3111 11  3 87  0  0
 1  0      0 3153376 155020 2027624    0    0     4   480 2139 2748 15  2 82  0  0
 1  0      0 3153492 155020 2027628    0    0     0     8 1929 2368 17  2 81  0  0
 1  0      0 3153240 155020 2027636    0    0     0    32 3164 4956 18  3 79  0  0
 0  0      0 3905644 155020 2027648    0    0     0     4 1732 2132  6  5 89  0  0
 0  0      0 3905644 155020 2027656    0    0     0     0 3194 4941  2  2 96  0  0
 0  0      0 3905420 155024 2027664    0    0     0   492 2593 3248  3  3 91  3  0
 1  0      0 3905168 155024 2027668    0    0     0     0 2066 2741  1  3 96  0  0
 0  0      0 3904664 155024 2027676    0    0     0    12 3541 5432  2  3 95  0  0
 0  0      0 3904664 155024 2027680    0    0     0    24 2174 3140  2  1 97  0  0
 0  0      0 3904664 155024 2027684    0    0     0     8 1728 2198  1  2 98  0  0
 0  0      0 3904664 155024 2027692    0    0     0   136 1995 2704  1  2 97  0  0
 0  0      0 3904664 155024 2027696    0    0     0     0 1866 2389  1  2 97  0  0
procs -----------memory---------- ---swap-- -----io---- -system-- ------cpu-----
 r  b   swpd   free   buff  cache   si   so    bi    bo   in   cs us sy id wa st
 2  0      0 3904664 155024 2027704    0    0    12     0 3904 6196  3  4 93  0  0
 0  0      0 3904664 155024 2027728    0    0     0    24 1511 1829  1  2 97  0  0
 0  0      0 3904664 155024 2027732    0    0     0    12 2895 4406  2  2 96  0  0
 1  0      0 3904440 155024 2027736    0    0     0    52 2215 3155  2  3 95  0  0
 0  0      0 3904440 155024 2027740    0    0     0     0 1776 2311  1  2 97  0  0
 0  0      0 3904188 155024 2027744    0    0     0     0 1701 2219  1  2 97  0  0
 0  0      0 3903936 155024 2027752    0    0     0     0 1985 2673  2  2 96  0  0
 0  0      0 3903936 155024 2027756    0    0     0    28 1569 2048  1  1 97  0  0
 0  0      0 3903936 155028 2027764    0    0     0   136 1782 2376  1  2 97  0  0
 0  0      0 3904216 155028 2027772    0    0     0     0 4799 7253  4  3 93  0  0
 0  0      0 3903976 155028 2027780    0    0     0  6400 7115 11929  5  6 90  0  0
 1  0      0 3903976 155028 2027792    0    0     0     0 2055 2739  1  2 97  0  0
 0  0      0 3904256 155028 2027800    0    0     0    24 2652 4049  2  2 96  0  0
 0  0      0 3904256 155032 2027808    0    0     0   308 2260 3089  3  3 94  0  0
 0  0      0 3904016 155032 2027808    0    0     0     8 1823 2407  2  2 96  0  0
 0  0      0 3904044 155032 2027816    0    0     0     0 1776 2251  1  3 96  0  0
 0  0      0 3904044 155032 2027828    0    0     0    12 1670 2181  1  1 98  0  0
 1  0      0 3904044 155032 2027832    0    0     0   136 1560 2045  1  1 98  0  0
 0  0      0 3904044 155036 2027836    0    0     0   380 1994 2560  1  2 97  0  0
 0  0      0 3904044 155036 2027840    0    0     0     8 1893 2459  1  2 97  0  0
 0  0      0 3903824 155036 2027848    0    0     0     4 3712 5930  2  4 95  0  0
procs -----------memory---------- ---swap-- -----io---- -system-- ------cpu-----
 r  b   swpd   free   buff  cache   si   so    bi    bo   in   cs us sy id wa st
 0  0      0 3903824 155036 2027856    0    0     0     0 1391 1750  1  1 98  0  0
 0  0      0 3903824 155036 2027860    0    0     0     0 2593 3817  4  2 94  0  0
 0  0      0 3903824 155044 2027864    0    0     0    64 1842 2397  1  3 96  0  0
 0  0      0 3903576 155044 2027872    0    0     0     4 1985 2587  1  1 98  0  0
 0  0      0 3903576 155044 2027876    0    0     0     8 3175 4949  1  3 95  0  0
 1  0      0 3903576 155044 2027888    0    0     0     4 1969 2681  2  2 96  0  0
 0  0      0 3903576 155044 2027892    0    0     0     0 1549 1921  1  1 98  0  0
 0  0      0 3903576 155044 2027896    0    0     0    92 1753 2200  1  2 97  0  0
 0  0      0 3903576 155044 2027900    0    0     0     8 1789 2296  1  2 97  0  0
 0  0      0 3903576 155044 2027904    0    0     0     0 4126 6628  2  4 95  0  0
 0  0      0 3903576 155044 2027920    0    0     0    12 1594 1908  1  2 97  0  0
 0  0      0 3903576 155044 2027928    0    0     0     4 2790 4283  2  2 96  0  0
 0  0      0 3903576 155044 2027932    0    0     0    52 2104 2806  3  4 92  0  0
 0  0      0 3903576 155044 2027940    0    0     0    24 1858 2486  1  2 97  0  0
 0  0      0 3903324 155044 2027944    0    0     0     0 1859 2410  1  2 97  0  0
 0  0      0 3903324 155044 2027952    0    0     0     4 1814 2388  1  2 97  0  0
 0  0      0 3903588 155044 2028000    0    0    40     8 1876 2434  1  2 97  0  0
 0  0      0 3903588 155048 2028004    0    0     0   104 1819 2429  1  2 97  0  0
 0  0      0 3903588 155048 2028008    0    0     0     0 2063 2773  1  2 97  0  0
 3  0      0 3903336 155048 2028016    0    0     0    20 4922 8133  4  5 91  0  0
