procs -----------memory---------- ---swap-- -----io---- -system-- ------cpu-----
 r  b   swpd   free   buff  cache   si   so    bi    bo   in   cs us sy id wa st
 3  0      0 3536892 186432 2767908    0    0     7    41    6    6  2 10 87  1  0
 0  1      0 3529360 186432 2767896    0    0     0   128 8148 13838 14 12 74  0  0
 0  0      0 3645204 186432 2653300    0    0     0   228 2901 4253  1  4 94  1  0
 0  0      0 3644820 186432 2653172    0    0     0     0 1281 1787  1  1 98  0  0
 0  0      0 3644572 186440 2653168    0    0     0   584 2276 3548  1  2 97  0  0
 2  0      0 3644572 186440 2653188    0    0     0    12 1163 1569  0  1 98  0  0
 0  0      0 3644240 186440 2653188    0    0     0    28 1657 2304  2  3 95  0  0
 0  0      0 3644320 186440 2653716    0    0   520     0 2196 3389  3  2 95  0  0
 0  0      0 3644320 186440 2653716    0    0     0     0 1062 1437  1  1 98  0  0
 0  0      0 3644320 186440 2653728    0    0     0   680 1827 2344  1  1 98  0  0
 0  0      0 3644320 186444 2653728    0    0     0    44 1806 2666  1  2 98  0  0
 1  0      0 3644072 186444 2653704    0    0     0    68 2200 3120  2  2 96  0  0
 4  0      0 3614512 186476 2653968    0    0    76  1564 12170 20598 14 17 66  3  0
 5  0      0 3593584 186512 2660540    0    0  3116  1396 12486 21778 13 21 62  3  0
 2  0      0 3550596 186524 2668960    0    0  7796   440 4658 6898 26  8 63  3  0
 3  0      0 3229008 186524 2669264    0    0     0     0 1624 1595 30  5 65  0  0
 2  0      0 3205836 186524 2669460    0    0     0    16 1759 1801 32  3 64  0  0
 2  0      0 3183444 186524 2669900    0    0     0    12 2647 3533 31  5 64  0  0
 4  0      0 3154728 186524 2670428    0    0     0    52 1413 1315 32  3 65  0  0
 2  0      0 3125776 186528 2670644    0    0     0   168 2463 3116 31  4 64  0  0
 2  0      0 3112420 186528 2670748    0    0     0   912 2694 3338 34  2 64  0  0
procs -----------memory---------- ---swap-- -----io---- -system-- ------cpu-----
 r  b   swpd   free   buff  cache   si   so    bi    bo   in   cs us sy id wa st
 2  0      0 3095852 186528 2671312    0    0   264    16 2234 2516 30  5 66  0  0
 2  0      0 3077228 186528 2671648    0    0   104    60 1887 1865 32  3 65  0  0
 2  0      0 3065636 186528 2672088    0    0     0     8 1618 1525 33  2 65  0  0
 2  0      0 2888104 186536 2699496    0    0  2928   256 11185 12133 18 13 61  7  0
 3  0      0 2870672 186536 2700616    0    0  1052     0 2006 2058 32  3 65  0  0
 2  0      0 2916668 186536 2700704    0    0     0    64 1645 1570 33  2 65  0  0
 1  0      0 3194016 186536 2700816    0    0     0     8 2513 3351 17  6 77  0  0
 1  0      0 3184692 186536 2700912    0    0     0     0 1160 1273 16  2 82  0  0
 1  0      0 3176644 186540 2701040    0    0     0   156 1356 1495 16  2 82  0  0
 1  0      0 3176404 186540 2701160    0    0     0    32 1671 1992 17  1 81  0  0
 1  0      0 3171112 186540 2701256    0    0     0     0 1556 1850 16  2 82  0  0
 1  0      0 3092860 186540 2703980    0    0  2640     4 1948 2228 15  3 81  1  0
 1  0      0 2867772 186812 2710220    0    0  4812     0 2901 3151 11  5 82  2  0
 1  1      0 2830100 186820 2715524    0    0     0   124 4426 5406 14  4 82  1  0
 4  0      0 2800296 186844 2717340    0    0     0  1348 10462 17081 24 13 61  2  0
 3  0      0 2779012 187088 2724164    0    0  1708  1608 11797 20710 30 23 44  2  0
 3  0      0 2738468 187156 2728824    0    0     0  5816 6100 9223 42 12 46  1  0
 2  0      0 2412856 187160 2732484    0    0     0     0 3404 3366 42  7 50  0  0
 3  0      0 2323556 187164 2735724    0    0     0     0 2961 2788 44  5 51  0  0
 2  1      0 2300396 187164 2737940    0    0     0    56 3264 3603 44  5 51  0  0
 3  0      0 2309828 187168 2738768    0    0     0    12 2456 2269 48  5 47  0  0
procs -----------memory---------- ---swap-- -----io---- -system-- ------cpu-----
 r  b   swpd   free   buff  cache   si   so    bi    bo   in   cs us sy id wa st
 3  0      0 2278088 187172 2739128    0    0     0   224 2393 2411 49  4 47  0  0
 4  0      0 2255824 187172 2739292    0    0     0     8 1936 1539 49  3 48  0  0
 3  0      0 3014236 187192 2736460    0    0   128  6380 6546 10686 49 15 32  4  0
 3  0      0 2991228 187212 2736672    0    0    72    60 2837 3790 34  5 61  0  0
 2  0      0 2984952 187228 2736984    0    0     0     0 1763 1702 32  3 64  0  0
 2  1      0 2904672 187236 2743548    0    0     0     0 4708 5785 31  5 63  1  0
 2  0      0 2791844 187264 2762456    0    0     0    44 8799 8920 27  9 61  2  0
 2  0      0 2798920 187272 2762504    0    0     0   540 2963 3897 34  2 64  1  0
 1  0      0 3111704 187272 2762608    0    0     0    48 2832 3827 20  6 75  0  0
 1  0      0 3101640 187272 2762688    0    0     0     0 2177 2699 17  3 81  0  0
 1  0      0 3096604 187272 2762828    0    0     0     0 2171 2685 18  2 80  0  0
 1  0      0 3087544 187272 2762940    0    0     0     0 1422 1597 16  2 82  0  0
 1  0      0 3085528 187280 2762984    0    0     0   108 1549 1721 16  2 82  0  0
 2  0      0 3076960 187280 2763112    0    0     0     4 1710 2002 16  3 81  0  0
 1  0      0 2685748 187280 2763724    0    0     0    12 2353 2713 13  6 81  0  0
 1  0      0 2618148 187280 2770884    0    0     0     0 3691 4913 14  4 81  0  0
 0  0      0 2603776 187280 2775888    0    0     0     0 2892 3193 13  2 84  0  0
 1  0      0 2552268 187288 2782112    0    0     0   608 3258 3552 14  3 83  0  0
 1  1      0 2516748 187300 2787176    0    0    12  8908 3494 4370 15  3 79  2  0
 1  0      0 2449412 187300 2791080    0    0     0   260 3056 3190 15  3 82  1  0
 1  0      0 2436056 187300 2795428    0    0     0   152 3581 4273 17  3 79  1  0
procs -----------memory---------- ---swap-- -----io---- -system-- ------cpu-----
 r  b   swpd   free   buff  cache   si   so    bi    bo   in   cs us sy id wa st
 1  0      0 2330008 187300 2803432    0    0     0     0 3140 3211 14  3 83  0  0
 0  1      0 2208284 187304 2809088    0    0     0   236 3948 5456 17  5 78  0  0
 2  0      0 2078640 187304 2815432    0    0     0     8 2924 3375 15  5 80  0  0
 1  0      0 1975532 187332 2824496    0    0    28  7596 2608 2830 15  4 79  3  0
 2  0      0 1907516 187356 2828696    0    0     8 28212 7105 11178 16  9 48 27  0
 1  0      0 1765040 187368 2836488    0    0     0  3860 5033 7061 18  8 69  5  0
 2  0      0 1614572 187368 2842760    0    0     0     0 2908 3387 13  5 82  0  0
 1  0      0 1588528 187368 2852896    0    0     0     0 3483 4379 15  9 76  0  0
 1  0      0 1469000 187368 2861540    0    0     0     0 2849 3152 12  7 81  1  0
 1  0      0 1393664 187368 2870884    0    0     0     0 3243 4022 14  6 80  0  0
 0  0      0 1300256 187376 2874864    0    0     0   200 1876 2099  9 10 82  0  0
 1  0      0 1222440 187376 2881044    0    0     0     4 2694 3282 11  7 81  0  0
 2  0      0 1110100 187376 2890620    0    0     0     0 2365 2635 14  5 81  0  0
 1  0      0 1035032 187376 2894208    0    0     0     0 2326 2923  9  9 81  0  0
 1  0      0 934784 187376 2900912    0    0     0     0 3375 4526 12  8 80  0  0
 1  0      0 861964 187384 2903476    0    0     0    80 2077 2600  9  9 82  0  0
 1  0      0 772004 187384 2909144    0    0     0    12 2793 3615 12  6 82  0  0
 3  0      0 647404 187384 2914616    0    0     0     4 2527 3281 13  5 81  0  0
 1  0      0 580140 187384 2919712    0    0     0     0 2385 2693 11  8 81  0  0
 1  0      0 477544 187384 2925856    0    0     0     0 2150 2424 12  6 82  0  0
 1  0      0 431256 187384 2932336    0    0     0    56 2439 2902 11  7 82  0  0
procs -----------memory---------- ---swap-- -----io---- -system-- ------cpu-----
 r  b   swpd   free   buff  cache   si   so    bi    bo   in   cs us sy id wa st
 1  0      0 433228 187384 2937448    0    0     0     8 2218 2230 15  2 83  0  0
 2  0      0 428452 187384 2941340    0    0     0    12 2241 2805 16  3 81  0  0
 1  0      0 416180 187384 2945920    0    0     0     4 2022 2101 14  2 83  0  0
 2  0      0 335648 187384 2951604    0    0     0     0 3387 4515 12  6 82  0  0
 1  1      0 229296 187392 2963444    0    0     0    72 2831 2955 13  3 84  0  0
 1  0      0 147552 167664 2902164    0    0     0     0 3175 3733 12  9 80  0  0
 3  0      0 2124256 167664 2903644    0    0     0     8 2083 2760 14  9 77  0  0
 2  0      0 2491180 167664 2903744    0    0     0     8 1705 1925 17  3 81  0  0
 4  0      0 2491180 167664 2903744    0    0     0     8 2541 3233 18  2 80  0  0
 1  0      0 3411004 167672 2903748    0    0     0    68 1524 1656 12  7 81  0  0
 2  0      0 3410844 167672 2903756    0    0     0     0 2189 3444  1  3 96  0  0
