procs -----------memory---------- ---swap-- -----io---- -system-- ------cpu-----
 r  b   swpd   free   buff  cache   si   so    bi    bo   in   cs us sy id wa st
 2  0      0 3819616 159924 2416456    0    0     7    41    7    7  2 10 87  1  0
 2  0      0 3823580 159924 2416492    0    0     0     0 7490 12490 12 10 78  0  0
 1  0      0 3823580 159924 2416496    0    0     0     0 3213 5231  1  2 97  0  0
 0  0      0 3823580 159928 2416496    0    0     0   672 2670 3850  0  2 98  0  0
 0  0      0 3823332 159928 2416508    0    0     0     0 2658 4004  0  2 97  0  0
 0  0      0 3823332 159928 2416520    0    0     0    12 3106 4695  2  2 97  0  0
 0  0      0 3823332 159928 2416540    0    0     0    32 2363 3653  1  2 97  0  0
 0  0      0 3823332 159928 2416544    0    0     0     0 2707 4023  1  3 97  0  0
 0  0      0 3823080 159936 2416564    0    0     0    96 2775 3803  1  2 97  0  0
 0  0      0 3823080 159936 2416572    0    0     0    28 3106 4396  1  2 97  0  0
 0  0      0 3822832 159936 2416584    0    0     0     0 2652 3835  2  2 96  0  0
 1  0      0 3822832 159936 2416588    0    0     0    16 3490 5266  3  4 93  0  0
 2  0      0 3822832 159936 2416596    0    0     0    40 3237 4864  1  2 96  0  0
 0  0      0 3822832 159944 2416620    0    0     0   124 2324 3250  1  2 97  0  0
 0  0      0 3822832 159944 2416624    0    0     0    36 2819 3889  0  3 97  0  0
 0  0      0 3822832 159944 2416644    0    0     0     0 2760 3999  1  3 96  0  0
 0  0      0 3822832 159944 2416648    0    0     0     4 2622 3816  1  2 97  0  0
 0  0      0 3822832 159944 2416672    0    0     0     8 2697 3818  1  2 97  0  0
 0  0      0 3822832 159960 2416680    0    0     0   228 3171 4756  1  3 95  1  0
 0  0      0 3821396 159964 2416724    0    0     0   196 6317 9462  5  8 87  0  0
 2  0      0 3800152 159980 2417188    0    0     0   988 11067 19300 11 16 71  2  0
procs -----------memory---------- ---swap-- -----io---- -system-- ------cpu-----
 r  b   swpd   free   buff  cache   si   so    bi    bo   in   cs us sy id wa st
 1  0      0 3781888 160004 2418720    0    0     0   600 5484 8531 13  8 78  1  0
 2  0      0 3623680 160004 2418832    0    0     0     0 3437 4632 15  4 81  0  0
 1  0      0 3595216 160004 2418872    0    0     0   504 3765 5454 18  3 79  0  0
 1  0      0 3585916 160004 2419240    0    0     0    52 3153 4179 17  3 80  0  0
 1  0      0 3571816 160004 2419348    0    0     0    44 3014 4076 16  3 80  0  0
 1  0      0 3554932 160012 2419556    0    0     0   184 2702 3589 16  3 81  0  0
 1  0      0 3548644 160012 2419616    0    0     0     8 2715 3783 17  2 81  0  0
 1  0      0 3540088 160012 2419744    0    0     0     4 2761 3908 16  3 81  0  0
 1  0      0 3531520 160012 2420048    0    0     0    40 3340 4579 17  3 80  0  0
 1  0      0 3522964 160012 2420092    0    0     0    44 3085 4047 18  2 80  0  0
 1  0      0 3421168 160020 2432812    0    0     0   384 8499 10500 11 11 77  1  0
 1  0      0 3403164 160020 2432964    0    0     0     4 2962 3968 16  3 81  0  0
 1  0      0 3395860 160020 2433036    0    0     0     0 3611 5301 17  3 80  0  0
 1  0      0 3382264 160020 2433168    0    0     0    32 3230 4211 17  3 80  0  0
 2  0      0 3378736 160020 2433268    0    0     0    44 3698 5367 17  3 80  0  0
 1  0      0 3369932 160032 2433400    0    0     0   136 3014 4192 17  2 81  0  0
 1  0      0 3367664 160032 2433504    0    0     0     8 3245 4495 17  3 81  0  0
 1  0      0 3358844 160032 2433612    0    0     0     0 3027 4164 16  3 81  0  0
 1  0      0 3124544 160032 2433840    0    0     0    32 3371 4698 14  6 81  0  0
 0  0      0 3086668 160032 2437220    0    0     0    24 4673 5735 10  5 85  0  0
 0  0      0 3069432 160040 2441360    0    0     0   252 5150 6583 12  6 81  1  0
procs -----------memory---------- ---swap-- -----io---- -system-- ------cpu-----
 r  b   swpd   free   buff  cache   si   so    bi    bo   in   cs us sy id wa st
 1  0      0 3052840 160040 2446024    0    0     0   200 6553 8869 11  5 83  1  0
 1  0      0 3036472 160040 2450048    0    0     0     0 5503 7232 11  5 84  1  0
 3  0      0 3015876 160044 2454352    0    0     0    44 4723 5844 10  4 85  1  0
 2  0      0 3000676 160044 2458028    0    0     0   100 5171 6328 10  5 84  1  0
 4  0      0 2983036 160048 2462720    0    0     0   176 4785 5879 11  4 85  1  0
 1  1      0 3019300 160056 2464548    0    0     0   100 3254 4245 15  3 82  0  0
 3  0      0 3018132 160060 2464768    0    0   200   356 6273 9650 22  8 69  1  0
 2  0      0 2998132 160068 2465092    0    0     0   720 9661 16102 25 13 60  1  0
 2  0      0 3724952 160084 2466948    0    0     0   748 4843 7319 23 12 64  1  0
 1  0      0 3559548 160084 2467064    0    0     0   576 3141 4584 16  5 79  0  0
 3  0      0 3543168 160084 2467128    0    0     0     8 2240 3201 16  2 81  0  0
 1  0      0 3532824 160084 2467528    0    0     0    20 2972 4408 17  3 80  0  0
 1  0      0 3518220 160084 2467628    0    0     0    60 2682 3829 16  3 81  0  0
 3  0      0 3497468 160100 2467872    0    0     0   996 8894 15048 23 11 64  2  0
 3  0      0 3451128 160144 2470180    0    0   112  1940 11724 20967 32 19 45  3  0
 5  0      0 3414868 160164 2472712    0    0     0   656 6262 10039 38 15 47  1  0
 3  0      0 3132920 160164 2473264    0    0     0     8 3528 4353 45  7 47  0  0
 6  0      0 3037748 160164 2473616    0    0     0    12 2865 3230 47  5 48  0  0
 5  1      0 2944024 160164 2480728    0    0     0   944 5177 5851 45  8 47  0  0
 5  0      0 2874856 160164 2487332    0    0     0    88 5995 6856 46  8 45  1  0
 3  0      0 2845852 160168 2487700    0    0     0   312 3295 3860 49  4 46  0  0
procs -----------memory---------- ---swap-- -----io---- -system-- ------cpu-----
 r  b   swpd   free   buff  cache   si   so    bi    bo   in   cs us sy id wa st
 3  0      0 2818204 160168 2487912    0    0     0     4 3994 5421 49  5 47  0  0
 3  0      0 2798056 160168 2488200    0    0     0     8 2905 3297 48  4 48  0  0
 3  0      0 2774644 160168 2488548    0    0     0    40 4123 5517 49  5 46  0  0
 3  0      0 2752504 160168 2488992    0    0     0    36 3089 3632 49  4 47  0  0
 2  1      0 2661744 160176 2499900    0    0     0   256 6332 6940 46  7 47  1  0
 5  0      0 2588900 160176 2508528    0    0     0     8 6411 7122 45  7 48  0  0
 4  0      0 2445112 160176 2516788    0    0     0     0 5991 6141 45  7 47  1  0
 2  0      0 2371136 160176 2521432    0    0     0     8 4283 4974 34 12 55  0  0
 4  0      0 2323964 160176 2527360    0    0     0  3192 3486 4376 30  4 66  0  0
 8  0      0 2289320 160180 2533068    0    0     0   192 4770 6065 30  5 64  1  0
 2  0      0 2243640 160180 2538028    0    0     0    52 4623 6235 30  4 66  0  0
 2  0      0 2189132 160180 2542660    0    0     0 16292 3999 5022 31  4 65  0  0
 2  0      0 2147984 160180 2545420    0    0     0   384 3264 3994 32  3 64  0  0
 2  0      0 2058856 160180 2554836    0    0     0  9992 4438 5399 30  5 65  1  0
 2  0      0 1775808 160184 2559888    0    0     0   548 4137 5025 25  6 69  1  0
 4  0      0 1538660 160184 2566756    0    0     0    20 5257 6345 23  6 71  0  0
 1  0      0 1426584 160184 2575528    0    0     0    36 5152 6244 24  5 71  1  0
 2  0      0 1303820 160184 2588252    0    0     0     4 7072 9315 25  6 68  1  0
 2  0      0 1163928 160184 2597628    0    0     0   476 5358 6514 25 12 62  0  0
 1  0      0 1068096 160188 2604976    0    0     0  8784 5823 7619 25  8 66  1  0
 2  0      0 943140 160188 2613860    0    0     0    16 6133 8147 23  7 70  0  0
procs -----------memory---------- ---swap-- -----io---- -system-- ------cpu-----
 r  b   swpd   free   buff  cache   si   so    bi    bo   in   cs us sy id wa st
 1  0      0 832404 160188 2624268    0    0     0     8 4775 5751 24  7 68  1  0
 1  0      0 712992 160188 2633656    0    0     0    60 5574 7261 22  8 70  0  0
 2  0      0 696548 160188 2641984    0    0     0    16 4127 5033 26  9 65  0  0
 1  7      0 620984 160188 2643532    0    0     0 48884 5229 7724 26 11 48 15  0
 2  7      0 1344036 160188 2656332    0    0     0 20084 15797 22230  6  2 14 77  0
 3  5      0 1117420 160188 2661972    0    0     0     4 2934 3490 14  4 32 50  0
 3  0      0 1055248 160212 2665624    0    0     0   644 5706 8163  9 14 45 32  0
 2  0      0 1039952 160228 2671252    0    0     0 15040 6332 9328 13 13 58 16  0
 2  0      0 934868 160228 2675252    0    0     0    56 4305 6096 13  8 79  0  0
 2  0      0 806952 160228 2680484    0    0     0     0 3576 5129 12  7 81  0  0
 2  0      0 717976 160228 2687392    0    0     0     0 4226 5469 14  6 80  1  0
 2  0      0 595612 160228 2693608    0    0     0    44 4606 6339 14  7 79  0  0
 4  0      0 573456 160236 2700708    0    0     0   500 5517 7864 14  6 79  1  0
 2  0      0 540764 160236 2705024    0    0     0    12 4131 5557 15  3 82  0  0
 2  0      0 535276 160236 2708808    0    0     0    44 3853 5286 16  3 80  0  0
 3  0      0 499392 160236 2714820    0    0     0     0 3874 4743 13  3 83  1  0
 2  0      0 414760 160236 2722644    0    0     0     0 4128 5488 14  5 81  0  0
 3  0      0 321060 160244 2734024    0    0     0   372 4893 5952 13  6 80  1  0
 3  0      0 248652 157936 2696340    0    0     0    52 3501 4878 12  7 80  0  0
 3  0      0 2246020 157936 2697692    0    0     0    12 4720 7106 15  7 79  0  0
 2  0      0 2600676 157936 2697844    0    0     0     0 3136 4231 17  3 80  0  0
procs -----------memory---------- ---swap-- -----io---- -system-- ------cpu-----
 r  b   swpd   free   buff  cache   si   so    bi    bo   in   cs us sy id wa st
 4  0      0 2600180 157936 2697848    0    0     0     0 4750 6783 19  3 77  0  0
 1  0      0 3518568 157940 2697868    0    0     0   192 3300 4311  9  9 83  0  0
 1  0      0 3518072 157940 2697876    0    0     0    20 3669 5696  3  3 95  0  0
