procs -----------memory---------- ---swap-- -----io---- -system-- ------cpu-----
 r  b   swpd   free   buff  cache   si   so    bi    bo   in   cs us sy id wa st
 2  0      0 1211688 146424 5181340    0    0     8    19    1    7  2  5 93  0  0
 0  0      0 1214140 146424 5181396    0    0     0   120 15336 26650 11 14 75  0  0
 0  0      0 1214140 146424 5181444    0    0     0   476 12418 20236  1  6 93  1  0
 0  0      0 1214140 146424 5181496    0    0     0   704 13513 22563  2  7 91  0  0
 0  0      0 1214140 146424 5181528    0    0     0   392 12581 20654  1  6 93  0  0
 0  0      0 1214140 146424 5181588    0    0     0     8 12695 20652  1  6 93  0  0
 0  0      0 1214140 146424 5181656    0    0     0   172 13137 21569  1  7 91  0  0
 4  0      0 1214140 146424 5181728    0    0     0   428 12565 20338  1  8 90  0  0
 0  0      0 1214140 146424 5181780    0    0     0    16 12531 20445  1  6 93  0  0
 0  0      0 1214140 146424 5181820    0    0     0     0 12983 21022  1  6 93  0  0
 0  0      0 1214140 146424 5181876    0    0     0     0 13008 21062  1  7 92  0  0
 1  0      0 1214140 146424 5181932    0    0     0   100 12878 20848  1  7 92  0  0
 0  0      0 1214140 146424 5181956    0    0     0   680 12719 20570  1  7 91  1  0
 2  0      0 1214140 146424 5182000    0    0     0     0 13955 23101  3  7 91  0  0
 1  0      0 1214140 146424 5182056    0    0     0     8 13271 21641  2  5 93  0  0
 0  0      0 1214140 146424 5182132    0    0     0     0 13164 21083  1  6 93  0  0
 7  0      0 1209116 146424 5182200    0    0     0    24 14838 25048 11 13 77  0  0
 2  0      0 1198420 146424 5182240    0    0     0   296 15305 26229  9 14 76  0  0
 0  0      0 1207452 146424 5182300    0    0     0    44 13523 22953  5 10 85  0  0
 0  0      0 1207204 146424 5182340    0    0     0     8 14146 23636  5  9 86  0  0
 1  0      0 1207204 146424 5182388    0    0     0     8 12363 20258  1  6 93  0  0
procs -----------memory---------- ---swap-- -----io---- -system-- ------cpu-----
 r  b   swpd   free   buff  cache   si   so    bi    bo   in   cs us sy id wa st
 0  0      0 1207204 146424 5182448    0    0     0    20 12948 21163  0  7 93  0  0
 0  0      0 1207204 146424 5182504    0    0     0   448 13415 21189  1  8 90  1  0
 0  0      0 1207204 146424 5182580    0    0     0    84 14069 23129  1  8 90  0  0
 0  0      0 1207204 146424 5182636    0    0     0    12 12658 20598  1  7 92  0  0
 0  0      0 1207204 146424 5182688    0    0     0     8 12303 20330  1  7 92  0  0
 0  0      0 1207204 146424 5182744    0    0     0     8 12881 21399  1  8 91  0  0
 0  0      0 1207204 146424 5182780    0    0     0   264 13218 21059  1  7 91  0  0
 0  0      0 1205992 146424 5182856    0    0     0   312 14621 23620  3 11 86  0  0
 3  0      0 1180408 146424 5183332    0    0     0  1296 19046 32536  9 17 71  2  0
 2  0      0 1166324 146424 5184660    0    0     0   752 14345 23940 15 11 73  1  0
 1  0      0 1016444 146424 5184828    0    0     0     4 13614 21780 16 10 75  0  0
 3  0      0 1003604 146424 5185092    0    0     0   692 13389 21239 16  8 76  0  0
 5  0      0 985784 146424 5185432    0    0     0    72 15020 24691 21 12 67  0  0
 1  0      0 962360 146424 5185604    0    0     0   588 14500 26421 25 13 62  0  0
 1  0      0 941984 146424 5185824    0    0     0  1052 13554 24479 24 11 64  1  0
 1  0      0 859408 146424 5197824    0    0     0     4 16611 26285 18 12 68  1  0
 1  0      0 841280 146424 5197980    0    0     0     0 10161 17902 18  6 76  0  0
 1  0      0 830708 146424 5198176    0    0     0    52 10376 18132 17  6 77  0  0
 1  0      0 824420 146424 5198304    0    0     0    96 11991 19799 18  7 75  0  0
 1  0      0 818124 146424 5198496    0    0     0   464 12627 20843 17  7 75  1  0
 2  0      0 585088 146424 5198672    0    0     0     8 12862 21040 16  9 75  0  0
procs -----------memory---------- ---swap-- -----io---- -system-- ------cpu-----
 r  b   swpd   free   buff  cache   si   so    bi    bo   in   cs us sy id wa st
 1  0      0 564184 146424 5199012    0    0     0    24 12189 20144 17  7 76  0  0
 1  0      0 515708 146424 5203748    0    0     0   416 14913 23577 12  9 77  2  0
 0  0      0 512424 146424 5207216    0    0     0   112 15665 24923 12 10 75  2  0
 0  1      0 509736 146428 5209836    0    0     0   920 14524 22775 11  8 78  3  0
 3  0      0 499528 146428 5213972    0    0     0     4 14759 23211 14 10 74  2  0
 3  0      0 466356 146428 5218352    0    0     0    36 14429 22490 12  9 77  2  0
 1  0      0 484632 146428 5220760    0    0     0     8 14740 23178 12  8 77  2  0
 2  0      0 472384 146428 5221740    0    0     0    72 11600 19446 15  6 78  1  0
 2  0      0 1160996 146428 5221780    0    0     0   328 11790 20946 19 12 68  0  0
 2  0      0 1160760 146428 5221852    0    0     0    32 14833 25878  9 13 78  0  0
 0  0      0 1164776 146428 5221908    0    0     0     8 14979 25417  9 11 80  0  0
 0  0      0 1175380 146428 5213764    0    0     0   152 14694 24248  7 10 83  0  0
 0  0      0 1175132 146428 5213828    0    0     0    44 14020 22860  1  9 90  0  0
 1  0      0 1175132 146428 5213900    0    0     0   552 13112 21211  1  7 92  0  0
 2  0      0 1174632 146428 5213964    0    0     0    12 13023 21187  1  7 92  0  0
 0  0      0 1174884 146428 5214004    0    0     0    24 13201 21414  2  8 90  0  0
 0  0      0 1174884 146428 5214048    0    0     0    60 12659 20945  1  6 92  0  0
 0  0      0 1174884 146428 5214100    0    0     0    32 13969 22767  2  7 91  0  0
 1  0      0 1177144 146428 5214156    0    0     0   304 12976 21121  1  7 92  0  0
 1  0      0 1177144 146428 5214204    0    0     0    88 13241 21372  2  8 91  0  0
 0  0      0 1177144 146428 5214268    0    0     0    16 12954 20885  1  7 92  0  0
procs -----------memory---------- ---swap-- -----io---- -system-- ------cpu-----
 r  b   swpd   free   buff  cache   si   so    bi    bo   in   cs us sy id wa st
 0  0      0 1176644 146428 5214336    0    0     0    60 13636 22220  2  7 90  0  0
 0  0      0 1176644 146428 5214376    0    0     0   224 14414 23374  2  7 91  0  0
 1  0      0 1176644 146428 5214424    0    0     0   656 13409 21434  1  6 93  1  0
 0  0      0 1176644 146428 5214472    0    0     0   724 13473 21624  1  8 91  0  0
 2  0      0 1180368 146428 5214524    0    0     0    40 13461 22271  6 11 83  0  0
 0  0      0 1186184 146428 5214592    0    0     0    72 14704 25543  8 14 78  0  0
 0  0      0 1181584 146428 5214640    0    0     0     0 14927 25439 11 13 76  0  0
 1  0      0 1181848 146436 5214696    0    0     0   428 14950 24845  7 11 82  0  0
 2  0      0 1181848 146436 5214768    0    0     0    88 12540 20182  1  7 92  0  0
 2  0      0 1181600 146436 5214828    0    0     0    64 12885 20970  1  6 92  0  0
 0  0      0 1181600 146436 5214884    0    0     0    44 13247 21595  2  7 92  0  0
 0  0      0 1181600 146436 5214932    0    0     0    68 15152 24865  2  8 89  0  0
 1  0      0 1181352 146440 5214984    0    0     0   636 12810 20769  1  6 93  0  0
 0  0      0 1181352 146440 5215032    0    0     0    64 12846 21023  2  6 92  0  0
 0  0      0 1181352 146440 5215068    0    0     0   360 13898 22544  2  9 89  0  0
 0  0      0 1181352 146440 5215124    0    0     0    32 13074 21255  1  6 93  0  0
 0  0      0 1181352 146440 5215188    0    0     0    68 13331 21297  1  6 93  0  0
 4  0      0 1181352 146440 5215264    0    0     0     4 13035 21062  1  6 92  0  0
 3  0      0 1181352 146440 5215316    0    0     0    28 13657 21256  1  7 93  0  0
 2  0      0 1181352 146440 5215368    0    0     0   296 13318 21502  1  8 91  0  0
 0  0      0 1181352 146440 5215408    0    0     0   252 14132 22735  2  6 92  0  0
procs -----------memory---------- ---swap-- -----io---- -system-- ------cpu-----
 r  b   swpd   free   buff  cache   si   so    bi    bo   in   cs us sy id wa st
 2  0      0 1178552 146440 5215476    0    0     0    92 15124 25162  7 11 82  0  0
 2  0      0 1172580 146440 5215500    0    0     0     0 15405 26712 10 14 75  0  0
 0  0      0 1171608 146440 5215576    0    0     0    20 15165 26029 10 13 78  0  0
 0  0      0 1172368 146440 5215628    0    0     0   272 14141 23419  5 11 85  0  0
 0  0      0 1172368 146440 5215692    0    0     0    76 12763 20966  1  7 92  0  0
 1  0      0 1172368 146440 5215760    0    0     0   120 13197 21819  1  6 93  0  0
 0  0      0 1172368 146440 5215788    0    0     0    16 12705 20775  1  6 93  0  0
 0  0      0 1172368 146440 5215840    0    0     0     0 12805 20900  1  6 93  0  0
 0  0      0 1172368 146444 5215888    0    0     0   260 12942 21270  1  7 91  0  0
 0  0      0 1172368 146444 5215928    0    0     0   280 14004 22835  2  8 90  0  0
 2  0      0 1172368 146444 5216000    0    0     0   132 13764 22397  1  7 91  0  0
 1  0      0 1172368 146444 5216064    0    0     0   284 12753 20574  1  6 93  0  0
 1  0      0 1172368 146444 5216124    0    0     0     4 12492 20275  1  6 94  0  0
 0  0      0 1172368 146444 5216188    0    0     0  1164 13404 21588  2  9 90  0  0
 0  0      0 1172368 146444 5216228    0    0     0    80 12951 20935  1  7 92  0  0
 0  0      0 1172368 146444 5216268    0    0     0   132 12775 20633  1  8 91  0  0
 0  0      0 1172368 146444 5216324    0    0     0    72 12851 20760  0  8 92  0  0
 5  0      0 1165780 146444 5216364    0    0     0    16 13330 21639  4  9 87  0  0
 1  0      0 1164156 146444 5216432    0    0     0   260 15511 27195 12 13 75  0  0
 0  0      0 1166100 146444 5216500    0    0     0   440 15212 26146 11 13 76  0  0
 1  0      0 1166100 146444 5216548    0    0     0   164 15571 25702  8 10 82  0  0
procs -----------memory---------- ---swap-- -----io---- -system-- ------cpu-----
 r  b   swpd   free   buff  cache   si   so    bi    bo   in   cs us sy id wa st
 0  0      0 1166100 146444 5216612    0    0     0    88 13192 21362  1  7 92  0  0
 0  0      0 1166100 146444 5216656    0    0     0    16 12673 20653  1  6 93  0  0
 0  0      0 1166100 146448 5216704    0    0     0   244 12719 21011  2  7 90  0  0
 0  0      0 1166100 146448 5216756    0    0     0    40 13247 21190  2  6 92  0  0
 2  0      0 1166100 146448 5216808    0    0     0   160 12756 20746  1  7 92  0  0
 2  0      0 1166100 146448 5216868    0    0     0    96 12515 20214  1  6 93  0  0
 0  0      0 1168148 146448 5216920    0    0     0    16 12803 20620  1  7 92  0  0
 0  0      0 1168148 146456 5216980    0    0     0   480 13536 21781  2  8 90  0  0
 0  0      0 1166852 146456 5216888    0    0     0   160 13731 22643  2  8 90  0  0
 2  0      0 1141920 146456 5217548    0    0     0  1272 18265 31822  9 14 74  2  0
 1  0      0 1134552 146456 5219480    0    0     0   860 12619 22429 14 10 76  1  0
 2  0      0 980624 146456 5219620    0    0     0    92 11874 19908 17  6 77  0  0
 1  0      0 966800 146456 5219852    0    0     0     8 13417 21675 17  9 74  0  0
 4  0      0 936912 146456 5220204    0    0     0   540 13548 21318 18  8 74  0  0
 2  0      0 928936 146456 5220420    0    0     0    56 15409 28316 28 16 56  0  0
 1  0      0 913820 146456 5220732    0    0     0   464 14708 26486 24 14 62  0  0
 4  0      0 832272 146456 5220912    0    0     0   100 14154 23527 18 12 70  0  0
 1  0      0 823720 146456 5221236    0    0     0    16 13361 21344 18  7 75  0  0
 1  0      0 814156 146456 5221464    0    0     0     0 13269 21750 17  8 75  0  0
 1  0      0 804848 146456 5221640    0    0     0    16 12944 21216 17  8 75  0  0
 1  0      0 799304 146456 5221876    0    0     0   872 13294 21344 18  6 74  2  0
procs -----------memory---------- ---swap-- -----io---- -system-- ------cpu-----
 r  b   swpd   free   buff  cache   si   so    bi    bo   in   cs us sy id wa st
 8  0      0 562504 146456 5222092    0    0     0   120 13194 21396 16  9 76  0  0
 1  0      0 548680 146456 5222524    0    0     0    28 12859 21197 17  8 75  0  0
 1  0      0 499768 146456 5225080    0    0     0   752 13332 21769 11  8 79  2  0
 1  0      0 497392 146456 5226432    0    0     0     8 12804 20975 11  9 78  2  0
 2  0      0 495796 146456 5227856    0    0     0   544 13582 22268 12  9 78  2  0
 1  0      0 485680 146456 5229760    0    0     0   108 13146 21290 11  7 79  2  0
 1  0      0 479092 146456 5231480    0    0     0    88 12889 21389 12  8 78  2  0
 1  0      0 464824 146456 5232620    0    0     0     8 12542 21349 14  8 77  1  0
 1  0      0 475964 146456 5232672    0    0     0     0 11192 20056 18  7 75  0  0
 0  0      0 1166680 146460 5232740    0    0     0   752 13044 21015  2  9 88  1  0
 5  0      0 1158596 146460 5232792    0    0     0   116 13015 20986  2  7 91  0  0
 0  0      0 1149624 146460 5232872    0    0     0    56 16056 27772 12 16 72  0  0
 0  0      0 1148404 146460 5232916    0    0     0    60 15992 26902 11 13 76  0  0
 0  0      0 1150424 146460 5232960    0    0     0    48 14003 23174  6 10 84  0  0
 2  0      0 1150424 146468 5233016    0    0     0   352 13109 21098  1  8 90  0  0
 1  0      0 1150424 146468 5233068    0    0     0   116 12927 20783  1  7 92  0  0
 1  0      0 1150172 146468 5233112    0    0     0    72 13175 21296  1  7 92  0  0
 0  0      0 1150172 146468 5233176    0    0     0    60 13807 22290  2  7 91  0  0
 1  0      0 1150176 146468 5233252    0    0     0     8 14041 22885  1  8 91  0  0
 0  0      0 1150176 146468 5233300    0    0     0   596 12778 20644  1  7 92  0  0
 1  0      0 1150288 146468 5233356    0    0     0    96 13513 21785  2  7 91  0  0
procs -----------memory---------- ---swap-- -----io---- -system-- ------cpu-----
 r  b   swpd   free   buff  cache   si   so    bi    bo   in   cs us sy id wa st
 2  0      0 1150288 146468 5233408    0    0     0    80 13369 21717  2  8 90  0  0
 1  0      0 1150300 146468 5233456    0    0     0    48 13076 21359  1  6 93  0  0
 0  0      0 1149812 146468 5233496    0    0     0    36 13834 22524  1  7 92  0  0
 1  0      0 1149812 146468 5233560    0    0     0   256 13119 21182  1  7 92  0  0
 2  0      0 1147476 146468 5233616    0    0     0   140 13748 22563  5  9 87  0  0
 0  0      0 1146152 146468 5233688    0    0     0    28 15613 27358 10 14 75  0  0
 1  0      0 1141304 146468 5233744    0    0     0    96 15457 26769 10 14 77  0  0
 2  0      0 1143180 146468 5233800    0    0     0    36 14788 24425  5 11 84  0  0
 0  0      0 1143180 146472 5233840    0    0     0   496 13430 21449  1  7 92  1  0
 2  0      0 1143180 146472 5233900    0    0     0   136 13230 21479  2  7 91  0  0
 0  0      0 1143180 146472 5233940    0    0     0    52 13480 21877  1  8 91  0  0
 1  0      0 1143180 146472 5233988    0    0     0    60 13878 22116  1  8 91  0  0
 1  0      0 1143180 146472 5234052    0    0     0   760 12981 21114  1  7 93  0  0
 0  0      0 1143432 146472 5234120    0    0     0   412 12569 20606  1  7 92  0  0
 0  0      0 1143432 146472 5234184    0    0     0    64 12869 20788  1  7 93  0  0
 0  0      0 1143180 146472 5234240    0    0     0    92 12754 20904  1  7 92  0  0
 1  0      0 1143180 146472 5234280    0    0     0    56 13180 21463  2  9 89  0  0
 0  0      0 1145144 146472 5234344    0    0     0    80 14812 23991  2  9 90  0  0
 1  0      0 1131952 146476 5234388    0    0     0   620 13007 21121  3  8 89  1  0
 2  0      0 1153284 146476 5234428    0    0     0   100 16716 29826 17 16 68  0  0
 0  0      0 1145552 146476 5234496    0    0     0   104 15069 26264 11 15 75  0  0
procs -----------memory---------- ---swap-- -----io---- -system-- ------cpu-----
 r  b   swpd   free   buff  cache   si   so    bi    bo   in   cs us sy id wa st
 0  0      0 1147620 146476 5234560    0    0     0    32 14108 23705  4 10 86  0  0
 0  0      0 1147620 146476 5234644    0    0     0    56 12624 20756  1  6 93  0  0
 0  0      0 1147620 146476 5234692    0    0     0   308 12604 20746  1  7 92  0  0
 0  0      0 1147620 146476 5234736    0    0     0    96 12683 20947  1  6 93  0  0
 1  0      0 1147620 146476 5234772    0    0     0    84 13001 21471  1  7 92  0  0
 0  0      0 1147620 146476 5234828    0    0     0    44 13772 22433  2  7 91  0  0
 0  0      0 1147620 146476 5234880    0    0     0    40 14074 23021  1  7 91  0  0
 0  0      0 1147620 146476 5234936    0    0     0   588 13117 21287  1  7 91  1  0
 2  0      0 1147620 146476 5235012    0    0     0    32 13036 21202  1  7 92  0  0
 0  0      0 1147368 146476 5235072    0    0     0   144 13218 21398  2  8 90  0  0
 1  0      0 1147368 146476 5235128    0    0     0    12 12860 21229  1  6 93  0  0
 0  0      0 1147368 146476 5235180    0    0     0    76 14640 23874  1  8 91  0  0
 0  0      0 1147368 146480 5235224    0    0     0   296 13122 21094  2  7 91  0  0
 1  0      0 1147368 146480 5235276    0    0     0    44 13191 21106  1  7 92  0  0
 0  0      0 1147368 146480 5235320    0    0     0    60 13548 21804  2  9 89  0  0
 1  0      0 1147368 146480 5235360    0    0     0    88 13888 22666  1  7 92  0  0
 3  0      0 1147368 146480 5235440    0    0     0    32 13609 22136  1  7 92  0  0
 0  0      0 1147368 146480 5235520    0    0     0   476 13298 21102  1  7 93  0  0
 1  0      0 1147368 146480 5235564    0    0     0    48 12945 20947  1  7 91  0  0
 0  0      0 1147368 146480 5235612    0    0     0    92 13590 21936  1  8 91  0  0
 0  0      0 1147368 146480 5235652    0    0     0    16 13341 21427  1  7 92  0  0
procs -----------memory---------- ---swap-- -----io---- -system-- ------cpu-----
 r  b   swpd   free   buff  cache   si   so    bi    bo   in   cs us sy id wa st
 0  0      0 1147368 146480 5235716    0    0     0   108 13078 20987  1  8 91  0  0
 3  0      0 1147368 146480 5235764    0    0     0  1036 13536 21607  1  8 91  0  0
 0  0      0 1147128 146480 5235816    0    0     0    40 12929 20882  1  7 93  0  0
 0  0      0 1146624 146480 5235876    0    0     0   112 13475 21567  1  7 92  0  0
 0  0      0 1146624 146480 5235936    0    0     0     8 13135 21321  2  7 92  0  0
 0  0      0 1146624 146480 5236004    0    0     0    36 14571 23870  2  8 90  0  0
 0  0      0 1146624 146484 5236056    0    0     0   780 13121 21140  1  8 91  0  0
 1  0      0 1146624 146484 5236096    0    0     0    60 13243 21294  1  8 91  0  0
 0  0      0 1146176 146484 5236156    0    0     0   136 13669 22172  3  8 89  0  0
 2  0      0 1145924 146484 5236200    0    0     0     8 13371 21497  1  8 92  0  0
 1  0      0 1145924 146484 5236240    0    0     0    12 12540 20156  1  7 93  0  0
 0  0      0 1145924 146484 5236316    0    0     0   260 13203 21326  2  7 91  0  0
 2  0      0 1145924 146484 5236380    0    0     0   120 12990 20764  1  7 92  0  0
 0  0      0 1145672 146484 5236444    0    0     0    60 13068 21283  1  7 92  0  0
 0  0      0 1145420 146484 5236488    0    0     0   124 13835 22537  1  8 91  0  0
 1  0      0 1145420 146484 5236544    0    0     0     4 13669 22636  1  7 92  0  0
 0  0      0 1145420 146484 5236584    0    0     0   460 13101 20895  1  7 92  0  0
 2  0      0 1145420 146484 5236624    0    0     0    52 13700 22129  2  8 91  0  0
 0  0      0 1145168 146484 5236684    0    0     0   152 13438 21668  2  7 91  0  0
 0  0      0 1145168 146484 5236748    0    0     0    84 13396 21752  1  7 92  0  0
 1  0      0 1145168 146484 5236820    0    0     0    12 14195 22570  1  7 92  0  0
procs -----------memory---------- ---swap-- -----io---- -system-- ------cpu-----
 r  b   swpd   free   buff  cache   si   so    bi    bo   in   cs us sy id wa st
 1  0      0 1145168 146488 5236884    0    0     0   248 13261 21221  1  7 92  0  0
 1  0      0 1145168 146488 5236936    0    0     0    44 13091 20862  1  6 92  0  0
 4  0      0 1144916 146488 5236984    0    0     0    60 13370 21460  2  8 90  0  0
 0  0      0 1144916 146488 5237032    0    0     0   180 13706 22137  1  7 91  0  0
