procs -----------memory---------- ---swap-- -----io---- -system-- ------cpu-----
 r  b   swpd   free   buff  cache   si   so    bi    bo   in   cs us sy id wa st
 5  0      0 4034928 157644 2011224    0    0     7     3    2    3  1  2 97  0  0
 0  0      0 4034556 157644 2011264    0    0     0    92 6724 11099 14 10 76  0  0
 0  0      0 4034316 157644 2011272    0    0     0     0 1702 2141  1  2 98  0  0
 0  0      0 4034316 157644 2011280    0    0     0    44 1707 2296  2  1 97  0  0
 0  0      0 4034316 157644 2011280    0    0     0     0 1529 1975  2  1 96  0  0
 0  0      0 4034316 157644 2011288    0    0     0    12 3325 5138  2  3 95  0  0
 0  0      0 4034316 157644 2011292    0    0     0    92 2178 3103  1  2 97  0  0
 0  0      0 4034316 157644 2011296    0    0     0     0 1828 2542  1  2 98  0  0
 0  0      0 4034316 157644 2011308    0    0     0    32 1464 1796  1  1 97  0  0
 0  0      0 4034316 157644 2011312    0    0     0     0 1584 2168  1  2 98  0  0
 1  0      0 4033824 157644 2011320    0    0     0     8 1738 2195  1  3 96  0  0
 0  0      0 4033824 157644 2011324    0    0     0    92 1751 2261  1  2 96  0  0
 2  0      0 4033824 157644 2011324    0    0     0     4 1732 2347  2  2 97  0  0
 0  0      0 4033824 157644 2011332    0    0     0     0 2246 3242  1  2 97  0  0
 0  0      0 4033824 157644 2011336    0    0     0    16 1640 2146  1  2 98  0  0
 0  0      0 4033576 157644 2011344    0    0     0     4 3264 5133  2  3 95  0  0
 1  0      0 4033336 157644 2011348    0    0     0    64 1974 2688  1  2 97  0  0
 0  0      0 4033336 157644 2011364    0    0     0    32 2415 3540  1  2 97  0  0
 0  0      0 4033336 157644 2011364    0    0     0    24 1533 1849  1  1 98  0  0
 0  0      0 4033336 157644 2011368    0    0     0    24 1695 2153  1  1 98  0  0
 1  0      0 4033336 157644 2011376    0    0     0     0 1886 2528  4  3 94  0  0
procs -----------memory---------- ---swap-- -----io---- -system-- ------cpu-----
 r  b   swpd   free   buff  cache   si   so    bi    bo   in   cs us sy id wa st
 0  0      0 4033336 157644 2011384    0    0     0    68 1975 2684  2  2 96  0  0
 0  0      0 4033112 157644 2011392    0    0     0     0 1938 2673  1  2 98  0  0
 0  0      0 4033112 157644 2011396    0    0     0    32 1757 2313  1  2 97  0  0
 1  0      0 4033112 157644 2011396    0    0     0    12 1740 2187  2  2 97  0  0
 0  0      0 4032888 157644 2011408    0    0     0    24 3170 4812  2  3 95  0  0
 0  0      0 4032888 157644 2011416    0    0     0    72 2846 4284  2  3 96  0  0
 0  0      0 4032888 157644 2011420    0    0     0     8 1881 2506  2  2 96  0  0
 0  0      0 4032888 157644 2011424    0    0     0     0 1823 2410  1  2 97  0  0
 0  0      0 4032888 157644 2011428    0    0     0    32 1588 2114  1  2 98  0  0
 1  0      0 4032888 157644 2011440    0    0     0    40 2566 3684  2  3 95  0  0
 0  0      0 4032888 157644 2011440    0    0     0    52 1822 2362  1  2 96  0  0
 0  0      0 4032888 157644 2011444    0    0     0     4 1687 2227  2  2 97  0  0
 0  0      0 4032888 157644 2011452    0    0     0     0 1844 2461  1  2 96  0  0
 0  0      0 4032664 157644 2011460    0    0     0    20 2123 2966  2  2 97  0  0
 0  0      0 4032160 157644 2011468    0    0     0    24 3339 5130  3  4 93  0  0
 0  0      0 4032160 157644 2011472    0    0     0    56 1982 2735  1  2 97  0  0
 0  0      0 4032160 157644 2011476    0    0     0     0 1861 2543  1  2 97  0  0
 0  0      0 4032160 157644 2011484    0    0     0     8 1456 1795  1  2 98  0  0
 0  0      0 4032160 157644 2011488    0    0     0     0 2092 3020  1  2 97  0  0
 1  0      0 4032160 157644 2011496    0    0     0    20 2015 2696  1  3 96  0  0
 0  0      0 4032160 157644 2011500    0    0     0    92 2104 2693  2  2 96  0  0
procs -----------memory---------- ---swap-- -----io---- -system-- ------cpu-----
 r  b   swpd   free   buff  cache   si   so    bi    bo   in   cs us sy id wa st
 1  0      0 4032160 157644 2011516    0    0     0     4 1648 2105  1  2 98  0  0
 0  0      0 4032160 157644 2011516    0    0     0     8 1977 2712  1  2 97  0  0
 0  0      0 4032160 157644 2011524    0    0     0     0 1595 2107  1  2 98  0  0
 0  0      0 4031908 157644 2011532    0    0     0    24 3084 4759  1  3 96  0  0
 0  0      0 4031684 157644 2011540    0    0     0   128 2551 3704  2  2 96  1  0
 0  0      0 4031684 157644 2011544    0    0     0     8 1818 2383  1  2 97  0  0
 0  0      0 4031684 157644 2011548    0    0     0    12 2200 3048  1  2 97  0  0
 0  0      0 4031684 157644 2011552    0    0     0    12 1799 2386  1  2 97  0  0
 1  0      0 4031684 157644 2011564    0    0     0     0 2418 3403  2  4 95  0  0
 0  0      0 4031432 157644 2011568    0    0     0   132 2255 3052  3  3 94  0  0
 2  0      0 4031432 157644 2011572    0    0     0     0 2093 2958  1  1 97  0  0
 0  0      0 4031432 157644 2011576    0    0     0     8 1649 2186  1  1 97  0  0
 0  0      0 4031432 157644 2011584    0    0     0    12 1760 2292  1  2 97  0  0
 0  0      0 4031432 157644 2011588    0    0     0     0 3295 5103  2  3 95  0  0
 0  0      0 4031180 157644 2011592    0    0     0    64 2107 2875  1  2 97  0  0
 1  0      0 4031180 157644 2011596    0    0     0    56 1830 2435  2  2 96  0  0
 0  0      0 4031180 157644 2011596    0    0     0     0 1563 2010  1  1 98  0  0
 0  0      0 4031180 157644 2011616    0    0     0    16 1770 2350  1  2 97  0  0
 1  0      0 4030928 157644 2011624    0    0     0     4 2413 3295  3  3 95  0  0
 0  0      0 4030928 157644 2011624    0    0     0    64 1812 2477  1  2 97  0  0
 0  0      0 4030928 157644 2011632    0    0     0     0 1629 2046  1  1 98  0  0
procs -----------memory---------- ---swap-- -----io---- -system-- ------cpu-----
 r  b   swpd   free   buff  cache   si   so    bi    bo   in   cs us sy id wa st
 0  0      0 4030928 157644 2011636    0    0     0    56 1524 1928  1  2 98  0  0
 0  0      0 4030928 157644 2011636    0    0     0     0 1756 2293  1  2 98  0  0
 0  0      0 4030676 157644 2011652    0    0     0    16 3007 4685  2  3 95  0  0
 1  0      0 4030676 157644 2011660    0    0     0    68 2282 3251  3  2 95  0  0
 0  0      0 4030676 157644 2011660    0    0     0     0 1856 2655  1  2 97  0  0
 0  0      0 4030676 157644 2011664    0    0     0    12 1446 1780  1  2 98  0  0
 0  0      0 4030676 157644 2011668    0    0     0    24 1508 1926  1  2 98  0  0
 0  0      0 4030424 157644 2011672    0    0     0     8 2097 2795  2  3 94  0  0
 0  0      0 4030172 157644 2011680    0    0     0   120 1939 2498  1  2 96  0  0
 0  0      0 4030172 157644 2011684    0    0     0     4 1434 1884  1  2 98  0  0
 0  0      0 4030172 157644 2011688    0    0     0     0 1637 2079  1  2 98  0  0
 0  0      0 4030172 157644 2011692    0    0     0    12 1860 2583  1  2 97  0  0
 2  0      0 4030172 157644 2011700    0    0     0    28 3065 4868  1  3 95  0  0
 1  0      0 4030172 157644 2011708    0    0     0    60 1790 2400  1  2 97  0  0
 0  0      0 4030172 157644 2011712    0    0     0     8 2079 2935  2  1 97  0  0
 0  0      0 4030172 157644 2011716    0    0     0     4 1467 1782  1  2 98  0  0
 0  0      0 4030172 157644 2011716    0    0     0    12 1590 2013  1  2 98  0  0
 0  0      0 4029920 157644 2011728    0    0     0     8 2130 3007  2  3 94  0  0
 0  0      0 4029920 157644 2011732    0    0     0   132 1845 2460  1  2 97  0  0
 6  0      0 4029920 157644 2011748    0    0     0     0 1918 2544  3  2 96  0  0
 0  0      0 4029920 157644 2011752    0    0     0     8 1734 2282  2  2 97  0  0
procs -----------memory---------- ---swap-- -----io---- -system-- ------cpu-----
 r  b   swpd   free   buff  cache   si   so    bi    bo   in   cs us sy id wa st
 0  0      0 4029920 157644 2011756    0    0     0     4 1737 2280  1  2 97  0  0
 1  0      0 4029668 157644 2011760    0    0     0    20 2116 2858  1  2 97  0  0
 0  0      0 4029668 157644 2011764    0    0     0    92 3136 4840  2  3 94  1  0
 0  0      0 4029668 157644 2011772    0    0     0     8 2080 3021  2  2 96  0  0
 0  0      0 4029668 157644 2011776    0    0     0     0 1545 1935  1  2 98  0  0
 0  0      0 4029668 157644 2011784    0    0     0     8 1569 2100  1  2 98  0  0
 0  0      0 4029164 157644 2011792    0    0     0    20 1902 2521  2  3 96  0  0
 0  0      0 4029164 157644 2011796    0    0     0   156 1780 2379  1  2 97  0  0
 0  0      0 4029164 157644 2011800    0    0     0     8 1585 2102  1  2 97  0  0
 0  0      0 4029164 157644 2011808    0    0     0     0 1515 1894  1  1 98  0  0
 0  0      0 4028940 157644 2011812    0    0     0     0 1480 1858  1  1 97  0  0
 0  0      0 4028688 157644 2011820    0    0     0    12 2132 2990  1  2 97  0  0
 0  0      0 4028688 157644 2011824    0    0     0   108 3022 4650  2  3 96  0  0
 1  0      0 4028688 157644 2011828    0    0     0     0 2581 3863  3  2 95  0  0
 0  0      0 4028688 157644 2011828    0    0     0     4 1726 2170  0  2 98  0  0
 0  0      0 4028688 157644 2011840    0    0     0     0 1863 2548  1  2 97  0  0
 0  0      0 4028688 157644 2011844    0    0     0     0 2059 2901  3  3 94  0  0
 1  0      0 4014132 157644 2011856    0    0     0   112 1927 2515  2  3 95  0  0
