procs -----------memory---------- ---swap-- -----io---- -system-- ------cpu-----
 r  b   swpd   free   buff  cache   si   so    bi    bo   in   cs us sy id wa st
 6  0      0 881640 149388 5522968    0    0     7    20    4   10  2  5 93  0  0
 5  0      0 879056 149388 5523072    0    0     0    56 19966 35618 11 16 73  0  0
 0  0      0 879056 149388 5523152    0    0     0   128 16886 28275  2  9 89  0  0
 0  0      0 879056 149388 5523220    0    0     0   132 17085 28359  1 10 90  0  0
 0  0      0 879056 149388 5523288    0    0     0   432 17338 29119  2  9 89  0  0
 1  0      0 878832 149388 5523380    0    0     0   824 16941 27968  1  8 90  1  0
 0  0      0 878832 149388 5523464    0    0     0   136 17170 28413  2  9 89  0  0
 0  0      0 872784 149388 5531596    0    0     0    60 16743 28048  2 11 88  0  0
 0  0      0 872784 149388 5531744    0    0     0    84 17413 28839  1 10 89  0  0
 0  0      0 872784 149388 5531824    0    0     0    56 17345 28678  2 10 88  0  0
 0  0      0 872784 149388 5531896    0    0     0   324 17705 29018  1 10 89  0  0
 0  0      0 872784 149388 5532000    0    0     0   168 17761 29445  1  9 90  0  0
 2  0      0 872532 149388 5532036    0    0     0    32 16753 28493  1  9 90  0  0
 2  0      0 872532 149388 5532172    0    0     0   140 16862 28204  1  8 91  0  0
 0  0      0 872532 149388 5532228    0    0     0    92 17851 30027  2  9 90  0  0
 0  0      0 872532 149388 5532296    0    0     0   660 17563 28918  1 11 87  1  0
 1  0      0 854556 149388 5532340    0    0     0   108 19525 33239 11 16 74  0  0
 3  0      0 869992 149388 5532468    0    0     0   188 19338 33322  9 15 75  0  0
 0  0      0 868176 149388 5532556    0    0     0    52 17883 30828  6 13 81  0  0
 2  0      0 868176 149388 5532584    0    0     0   248 18147 31548  7 14 79  0  0
 0  0      0 867928 149388 5532656    0    0     0   304 16416 27694  1  8 91  0  0
procs -----------memory---------- ---swap-- -----io---- -system-- ------cpu-----
 r  b   swpd   free   buff  cache   si   so    bi    bo   in   cs us sy id wa st
 0  0      0 867928 149388 5532728    0    0     0    88 17178 28881  2  9 89  0  0
 1  0      0 867928 149388 5532824    0    0     0   112 17063 28647  1 10 89  0  0
 0  0      0 867928 149388 5532864    0    0     0   180 16761 27996  1  8 92  0  0
 1  0      0 867928 149388 5532932    0    0     0   160 17906 30110  1  9 90  0  0
 0  0      0 867928 149392 5533040    0    0     0   508 17634 28662  1 10 89  1  0
 0  0      0 867928 149392 5533052    0    0     0    80 17120 28354  2  9 89  0  0
 1  0      0 867928 149392 5533196    0    0     0   124 17073 28588  2 10 88  0  0
 2  0      0 867928 149392 5533252    0    0     0   100 16991 28235  1  9 90  0  0
 0  0      0 867928 149392 5533344    0    0     0   240 17636 29003  1 10 89  0  0
 4  0      0 867928 149392 5533404    0    0     0   768 17389 28514  1  8 88  3  0
 1  0      0 867928 149392 5533504    0    0     0    60 18222 30327  2 10 88  0  0
 0  0      0 867676 149392 5533536    0    0     0    88 17239 28527  1 10 89  0  0
 2  0      0 867676 149392 5533624    0    0     0    84 16629 27836  1  9 91  0  0
 5  0      0 868436 149392 5533680    0    0     0    96 17845 29469  3 11 86  0  0
 0  0      0 870512 149392 5533732    0    0     0   524 20073 34994 13 19 68  0  0
 0  0      0 871596 149392 5533856    0    0     0   116 19353 33969 12 16 72  0  0
 0  0      0 871596 149392 5533924    0    0     0    80 17881 30647  6 13 82  0  0
 0  0      0 871348 149392 5534000    0    0     0    40 16999 28635  2  9 90  0  0
 3  0      0 871348 149392 5534092    0    0     0    88 17107 28250  1 10 89  0  0
 0  0      0 871348 149392 5534132    0    0     0   772 17310 28436  1  9 90  0  0
 1  0      0 871348 149392 5534228    0    0     0    56 17333 28668  1 10 89  0  0
procs -----------memory---------- ---swap-- -----io---- -system-- ------cpu-----
 r  b   swpd   free   buff  cache   si   so    bi    bo   in   cs us sy id wa st
 2  0      0 871348 149392 5534296    0    0     0    44 16888 28249  1 10 89  0  0
 1  0      0 871348 149392 5534348    0    0     0    52 17241 28405  2  9 90  0  0
 0  0      0 871096 149392 5534408    0    0     0   112 17672 29585  2 10 88  0  0
 0  0      0 871096 149396 5534524    0    0     0   404 17131 28391  2  9 89  0  0
 0  0      0 871096 149396 5534596    0    0     0    24 17862 30021  1 11 88  0  0
 1  0      0 871096 149396 5534696    0    0     0    88 17413 28839  1  9 89  0  0
 0  0      0 871096 149396 5534740    0    0     0   116 17057 28602  1  9 90  0  0
 0  0      0 871096 149396 5534804    0    0     0    84 17320 28318  2 10 89  0  0
 0  0      0 871096 149396 5534904    0    0     0   688 17395 28767  1 10 87  3  0
 5  0      0 870872 149396 5534984    0    0     0    12 17478 29014  2 10 88  0  0
 0  0      0 869028 149396 5535048    0    0     0   104 19325 34295 13 18 69  0  0
 0  0      0 863256 149396 5535128    0    0     0    92 19098 33271 12 15 73  0  0
 0  0      0 864012 149396 5535196    0    0     0    76 18445 31311  6 12 82  0  0
 1  0      0 864012 149396 5535312    0    0     0   440 16978 28487  1  8 90  1  0
 0  0      0 864012 149396 5535356    0    0     0   100 17287 28856  2 10 89  0  0
 3  0      0 864012 149396 5535408    0    0     0    80 16981 28323  1 10 89  0  0
 0  0      0 864012 149396 5535508    0    0     0   124 17207 28637  1  9 90  0  0
 3  0      0 864012 149396 5535592    0    0     0    80 17204 28477  1 10 88  0  0
 0  0      0 863764 149396 5535648    0    0     0   840 17813 29219  1 10 88  1  0
 1  0      0 863764 149396 5535740    0    0     0   572 18098 30188  2 10 88  0  0
 1  0      0 863764 149396 5535828    0    0     0   100 17350 28732  2 11 88  0  0
procs -----------memory---------- ---swap-- -----io---- -system-- ------cpu-----
 r  b   swpd   free   buff  cache   si   so    bi    bo   in   cs us sy id wa st
 1  0      0 863764 149396 5535892    0    0     0    92 16734 27940  1  8 90  0  0
 2  0      0 863764 149396 5535932    0    0     0    24 17403 29271  1 11 88  0  0
 0  0      0 863764 149396 5536000    0    0     0   788 17129 28200  1  9 90  0  0
 0  0      0 863764 149396 5536096    0    0     0   296 17520 29082  1 10 89  0  0
 0  0      0 863524 149396 5536208    0    0     0    56 17150 28604  1 10 89  0  0
 2  0      0 863300 149396 5536236    0    0     0    80 16937 28225  2 10 88  0  0
 0  0      0 861000 149396 5536332    0    0     0    40 19757 35064 14 18 67  0  0
 0  0      0 861344 149396 5536444    0    0     0   732 19735 34687 11 17 72  0  0
 0  0      0 861344 149396 5536508    0    0     0   144 18353 31363  6 12 82  0  0
 0  0      0 863196 149396 5536564    0    0     0   152 17138 28304  2 10 88  0  0
 0  0      0 863196 149396 5536640    0    0     0    56 17083 28392  1  9 90  0  0
 0  0      0 862948 149396 5536704    0    0     0    32 18226 30215  1 10 89  0  0
 1  0      0 862948 149396 5536800    0    0     0   396 17252 28666  1 10 88  1  0
 0  0      0 862948 149396 5536824    0    0     0    96 17819 29722  2 11 87  0  0
 0  0      0 862444 149396 5536952    0    0     0   156 17672 28975  3 10 88  0  0
 0  0      0 862444 149396 5537036    0    0     0    96 16565 27876  1  9 90  0  0
 0  0      0 862444 149396 5537100    0    0     0   112 17349 28838  2 10 87  0  0
 0  0      0 862444 149396 5537152    0    0     0   692 17771 29229  1  9 90  0  0
 2  0      0 862444 149396 5537232    0    0     0    32 17507 28903  1  9 90  0  0
 1  0      0 862444 149396 5537312    0    0     0   148 17184 28687  2  9 89  0  0
 1  0      0 862444 149396 5537388    0    0     0   136 16969 27949  1 10 89  0  0
procs -----------memory---------- ---swap-- -----io---- -system-- ------cpu-----
 r  b   swpd   free   buff  cache   si   so    bi    bo   in   cs us sy id wa st
 2  0      0 862444 149396 5537448    0    0     0    64 17660 29549  1 10 89  0  0
 0  0      0 862220 149400 5537548    0    0     0   356 17135 28181  1 10 88  0  0
 1  0      0 861032 149400 5537636    0    0     0    52 19675 34511 14 17 69  0  0
 0  0      0 857984 149404 5537732    0    0     4   168 19564 34309 12 16 72  0  0
 3  0      0 860228 149404 5537792    0    0     0   148 18311 30973  5 13 82  0  0
 0  0      0 860492 149404 5537856    0    0     0   136 17943 30037  6 12 82  0  0
 0  0      0 860492 149404 5537940    0    0     0   820 17103 28054  1  9 89  1  0
 0  0      0 860248 149404 5538020    0    0     0    56 18481 30961  3 10 87  0  0
 1  0      0 860248 149404 5538060    0    0     0    96 17690 29355  2 10 88  0  0
 0  0      0 860248 149404 5538172    0    0     0   100 16935 28411  1  9 90  0  0
 1  0      0 860248 149404 5538252    0    0     0   132 17728 29378  1 10 89  0  0
 0  0      0 860248 149404 5538332    0    0     0   408 16929 28296  2  9 89  0  0
 0  0      0 860248 149404 5538392    0    0     0   472 17500 28931  2  9 89  0  0
 0  0      0 860248 149404 5538460    0    0     0    64 17360 28433  1 10 89  0  0
 0  0      0 860248 149404 5538528    0    0     0    84 16674 27932  1  9 90  0  0
 1  0      0 860248 149404 5538608    0    0     0   112 17428 28762  2 10 89  0  0
 3  0      0 860248 149404 5538688    0    0     0   728 17887 28964  1 10 88  1  0
 1  0      0 860248 149404 5538768    0    0     0    64 17207 28578  1 10 89  0  0
 1  0      0 860248 149404 5538840    0    0     0    80 16636 28109  1 10 89  0  0
 1  0      0 860460 149404 5538940    0    0     0    60 19103 33423 13 17 70  0  0
 4  0      0 861568 149404 5539000    0    0     0    64 19850 34306 11 17 72  0  0
procs -----------memory---------- ---swap-- -----io---- -system-- ------cpu-----
 r  b   swpd   free   buff  cache   si   so    bi    bo   in   cs us sy id wa st
 1  0      0 861568 149408 5539068    0    0     0   368 16824 28550  3 10 88  0  0
 0  0      0 863620 149408 5539132    0    0     0    80 18901 32240  8 13 79  0  0
 1  0      0 863620 149408 5539208    0    0     0   108 17344 28880  1 10 89  0  0
 0  0      0 863620 149408 5539288    0    0     0    44 16631 27852  1  9 90  0  0
 1  0      0 863620 149408 5539364    0    0     0    88 17200 28519  2 10 88  0  0
 0  0      0 863620 149408 5539456    0    0     0   728 17451 28573  1  9 90  0  0
 0  0      0 863620 149408 5539512    0    0     0    80 17229 29013  2 10 89  0  0
 0  0      0 863128 149408 5539604    0    0     0    32 17247 28710  1 10 88  0  0
 1  0      0 863128 149408 5539660    0    0     0    76 17157 28421  1 10 89  0  0
 0  0      0 863128 149408 5539744    0    0     0   116 17917 29815  2 11 88  0  0
 3  0      0 863128 149408 5539820    0    0     0   400 16496 27742  1  9 90  0  0
 1  0      0 863128 149408 5539896    0    0     0    68 17541 29007  2  9 89  0  0
 0  0      0 863128 149408 5539972    0    0     0    80 17520 28623  1 10 89  0  0
 0  0      0 863128 149408 5540052    0    0     0   500 17393 28599  1 10 89  0  0
 3  0      0 859232 149408 5540140    0    0     0   164 20333 35431 16 18 66  0  0
 1  0      0 857356 149408 5540212    0    0     0   816 19879 34849 12 17 66  5  0
 1  0      0 857864 149408 5540264    0    0     0    64 18206 30859  5 12 83  0  0
 0  0      0 857864 149408 5540344    0    0     0    76 17986 30170  5 13 81  0  0
 0  0      0 857864 149408 5540416    0    0     0   100 16464 27368  3  8 90  0  0
 0  0      0 857864 149408 5540504    0    0     0   100 17494 29067  2  9 90  0  0
 2  0      0 857864 149412 5540572    0    0     0   508 16818 28080  1 10 88  0  0
procs -----------memory---------- ---swap-- -----io---- -system-- ------cpu-----
 r  b   swpd   free   buff  cache   si   so    bi    bo   in   cs us sy id wa st
 0  0      0 857864 149412 5540636    0    0     0    60 16838 28151  1  9 90  0  0
 0  0      0 857864 149412 5540732    0    0     0   428 17339 28818  2 10 89  0  0
 2  0      0 857616 149412 5540796    0    0     0   116 17042 28200  1  9 90  0  0
 0  0      0 857616 149412 5540852    0    0     0    24 16846 28022  2 10 88  0  0
 0  0      0 857312 149412 5540940    0    0     0   916 17720 28967  2 10 86  3  0
 0  0      0 857312 149412 5541004    0    0     0    88 17562 29490  1 10 88  0  0
 0  0      0 856836 149412 5541084    0    0     0    24 17856 29191  2 11 88  0  0
 0  0      0 857800 149412 5541176    0    0     0    56 19428 34330 14 16 70  0  0
 0  0      0 862376 149412 5541244    0    0     0    32 18761 33566 10 15 75  0  0
 2  0      0 864636 149412 5541316    0    0     0   396 17422 29771  5 12 83  0  0
 2  0      0 864636 149412 5541384    0    0     0    48 17972 29698  2  9 89  0  0
 0  0      0 864636 149412 5541448    0    0     0    88 18051 29593  2 10 88  0  0
 0  0      0 864636 149412 5541532    0    0     0    92 16804 28129  2  9 89  0  0
 1  0      0 864384 149412 5541604    0    0     0    32 17202 28679  2 10 88  0  0
 0  0      0 864384 149412 5541676    0    0     0   716 17384 28332  2  9 89  0  0
 1  0      0 864384 149412 5541764    0    0     0   124 17253 28921  2  9 89  0  0
 0  0      0 875052 149412 5533628    0    0     0    64 16953 28355  2  8 89  0  0
 1  0      0 875052 149412 5533716    0    0     0    32 17042 27824  2 10 89  0  0
 3  0      0 875052 149412 5533796    0    0     0    32 17663 29342  1  9 89  0  0
 0  0      0 874800 149416 5533848    0    0     0   432 16852 27926  1  9 89  0  0
 0  0      0 874800 149416 5533928    0    0     0   140 17341 28577  1  9 90  0  0
procs -----------memory---------- ---swap-- -----io---- -system-- ------cpu-----
 r  b   swpd   free   buff  cache   si   so    bi    bo   in   cs us sy id wa st
 0  0      0 866328 149416 5534008    0    0     0    96 19514 34222 14 17 68  0  0
 0  0      0 870708 149416 5534084    0    0     0    40 18088 31772 10 16 74  0  0
 1  0      0 872968 149416 5534160    0    0     0   532 17704 30124  5 13 82  0  0
 0  0      0 872968 149420 5534228    0    0     0   812 17571 29433  2  9 88  1  0
 1  0      0 872968 149420 5534316    0    0     0   104 17744 30135  2 11 88  0  0
 1  0      0 872968 149420 5534392    0    0     0   148 17284 28594  1  9 90  0  0
 1  0      0 872968 149420 5534448    0    0     0    56 16855 28331  1  9 90  0  0
 0  0      0 872720 149420 5534536    0    0     0    64 17802 29974  2 10 89  0  0
 0  0      0 872720 149420 5534600    0    0     0   432 17184 28179  2 10 88  1  0
 0  0      0 872720 149420 5534668    0    0     0   172 18012 29483  1  9 90  0  0
 2  0      0 872468 149420 5534752    0    0     0   448 17373 28810  1 11 88  0  0
 2  0      0 872468 149420 5534820    0    0     0    84 16777 27906  1  8 91  0  0
 0  0      0 872468 149420 5534916    0    0     0    80 17580 29003  1 10 89  0  0
 0  0      0 872468 149420 5534980    0    0     0   804 17454 28591  2  9 88  1  0
 0  0      0 866204 149420 5535048    0    0     0   164 20101 35339 15 17 67  0  0
 2  0      0 866428 149420 5535132    0    0     0    76 18898 32686 11 16 74  0  0
 3  0      0 868656 149420 5535200    0    0     0    60 16773 27812  3 11 85  0  0
 3  0      0 868408 149420 5535280    0    0     0    36 18024 30319  4 12 85  0  0
 0  0      0 868408 149420 5535348    0    0     0   356 16971 27891  1  9 90  1  0
 2  0      0 868408 149420 5535420    0    0     0    52 18070 29768  2 10 89  0  0
 2  0      0 868580 149420 5535508    0    0     0   108 17414 28848  2 10 89  0  0
procs -----------memory---------- ---swap-- -----io---- -system-- ------cpu-----
 r  b   swpd   free   buff  cache   si   so    bi    bo   in   cs us sy id wa st
 0  0      0 868660 149420 5535580    0    0     0   112 17286 28547  1  9 89  0  0
 0  0      0 868660 149420 5535636    0    0     0    96 17003 28371  2  9 90  0  0
 2  0      0 868660 149420 5535708    0    0     0   696 17321 28644  1  9 89  0  0
 1  0      0 868660 149420 5535784    0    0     0   100 17619 29493  2 10 88  0  0
 1  0      0 868912 149420 5535864    0    0     0   112 17240 28442  1  9 89  0  0
 0  0      0 868912 149420 5535932    0    0     0    60 16563 27811  1  9 90  0  0
 0  0      0 868912 149420 5536004    0    0     0    80 17366 29153  2  9 89  0  0
 0  0      0 870456 149420 5536092    0    0     0   320 17261 28389  1  9 90  0  0
 1  0      0 869956 149420 5536164    0    0     0   112 17399 28937  2  9 89  0  0
 0  0      0 870712 149420 5536220    0    0     0    80 17733 29258  1 10 89  0  0
 1  0      0 870460 149420 5536280    0    0     0   116 16657 27852  1  9 89  0  0
 1  0      0 870460 149420 5536368    0    0     0   104 17019 27951  1  9 90  0  0
 0  0      0 870460 149424 5536444    0    0     0  1272 17369 28490  2 10 88  1  0
 0  0      0 870460 149424 5536524    0    0     0    36 17681 29641  2  9 89  0  0
 0  0      0 870460 149424 5536604    0    0     0   144 17938 29234  2 10 88  0  0
 2  0      0 870460 149424 5536676    0    0     0   100 17157 28096  1  9 90  0  0
 0  0      0 870460 149424 5536760    0    0     0    60 17891 29626  1  8 91  0  0
 0  0      0 870460 149424 5536820    0    0     0   432 16946 28019  2  9 89  0  0
 0  0      0 870460 149424 5536872    0    0     0    92 17052 28429  1  9 89  0  0
 0  0      0 870208 149424 5536960    0    0     0   100 17165 28563  1  9 90  0  0
 0  0      0 869984 149424 5537048    0    0     0   404 17570 28644  1 10 89  0  0
procs -----------memory---------- ---swap-- -----io---- -system-- ------cpu-----
 r  b   swpd   free   buff  cache   si   so    bi    bo   in   cs us sy id wa st
 0  0      0 869984 149424 5537128    0    0     0   128 17196 28470  2  9 89  0  0
 2  0      0 869984 149428 5537192    0    0     0   548 17087 28576  1 10 88  1  0
 0  0      0 869984 149428 5537276    0    0     0   112 17289 28688  1 10 89  0  0
 0  0      0 869984 149428 5537352    0    0     0   132 16828 28374  1  9 90  0  0
 3  0      0 869984 149428 5537412    0    0     0    72 16799 27954  1  9 89  0  0
 0  0      0 869736 149428 5537480    0    0     0    60 18333 30341  2 11 88  0  0
 0  0      0 869736 149432 5537560    0    0     0   744 17221 28607  2  9 88  0  0
 0  0      0 869736 149432 5537636    0    0     0    44 18044 29949  1 10 89  0  0
 0  0      0 869736 149432 5537720    0    0     0    36 17850 29582  1 10 89  0  0
 1  0      0 869736 149432 5537788    0    0     0   184 17462 28560  1  9 90  0  0
 0  0      0 869736 149432 5537876    0    0     0   128 17455 28729  2 10 88  0  0
 0  0      0 869736 149440 5537960    0    0     4   444 17329 28781  1 10 89  0  0
 3  0      0 869736 149440 5538024    0    0     0    20 17550 29202  1  9 90  0  0
 0  0      0 869736 149440 5538084    0    0     0    84 17556 28636  1 10 89  0  0
 0  0      0 869736 149440 5538164    0    0     0    96 17055 27867  1  9 90  0  0
 1  0      0 869736 149440 5538244    0    0     0    88 17835 29389  2 10 88  0  0
 0  0      0 869736 149440 5538320    0    0     0   712 16935 27893  1  9 90  1  0
 3  0      0 869736 149440 5538388    0    0     0    24 17509 29048  1  9 89  0  0
 3  0      0 869736 149440 5538468    0    0     0    12 16963 27887  1  9 90  0  0
 3  0      0 869736 149440 5538536    0    0     0   144 16934 27957  1 11 88  0  0
 3  0      0 865616 149440 5538616    0    0     0   108 17697 28781  3  9 88  0  0
