procs -----------memory---------- ---swap-- -----io---- -system-- ------cpu-----
 r  b   swpd   free   buff  cache   si   so    bi    bo   in   cs us sy id wa st
 3  0      0 4336088 161944 1657360    0    0     2     9   15    7  1  1 98  0  0
 1  0      0 4341352 161944 1657392    0    0     0     0 6017 9631 13  7 80  0  0
 1  0      0 4341112 161948 1657392    0    0     0    96 1473 1687  0  1 98  0  0
 0  0      0 4341112 161948 1657400    0    0     0     0 2385 3490  1  2 98  0  0
 3  0      0 4341112 161948 1657400    0    0     0     0 1655 1956  0  1 98  0  0
 0  0      0 4341112 161948 1657404    0    0     0    24 2028 2710  1  2 97  0  0
 3  0      0 4340860 161948 1657412    0    0     0    24 2054 2724  1  3 97  0  0
 0  0      0 4340860 161948 1657416    0    0     0    48 1180 1275  0  1 99  0  0
 2  0      0 4340860 161948 1657420    0    0     0    60 1460 1779  1  1 98  0  0
 0  0      0 4340608 161948 1657424    0    0     0     0 1715 2260  1  1 98  0  0
 2  0      0 4340608 161948 1657428    0    0     0     0 1083 1262  0  1 99  0  0
 0  0      0 4340360 161948 1657436    0    0     0    16 2810 4297  2  2 96  0  0
 0  0      0 4340360 161948 1657440    0    0     0    28 1258 1471  0  1 99  0  0
 0  0      0 4340120 161948 1657444    0    0     0    72 1807 2505  1  1 98  0  0
 0  0      0 4339868 161948 1657448    0    0     0     0 1387 1683  0  1 99  0  0
 0  0      0 4339868 161948 1657448    0    0     0     0 1844 2589  2  1 98  0  0
 1  0      0 4339392 161948 1657456    0    0     0     0 1819 2335  1  2 96  0  0
 0  0      0 4339392 161948 1657464    0    0     0    16 1174 1306  1  1 99  0  0
 0  0      0 4339392 161948 1657468    0    0     0   108 1564 2075  1  1 98  0  0
 0  0      0 4339392 161948 1657468    0    0     0     0 1444 1691  1  1 98  0  0
 3  0      0 4334900 161948 1657472    0    0     0     0 2347 3327  5  3 92  0  0
procs -----------memory---------- ---swap-- -----io---- -system-- ------cpu-----
 r  b   swpd   free   buff  cache   si   so    bi    bo   in   cs us sy id wa st
 0  0      0 4333368 161948 1657696    0    0   204     0 6419 10375 11  7 81  0  0
 0  0      0 4335652 161948 1657704    0    0     0     4 5819 9280 10  8 81  0  0
 0  0      0 4337716 161948 1657700    0    0     0    52 4768 7585  6  5 88  0  0
 3  0      0 4337716 161948 1657708    0    0     0    40 1497 1760  0  1 99  0  0
 0  0      0 4337716 161948 1657716    0    0     0     0 1920 2666  1  1 98  0  0
 0  0      0 4337468 161948 1657724    0    0     0     8 2846 4201  1  3 96  0  0
 0  0      0 4337228 161948 1657696    0    0     0     8 1268 1405  1  1 99  0  0
 0  0      0 4337228 161948 1657696    0    0     0   104 1479 1691  2  1 97  0  0
 0  0      0 4336988 161948 1657700    0    0     0     8 1403 1631  0  1 98  0  0
 0  0      0 4336988 161948 1657708    0    0     0    28 1301 1550  1  1 99  0  0
 2  0      0 4336988 161948 1657712    0    0     0     0 1395 1743  1  1 98  0  0
 0  0      0 4336736 161948 1657716    0    0     0     0 1627 1915  1  1 98  0  0
 0  0      0 4336736 161948 1657720    0    0     0    60 2008 2910  1  2 98  0  0
 0  0      0 4336736 161948 1657724    0    0     0     8 1398 1687  1  1 99  0  0
 0  0      0 4336736 161948 1657732    0    0     0    20 1684 2323  1  1 98  0  0
 0  0      0 4336736 161948 1657736    0    0     0     4 2083 2813  1  2 97  0  0
 0  0      0 4336484 161948 1657740    0    0     0     0 1438 1718  1  1 98  0  0
 1  0      0 4335980 161948 1657744    0    0     0   104 1730 2181  1  2 98  0  0
 0  0      0 4337812 161948 1657764    0    0     0     0 6799 10967 13 10 77  0  0
 0  0      0 4332440 161948 1657764    0    0     0    40 5137 8165 11  6 83  0  0
 1  0      0 4336512 161948 1657780    0    0     0     0 4171 6619  6  4 91  0  0
procs -----------memory---------- ---swap-- -----io---- -system-- ------cpu-----
 r  b   swpd   free   buff  cache   si   so    bi    bo   in   cs us sy id wa st
 0  0      0 4336512 161948 1657784    0    0     0     8 1571 1889  1  1 98  0  0
 0  0      0 4336512 161948 1657788    0    0     0    76 2003 2864  1  1 97  0  0
 0  0      0 4336512 161948 1657796    0    0     0    16 1521 1809  1  1 98  0  0
 0  0      0 4336512 161948 1657796    0    0     0     0 1611 2086  1  1 98  0  0
 0  0      0 4336288 161948 1657804    0    0     0    32 2235 3019  1  2 97  0  0
 0  0      0 4336288 161948 1657808    0    0     0     0 1457 1656  1  1 98  0  0
 0  0      0 4336288 161948 1657812    0    0     0   176 1781 2276  1  1 98  0  0
 0  0      0 4336288 161948 1657820    0    0     0     0 1713 2185  1  1 98  0  0
 0  0      0 4336288 161948 1657820    0    0     0     0 1129 1254  0  1 98  0  0
 0  0      0 4336288 161948 1657828    0    0     0    20 1361 1649  1  1 98  0  0
 0  0      0 4336036 161948 1657832    0    0     0     8 1536 1795  1  1 98  0  0
 3  0      0 4336036 161948 1657836    0    0     0    52 2157 3124  1  2 98  0  0
 0  0      0 4336036 161948 1657840    0    0     0    12 1674 2051  1  1 98  0  0
 0  0      0 4336036 161948 1657844    0    0     0     0 1686 2269  1  1 98  0  0
 2  0      0 4338236 161948 1657852    0    0     0    20 7947 13227 18 11 71  0  0
 1  0      0 4336324 161948 1657876    0    0     0     0 5862 9561 12  7 81  0  0
 1  0      0 4338376 161952 1657876    0    0     0   124 2922 4515  4  3 92  0  0
 0  0      0 4338376 161952 1657876    0    0     0     0 2228 3121  2  2 96  0  0
 0  0      0 4338376 161952 1657880    0    0     0    12 1387 1651  1  1 98  0  0
 0  0      0 4338376 161952 1657888    0    0     0    44 1404 1685  1  1 98  0  0
 0  0      0 4338124 161952 1657888    0    0     0     0 1680 1998  1  2 97  0  0
procs -----------memory---------- ---swap-- -----io---- -system-- ------cpu-----
 r  b   swpd   free   buff  cache   si   so    bi    bo   in   cs us sy id wa st
 0  0      0 4338124 161952 1657892    0    0     0    72 2004 2978  1  1 98  0  0
 0  0      0 4338124 161952 1657896    0    0     0     8 1631 1842  0  1 98  0  0
 0  0      0 4338124 161952 1657908    0    0     0     4 1622 1989  1  1 98  0  0
 0  0      0 4338124 161952 1657912    0    0     0    28 1670 2140  1  2 97  0  0
 0  0      0 4337872 161952 1657916    0    0     0     0 1219 1312  1  1 98  0  0
 0  0      0 4337872 161952 1657916    0    0     0   116 1600 1988  1  1 98  0  0
 0  0      0 4337632 161952 1657920    0    0     0     0 1608 1987  1  1 98  0  0
 0  0      0 4337632 161952 1657924    0    0     0    20 1149 1305  1  1 99  0  0
 0  0      0 4337632 161952 1657932    0    0     0    20 2369 3560  1  2 98  0  0
 0  0      0 4337140 161952 1657936    0    0     0     4 1554 1789  0  1 98  0  0
 0  0      0 4331176 161952 1657956    0    0     0    80 6660 10949 15  9 76  0  0
 0  0      0 4334108 161952 1657964    0    0     0     0 5973 9728 11  7 82  0  0
 2  0      0 4334040 161952 1657972    0    0     0     0 2484 3612  3  2 95  0  0
 0  0      0 4333868 161952 1657972    0    0     0    48 2954 4314  3  4 93  0  0
 1  0      0 4335872 161952 1657976    0    0     0     4 1406 1675  0  1 98  0  0
 0  0      0 4335872 161952 1657980    0    0     0   144 1587 1964  0  1 98  0  0
 0  0      0 4335872 161952 1657984    0    0     0     0 1423 1720  1  1 98  0  0
 0  0      0 4335872 161952 1657984    0    0     0     0 1261 1438  0  1 99  0  0
 0  0      0 4335872 161952 1657992    0    0     0    28 1257 1428  0  1 99  0  0
 0  0      0 4335576 161952 1658000    0    0     0     8 1439 1671  1  1 98  0  0
 0  0      0 4335180 161952 1658004    0    0     0    76 2144 3123  1  2 97  0  0
procs -----------memory---------- ---swap-- -----io---- -system-- ------cpu-----
 r  b   swpd   free   buff  cache   si   so    bi    bo   in   cs us sy id wa st
 0  0      0 4335180 161952 1658008    0    0     0     0 1604 1862  1  1 98  0  0
 0  0      0 4335180 161952 1658008    0    0     0     0 1749 2335  1  1 98  0  0
 0  0      0 4335180 161952 1658016    0    0     0    20 2630 3956  2  2 96  0  0
 0  0      0 4334928 161952 1658020    0    0     0     8 1991 2654  2  2 97  0  0
 1  0      0 4334928 161952 1658024    0    0     0   120 1929 2613  1  1 98  0  0
 0  0      0 4334928 161952 1658032    0    0     0     0 1532 1854  1  2 98  0  0
 1  0      0 4335656 161952 1658048    0    0     0     0 6597 10814 13 10 77  0  0
 1  0      0 4337896 161952 1658060    0    0     0     0 5241 8401 10  6 84  0  0
 1  0      0 4339364 161952 1658072    0    0     0    36 2462 3339  3  3 94  0  0
 2  0      0 4338928 161952 1658068    0    0     0    64 2391 3360  3  3 94  0  0
 0  0      0 4338680 161952 1658072    0    0     0    16 2465 3606  1  2 97  0  0
 0  0      0 4338680 161952 1658076    0    0     0    12 2145 2871  1  2 98  0  0
 0  0      0 4338680 161952 1658080    0    0     0     0 1945 2604  2  2 97  0  0
 0  0      0 4338428 161952 1658088    0    0     0    32 1420 1776  1  1 98  0  0
 0  0      0 4338428 161956 1658092    0    0     0   144 1411 1715  1  1 98  0  0
 0  0      0 4338688 161956 1658096    0    0     0     0 1451 1776  1  1 98  0  0
 0  0      0 4338688 161956 1658100    0    0     0    16 1273 1460  1  1 98  0  0
 0  0      0 4338688 161956 1658108    0    0     0     0 2486 3651  1  2 97  0  0
 1  0      0 4338688 161956 1658108    0    0     0    24 1611 1877  0  1 98  0  0
 0  0      0 4338688 161956 1658112    0    0     0    56 1180 1309  1  1 98  0  0
 3  0      0 4336444 161956 1658116    0    0     0     0 4555 6879  7  6 87  0  0
procs -----------memory---------- ---swap-- -----io---- -system-- ------cpu-----
 r  b   swpd   free   buff  cache   si   so    bi    bo   in   cs us sy id wa st
 1  0      0 4334288 161956 1658132    0    0     0     0 5857 9452 11  7 83  0  0
 0  0      0 4331252 161956 1658148    0    0     0    12 6307 10349 10  8 82  0  0
 0  0      0 4333492 161956 1658144    0    0     0    32 3327 5030  4  4 92  0  0
 0  0      0 4333252 161956 1658148    0    0     0   108 1645 2133  1  1 98  0  0
 0  0      0 4333252 161956 1658152    0    0     0     8 1635 2133  0  2 98  0  0
 0  0      0 4333252 161956 1658156    0    0     0     0 1231 1414  0  1 99  0  0
 0  0      0 4333252 161956 1658164    0    0     0     0 1388 1709  1  1 98  0  0
 0  0      0 4333252 161956 1658168    0    0     0    36 1443 1652  1  1 98  0  0
 0  0      0 4333252 161956 1658168    0    0     0    56 1051 1134  0  1 99  0  0
 0  0      0 4333004 161956 1658176    0    0     0     4 2498 3586  1  2 97  0  0
 1  0      0 4333004 161956 1658180    0    0     0     0 1857 2483  1  1 98  0  0
 0  0      0 4332756 161956 1658188    0    0     0     0 2810 4278  2  2 96  0  0
 1  0      0 4332756 161956 1658196    0    0     0    20 1641 1998  0  1 98  0  0
 0  0      0 4332756 161956 1658200    0    0     0   104 1526 1868  1  1 98  0  0
 0  0      0 4332756 161956 1658204    0    0     0     8 1629 2023  0  2 98  0  0
 1  0      0 4333852 161956 1658220    0    0     0     0 6538 10611 14  9 77  0  0
 2  0      0 4333012 161956 1658232    0    0     0     0 6342 10356 12  8 80  0  0
 1  0      0 4333012 161956 1658236    0    0     0    28 3002 4332  4  4 93  0  0
 1  0      0 4332072 161956 1658288    0    0     0   552 6650 10777  7  8 84  2  0
 1  0      0 4312844 161964 1660952    0    0  1236  1072 8114 13139 10 10 78  2  0
 2  0      0 4168888 161964 1662592    0    0   984    32 3160 4063 15  4 81  0  0
procs -----------memory---------- ---swap-- -----io---- -system-- ------cpu-----
 r  b   swpd   free   buff  cache   si   so    bi    bo   in   cs us sy id wa st
 1  0      0 4113016 161964 1662676    0    0     0     0 2183 2750 17  3 80  0  0
 1  0      0 4101184 161964 1662904    0    0     0    36 1809 2094 16  2 81  0  0
 1  0      0 4081980 161964 1663180    0    0     0   448 2059 2472 17  2 82  0  0
 1  0      0 4063240 161964 1663316    0    0     0     4 1744 2020 16  3 81  0  0
 1  0      0 4058704 161968 1663516    0    0     0   188 1653 1815 17  1 81  0  0
 1  0      0 4046368 161968 1663752    0    0     0     0 2497 3457 17  2 81  0  0
 1  0      0 4040200 161968 1663784    0    0     0    36 1719 2078 16  2 81  0  0
 1  0      0 4025836 161968 1663788    0    0     0    28 1354 1435 16  2 83  0  0
 1  0      0 4025836 161968 1663888    0    0     0     0 7436 12765 30 11 59  0  0
 2  0      0 4009352 161972 1663996    0    0     0   376 5585 8992 26  8 66  0  0
 6  0      0 4004844 161972 1664116    0    0     0   108 3611 5339 21  5 74  0  0
 1  0      0 3978968 161976 1664436    0    0     0   932 6916 11152 22  8 68  3  0
 2  0      0 3968284 161980 1666764    0    0     0   580 5776 9058 27 10 63  1  0
 2  0      0 3778028 161980 1675280    0    0     0    68 2699 3413 31  5 65  0  0
 2  0      0 3393356 161980 1689020    0    0     0     0 7956 8306 23  9 67  2  0
 2  0      0 3360692 161980 1694052    0    0     0   836 3885 4084 25  4 70  1  0
 2  0      0 3328460 161980 1699060    0    0     0   460 4102 4363 27  3 70  1  0
 1  0      0 3295492 161980 1703760    0    0     0   208 3703 3813 26  4 70  1  0
 2  0      0 3265224 161980 1708584    0    0     0     4 4834 5913 26  4 69  1  0
 3  0      0 3235260 161980 1712628    0    0     0    32 4079 4673 27  4 68  1  0
 2  0      0 3213332 161980 1718088    0    0     0     0 5169 6133 27  4 68  1  0
procs -----------memory---------- ---swap-- -----io---- -system-- ------cpu-----
 r  b   swpd   free   buff  cache   si   so    bi    bo   in   cs us sy id wa st
 2  0      0 3201416 161980 1720092    0    0     0   164 2836 3014 30  4 66  0  0
 5  0      0 3187784 161984 1720252    0    0     0   200 3212 5015 39  5 56  0  0
 2  0      0 3951812 161984 1720360    0    0     0     0 4888 9120 30 10 59  0  0
 1  0      0 3942596 161984 1720484    0    0     0    28 3909 8163 24  7 70  0  0
 1  1      0 3936704 161984 1720628    0    0     0   512 4776 7547 22  6 70  2  0
 2  0      0 3919796 161984 1722832    0    0     0  1124 8391 14006 26 12 61  2  0
 2  0      0 3774652 161984 1723476    0    0     0    24 2364 2395 31  3 65  0  0
 2  0      0 3311868 161984 1737424    0    0     0    16 8975 10297 27  9 63  2  0
 3  0      0 3150460 161984 1738688    0    0     0     0 3324 3910 27  5 69  0  0
 1  0      0 3113720 161984 1740444    0    0     0 13132 3303 3860 27  4 69  0  0
 1  0      0 3094852 161984 1742300    0    0     0   292 2797 2982 26  4 70  0  0
 2  0      0 3072436 161984 1744072    0    0     0  6308 3031 3389 26  4 68  3  0
 2  0      0 3046508 161984 1745592    0    0     0     4 2936 3488 27  4 70  0  0
 2  0      0 3026372 161984 1747608    0    0     0    12 2612 2521 26  3 71  0  0
 2  0      0 3001676 161984 1748880    0    0     0     0 3745 5104 27  4 69  0  0
 5  0      0 2954184 161984 1751092    0    0     0   184 5447 8658 37  9 54  0  0
 2  0      0 2939076 161984 1752212    0    0     0    44 4268 6738 38  7 55  0  0
 2  0      0 2929088 161984 1752520    0    0     0   128 4237 6194 37  5 58  0  0
 7  0      0 3879320 161984 1752764    0    0     0   160 4590 7071 29 11 60  1  0
 2  0      0 3853016 161988 1755492    0    0     0  1460 9325 15961 25 13 59  3  0
 2  0      0 3733772 161988 1756344    0    0     0    72 2893 3389 32  4 64  0  0
procs -----------memory---------- ---swap-- -----io---- -system-- ------cpu-----
 r  b   swpd   free   buff  cache   si   so    bi    bo   in   cs us sy id wa st
 2  0      0 3374436 161988 1769872    0    0     0     0 8266 8979 26  8 64  2  0
 2  0      0 2997588 161988 1774976    0    0     0    56 3972 4400 28  5 67  1  0
 2  0      0 2944496 161988 1781180    0    0     0     0 2541 2376 30  3 68  0  0
 2  0      0 2908244 161988 1785220    0    0     0     0 4650 5774 28  4 68  0  0
 2  0      0 2856808 161988 1790684    0    0     0   208 3202 3340 26  3 70  1  0
 2  0      0 2810636 161988 1795408    0    0     0     4 2863 2712 28  2 70  0  0
 2  0      0 2764088 161988 1799696    0    0     0     8 4096 5223 31  4 65  0  0
 3  0      0 2729172 161988 1802880    0    0     0   620 3384 4000 32  3 65  1  0
 2  0      0 2603580 161988 1810996    0    0     0     0 4276 5011 29  4 67  0  0
 2  0      0 2525324 161992 1816112    0    0     0   176 3503 3598 29  3 67  1  0
 1  0      0 2378760 161992 1822116    0    0     0    12 3097 3202 29  3 67  0  0
 2  0      0 2263808 161992 1829732    0    0     0     8 3629 3804 31  3 65  0  0
 2  0      0 2113436 161992 1838596    0    0     0     0 3315 3224 29  3 67  1  0
 2  0      0 2051152 161992 1847996    0    0     0    60 3160 3167 30  4 66  0  0
 1  0      0 1599536 161992 1870016    0    0     0   128 9429 9772 24  9 65  2  0
 2  0      0 1373564 161992 1879772    0    0     0     4 4229 4356 24  4 72  0  0
 2  0      0 1286668 161992 1890212    0    0     0    28 5425 6906 24  5 71  0  0
 3  0      0 1077788 161992 1900608    0    0     0   132 4927 5449 24  4 71  1  0
 0  0      0 1017856 161992 1910228    0    0     0     0 4650 4889 26  4 70  0  0
 2  0      0 926748 161992 1921212    0    0     0  7212 4579 4832 25  4 66  5  0
 2  0      0 799652 161992 1929168    0    0     0 57148 4496 5262 20  5 72  2  0
procs -----------memory---------- ---swap-- -----io---- -system-- ------cpu-----
 r  b   swpd   free   buff  cache   si   so    bi    bo   in   cs us sy id wa st
 0  0      0 660576 161992 1937584    0    0     0  7280 4962 5022 25  6 69  0  0
 1  0      0 538152 161992 1945576    0    0     0    16 3838 4097 24  4 72  0  0
 2  0      0 514172 161992 1953508    0    0     0    76 4403 5440 31  4 65  0  0
 2  0      0 424108 161992 1959880    0    0     0   316 3107 3196 30  4 66  0  0
 1  0      0 968796 161992 1966316    0    0     0 32156 3280 3518 13  6 81  0  0
 1  0      0 938044 161992 1974824    0    0     0     0 3724 4709 14  3 82  0  0
 2  0      0 959692 161992 1979756    0    0     0     8 3016 3516 14  2 83  0  0
 1  0      0 929372 161992 1984228    0    0     0   244 3319 3674 14  2 84  0  0
 0  0      0 914280 161992 1987092    0    0     0   160 2877 3055 14  2 84  0  0
 1  0      0 821356 161992 1992000    0    0     0     0 3157 3378 12  2 85  0  0
 1  0      0 774928 161992 2000384    0    0     0    40 3734 4220 13  2 85  0  0
 0  0      0 686640 161992 2010648    0    0     0     0 3861 4268 12  4 84  0  0
 1  0      0 687896 161992 2018144    0    0     0   108 1822 2064 13  3 84  0  0
 1  0      0 2928972 161992 2018356    0    0     0   100 3121 4288 18  3 80  0  0
 1  0      0 3941432 161992 2018360    0    0     0     0 1396 1466 14  3 82  0  0
 0  0      0 3942272 161992 2018320    0    0     0     0 3014 4241  2  4 94  0  0
