procs -----------memory---------- ---swap-- -----io---- -system-- ------cpu-----
 r  b   swpd   free   buff  cache   si   so    bi    bo   in   cs us sy id wa st
 2  1      0 4306024 151724 1631148    0    0     2    11    6    0  2  1 97  0  0
 0  0      0 4304508 151724 1631168    0    0     0     0 5738 9870 12  9 80  0  0
 0  0      0 4304508 151724 1631172    0    0     0     0 1681 2168  1  2 98  0  0
 0  0      0 4306432 151724 1631176    0    0     0     0 2960 4650  3  2 95  0  0
 0  0      0 4306432 151724 1631180    0    0     0    12 2017 2763  1  2 97  0  0
 0  0      0 4305944 151724 1631192    0    0     0    12 2983 4578  2  3 96  0  0
 0  0      0 4305944 151724 1631196    0    0     0   188 1912 2510  1  2 97  0  0
 0  0      0 4308012 151724 1631200    0    0     0     0 2360 3536  1  2 97  0  0
 0  0      0 4307772 151724 1631208    0    0     0     0 1714 2240  3  3 94  0  0
 0  0      0 4307772 151724 1631212    0    0     0     0 1809 2451  1  2 97  0  0
 0  0      0 4307772 151724 1631216    0    0     0     0 1899 2484  1  2 97  0  0
 0  0      0 4307772 151724 1631224    0    0     0    64 1863 2483  1  2 97  0  0
 0  0      0 4307548 151724 1631228    0    0     0    28 1642 2121  1  1 98  0  0
 0  0      0 4307548 151724 1631232    0    0     0     0 3000 4742  2  2 96  0  0
 0  0      0 4307548 151724 1631236    0    0     0     0 1533 1884  1  1 98  0  0
 0  0      0 4307548 151724 1631244    0    0     0    32 2097 2845  1  2 97  0  0
 1  0      0 4307548 151728 1631252    0    0     0   128 1857 2490  1  2 97  0  0
 0  0      0 4307548 151728 1631264    0    0     0     8 2141 3041  3  2 96  0  0
 1  0      0 4307548 151728 1631272    0    0     0    32 1772 2288  1  3 96  0  0
 0  0      0 4297840 151728 1631400    0    0   112     0 6739 11023 16 11 72  0  0
 0  0      0 4295732 151728 1631412    0    0     0     4 6982 11720 13 10 78  0  0
procs -----------memory---------- ---swap-- -----io---- -system-- ------cpu-----
 r  b   swpd   free   buff  cache   si   so    bi    bo   in   cs us sy id wa st
 3  0      0 4299652 151732 1631420    0    0     0    60 2449 3493  5  4 91  0  0
 0  0      0 4299652 151732 1631424    0    0     0     0 3725 5731  5  5 89  0  0
 0  0      0 4299652 151732 1631428    0    0     0     8 2707 4066  1  2 96  0  0
 0  0      0 4299652 151732 1631432    0    0     0    44 1712 2346  1  2 98  0  0
 0  0      0 4299652 151732 1631448    0    0     0     0 1994 2757  1  2 97  0  0
 0  0      0 4299652 151736 1631452    0    0     0   100 1622 2127  1  2 97  0  0
 0  0      0 4299652 151736 1631460    0    0     0     8 2609 3941  2  2 96  0  0
 0  0      0 4299652 151736 1631464    0    0     0     0 1996 2730  2  3 95  0  0
 0  0      0 4299652 151736 1631468    0    0     0     8 1848 2541  2  1 97  0  0
 0  0      0 4299652 151736 1631472    0    0     0    28 1855 2463  1  2 97  0  0
 0  0      0 4299652 151740 1631476    0    0     0    72 1968 2550  1  2 97  0  0
 0  0      0 4299652 151740 1631484    0    0     0     4 1560 2020  1  1 98  0  0
 1  0      0 4299652 151740 1631492    0    0     0     0 1902 2584  1  2 97  0  0
 0  0      0 4299652 151740 1631496    0    0     0     8 2868 4316  2  2 96  0  0
 0  0      0 4299652 151740 1631508    0    0     0     0 3095 4646  2  3 95  0  0
 1  0      0 4296328 151748 1631516    0    0     0   172 5298 8457 14  9 78  0  0
 2  0      0 4291472 151748 1631532    0    0     0     0 6586 10966 12 10 78  0  0
 0  0      0 4295756 151748 1631544    0    0     0     8 4087 6339  7  5 88  0  0
 0  0      0 4297680 151748 1631564    0    0     0     0 4202 6649  9  6 85  0  0
 0  0      0 4299940 151748 1631572    0    0     0    12 1723 2300  2  2 96  0  0
 0  0      0 4299700 151752 1631580    0    0     0   108 1822 2504  1  2 97  1  0
procs -----------memory---------- ---swap-- -----io---- -system-- ------cpu-----
 r  b   swpd   free   buff  cache   si   so    bi    bo   in   cs us sy id wa st
 1  0      0 4295176 151752 1631608    0    0     0   340 3663 5448  4  4 91  1  0
 1  0      0 4281180 151760 1632404    0    0     0   788 9452 15625 10 15 73  2  0
 1  0      0 4266220 151764 1633568    0    0     0   680 4593 6893 16  7 78  0  0
 1  0      0 4100716 151764 1633580    0    0     0     0 2244 2871 15  5 81  0  0
 1  0      0 4086100 151764 1633776    0    0     0   640 2330 3023 17  2 81  0  0
 1  0      0 4070932 151764 1634036    0    0     0    40 2612 3734 16  3 81  0  0
 1  0      0 4056832 151764 1634220    0    0     0    12 1967 2519 17  3 79  0  0
 1  0      0 4043776 151764 1634340    0    0     0   204 1981 2478 15  4 81  0  0
 1  0      0 4034956 151764 1634348    0    0     0     0 2994 4477 17  3 80  0  0
 1  0      0 4022884 151764 1634600    0    0     0    48 2128 2659 17  2 81  0  0
 1  0      0 4020868 151764 1634684    0    0     0     8 1850 2185 16  2 81  0  0
 6  0      0 4007164 151764 1634828    0    0     0    68 2802 3957 20  5 75  0  0
 2  0      0 3994276 151768 1634976    0    0     0   428 5902 10445 27  9 65  0  0
 1  0      0 3997480 151768 1635068    0    0     0     0 5324 8650 27  9 65  0  0
 1  0      0 3986340 151768 1635148    0    0     0    48 3627 5415 21  4 75  0  0
 1  0      0 3977520 151768 1635272    0    0     0     0 2377 3486 17  2 81  0  0
 1  0      0 3973500 151768 1635356    0    0     0     8 2055 2500 17  3 80  0  0
 1  0      0 3967972 151772 1635488    0    0     0   232 3496 4750 20  3 76  1  0
 2  0      0 3945528 151788 1635956    0    0     0  1012 8393 14093 24 13 60  3  0
 2  0      0 3919364 151792 1637776    0    0     0   616 4838 7029 28  9 62  1  0
 1  1      0 3408144 151792 1651904    0    0  1024     0 7171 7488 24 11 64  2  0
procs -----------memory---------- ---swap-- -----io---- -system-- ------cpu-----
 r  b   swpd   free   buff  cache   si   so    bi    bo   in   cs us sy id wa st
 2  0      0 3337028 151792 1656228    0    0     0   976 4307 4446 27  5 68  1  0
 2  0      0 3313888 151792 1660448    0    0     0   576 5525 6914 27  6 67  0  0
 2  0      0 3285824 151792 1665348    0    0     0     4 5032 6187 26  5 68  1  0
 2  0      0 3256228 151796 1669772    0    0     0   300 4305 4597 26  5 68  1  0
 3  0      0 3228348 151796 1673740    0    0     0     0 4711 5692 27  4 68  0  0
 8  0      0 3205012 151796 1678040    0    0     0     4 4179 4437 26  6 68  0  0
 2  0      0 3176680 151796 1682628    0    0     0     0 4084 4444 27  5 68  0  0
 3  0      0 3168692 151796 1683652    0    0     0    20 2665 2651 33  3 64  0  0
 2  0      0 3156888 151796 1683748    0    0     0   532 5668 11701 46 13 41  0  0
 2  4      0 3170032 151796 1683872    0    0     0 13400 5375 10026 44 11 35 10  0
 1  0      0 3952556 151804 1683848    0    0     0   564 8001 12042 28  9 43 21  0
 1  0      0 3938456 151804 1683872    0    0     0     0 2103 2128 16  2 82  0  0
 1  0      0 3934528 151804 1684008    0    0     0     0 2665 3145 16  3 81  0  0
 1  0      0 3924752 151804 1684140    0    0     0   176 4212 5853 19  4 77  0  0
 2  0      0 3900440 151804 1684872    0    0     0   980 9517 16252 26 13 58  3  0
 3  0      0 3877468 151812 1686556    0    0     0   628 4336 6017 30  6 63  1  0
 2  0      0 3466812 151812 1700284    0    0     0     0 7939 8912 26 12 61  1  0
 2  0      0 3146992 151812 1702096    0    0  1124     0 3139 3593 26  7 67  0  0
 1  0      0 3118540 151812 1704168    0    0     0     4 3141 3590 27  4 69  0  0
 2  0      0 3089068 151812 1705708    0    0     0  3708 2895 3262 27  3 70  0  0
 2  0      0 3062372 151816 1707584    0    0     0   860 4306 5515 27  4 69  0  0
procs -----------memory---------- ---swap-- -----io---- -system-- ------cpu-----
 r  b   swpd   free   buff  cache   si   so    bi    bo   in   cs us sy id wa st
 2  0      0 3039944 151816 1709236    0    0     0    16 3034 3131 26  3 71  0  0
 1  0      0 3007440 151816 1711012    0    0     0     0 3467 4027 27  4 69  0  0
 1  0      0 2991604 151816 1712724    0    0     0    24 4104 5251 28  4 69  0  0
 7  0      0 2954700 151820 1714396    0    0     0   864 6527 10655 36  9 53  2  0
 6  0      0 2914528 151824 1717212    0    0  1164   180 6299 12377 38  9 52  1  0
 2  0      0 2899724 151824 1717448    0    0     0     8 3890 6614 40  6 54  0  0
 2  0      0 2994992 151824 1717572    0    0     0    48 3921 6506 41  5 54  0  0
 1  0      0 3850768 151824 1717732    0    0     0     0 2390 2539 20 11 69  0  0
 1  0      0 3842796 151824 1717820    0    0     0     0 1792 2029 16  3 81  0  0
 4  0      0 3834556 151836 1717916    0    0     0   656 5974 9611 22  8 68  2  0
 2  0      0 3820532 151836 1720224    0    0     0  1116 9454 15836 27 13 58  2  0
 5  0      0 3300928 151836 1734100    0    0   436     4 7827 8538 25 13 61  1  0
 2  0      0 2970224 151836 1739196    0    0     0     8 4931 6191 28  6 66  0  0
 2  0      0 2933032 151836 1744216    0    0     0     0 2934 3049 30  3 66  0  0
 2  0      0 2897244 151836 1748668    0    0     0     8 3398 3409 28  3 69  0  0
 1  7      0 2840052 151836 1754204    0    0     0 13336 3929 4100 27  3 63  6  0
 2  0      0 2788888 151836 1758924    0    0     0    12 4921 5161 23  3 44 30  0
 2  0      0 2748164 151836 1761084    0    0     0     8 2726 2480 29  2 68  0  0
 2  0      0 2703928 151836 1764000    0    0     0  9176 2847 2922 32  3 65  0  0
 2  0      0 2618012 151836 1773472    0    0     0  1088 5693 6487 30  5 57  8  0
 1  0      0 2554040 151836 1777992    0    0     0   452 5756 10246 44 11 45  0  0
procs -----------memory---------- ---swap-- -----io---- -system-- ------cpu-----
 r  b   swpd   free   buff  cache   si   so    bi    bo   in   cs us sy id wa st
 2  0      0 2475668 151836 1783620    0    0     0    12 6563 9865 39 10 51  0  0
 2  0      0 2291628 151836 1788964    0    0     0    32 5148 6948 33  6 61  0  0
 2  0      0 2211820 151836 1798184    0    0     0     8 4111 4680 33  5 62  0  0
 3  0      0 2082876 151836 1807248    0    0     0    84 3675 3656 29  5 66  1  0
 2  0      0 1961848 151836 1813932    0    0     0   132 4073 4921 31  4 62  3  0
 2  0      0 1850136 151836 1820268    0    0     0     4 3633 3898 30  5 64  0  0
 1  0      0 1653572 151836 1841584    0    0     0     0 7003 6360 26  8 65  2  0
 2  0      0 1254808 151836 1853700    0    0     0     8 4456 4685 24  8 67  1  0
 3  0      0 1050664 151836 1861224    0    0     0   400 4690 6053 24  5 70  1  0
 0  0      0 988228 151836 1871452    0    0     0   180 4096 4588 25  4 71  1  0
 1  0      0 898004 151836 1883416    0    0     0     0 4025 4459 25  4 71  0  0
 2  0      0 781216 151836 1890692    0    0     0     8 4777 5727 24  4 71  1  0
 1  0      0 638912 151836 1899224    0    0     0  8192 4550 4963 24  4 71  0  0
 2  0      0 519328 151836 1906568    0    0     0     4 3965 4402 25  4 70  0  0
 2  0      0 414688 151836 1913632    0    0     0 61524 4407 4942 25  4 67  3  0
 4  0      0 271124 151836 1922024    0    0     0     0 6574 9500 31 10 58  0  0
 3  0      0 190840 151836 1929996    0    0     0     8 6396 9288 37  9 53  0  0
 4  5      0 187544 151680 1918272    0    0  3528 46832 8919 12824 24  8 45 24  0
 3  0      0 133868 151684 1936400    0    0 13544   564 7110 10378 21  6 53 20  0
 1  0      0 892544 151684 1943860    0    0  3444     0 3554 4190 16  6 77  1  0
 0  0      0 878416 151684 1946288    0    0     0     0 3447 4318 14  2 84  0  0
procs -----------memory---------- ---swap-- -----io---- -system-- ------cpu-----
 r  b   swpd   free   buff  cache   si   so    bi    bo   in   cs us sy id wa st
 4  0      0 788460 151684 1949728    0    0     0    28 3371 4009 13  3 84  0  0
 0  1      0 759844 151684 1958688    0    0     0     8 3013 3240 13  3 84  0  0
 1  0      0 674316 151684 1969196    0    0     0   680 4864 5259 12  3 83  1  0
 1  0      0 523568 151684 1974876    0    0     0     0 2741 3229 14  7 78  0  0
 1  0      0 2632772 151684 1976720    0    0     4     0 2173 2256 16  3 81  0  0
 1  0      0 2632612 151684 1976724    0    0     0     0 1914 1813 17  1 82  0  0
 3  0      0 2727868 151684 1976728    0    0     0    28 2060 2107 17  2 81  0  0
 0  0      0 3912052 151684 1976740    0    0     0    88 3069 4108  7  8 85  0  0
 0  0      0 3912052 151684 1976740    0    0     0    12 2106 2887  1  2 97  0  0
 0  0      0 3911812 151684 1976748    0    0     0     0 2831 4335  2  2 96  0  0
 1  0      0 3911812 151684 1976756    0    0     0     0 2216 3036  2  4 94  0  0
 0  0      0 3900996 151684 1977284    0    0   660    12 6800 11031 17 11 72  0  0
 2  0      0 3902404 151688 1977420    0    0     0   136 6775 11102 12 10 76  1  0
 6  0      0 3904136 151688 1977460    0    0     0     0 2977 4255  3  4 93  0  0
 0  0      0 3903924 151688 1977456    0    0     0    16 3232 4959  6  4 91  0  0
 0  0      0 3903924 151688 1977456    0    0     0     0 1526 1853  1  2 97  0  0
 1  0      0 3903924 151688 1977464    0    0     0    12 1928 2587  1  2 97  0  0
 1  0      0 3897952 151692 1977504    0    0     0   604 8172 13800 10 10 78  2  0
 1  0      0 3883424 151708 1983012    0    0  2624  1068 8079 13002 10 14 75  2  0
 1  0      0 3779608 151708 1983976    0    0   620     0 3524 5015 16  4 80  0  0
 1  0      0 3689212 151708 1984120    0    0     0    12 2352 2586 16  5 79  0  0
procs -----------memory---------- ---swap-- -----io---- -system-- ------cpu-----
 r  b   swpd   free   buff  cache   si   so    bi    bo   in   cs us sy id wa st
 2  0      0 3676360 151708 1984420    0    0     0     0 2118 2312 17  3 80  0  0
 2  0      0 3661264 151708 1984848    0    0     0   456 2259 2378 16  2 82  0  0
 2  0      0 3649168 151708 1984968    0    0    20   140 2686 3252 16  3 81  0  0
 2  0      0 3632572 151708 1985052    0    0     0     4 2098 2081 17  2 81  0  0
 2  0      0 3627040 151708 1985336    0    0     0     4 1890 1824 17  2 82  0  0
 2  0      0 3615196 151708 1985468    0    0     0 34252 2239 2599 17  2 81  0  0
 2  0      0 3612700 151708 1985784    0    0     0   240 5259 8001 18  4 78  0  0
 3  0      0 3604888 151712 1985980    0    0     0   288 2575 2939 18  3 77  2  0
 3  0      0 3590788 151712 1986116    0    0     0   320 3120 3868 17  3 81  0  0
 3  0      0 3587764 151712 1986208    0    0     0    28 2377 2739 18  3 79  0  0
 3  0      0 3576108 151712 1986344    0    0     0     0 2313 2514 17  2 81  0  0
 2  0      0 3570576 151712 1986524    0    0     0    32 2032 2068 17  2 81  0  0
 2  0      0 3560748 151712 1986696    0    0     0    76 2438 2752 17  3 80  0  0
 2  0      0 3558240 151712 1986816    0    0     0     8 2024 1939 17  2 81  0  0
 2  0      0 3550176 151712 1986916    0    0     0   124 2057 2037 17  2 81  0  0
 2  0      0 3235000 151712 1987072    0    0     0     0 2742 3096 12  6 82  0  0
 1  0      0 3016720 151712 1988844    0    0  1004     0 3882 5609 11  5 84  0  0
 2  0      0 2998324 151712 1990412    0    0     0    32 3081 4053 11  4 85  0  0
 5  0      0 2982744 151712 1992252    0    0     0    40 4010 5328 12  3 85  0  0
 2  0      0 2972412 151712 1993816    0    0     0  5624 3298 4098 11  4 85  0  0
 1  0      0 2962108 151712 1995368    0    0     0     0 3053 3685 11  3 85  0  0
procs -----------memory---------- ---swap-- -----io---- -system-- ------cpu-----
 r  b   swpd   free   buff  cache   si   so    bi    bo   in   cs us sy id wa st
 2  0      0 2950796 151712 1997028    0    0     0     0 4183 6056 11  4 85  0  0
 2  0      0 2937692 151712 1998456    0    0     0    32 2964 3927 11  3 86  0  0
 2  0      0 2926352 151712 2000156    0    0     0    12 2458 3099 11  2 87  0  0
 3  0      0 2903804 151712 2001292    0    0     0   676 2728 3378 13  3 84  0  0
 2  0      0 2903552 151712 2001300    0    0     0     0 1621 1953 17  1 81  0  0
 2  0      0 2903552 151712 2001308    0    0     0     4 2875 4186 18  2 80  0  0
 1  0      0 3862048 151712 2001320    0    0     0    28 2218 2616  7 11 82  0  0
 1  0      0 3861808 151712 2001332    0    0     0     0 2552 3794  3  3 95  0  0
 1  0      0 3861844 151712 2001504    0    0   464   112 5591 8430  4  6 90  0  0
 1  0      0 3861844 151712 2001804    0    0     0     0 3111 4312  2  2 96  0  0
 1  0      0 3861844 151712 2001812    0    0     0     0 1838 2502  1  2 97  0  0
 1  0      0 3861592 151712 2001816    0    0     0    12 2044 2727  1  2 96  0  0
 1  0      0 3861592 151712 2001824    0    0     0     0 1799 2313  1  2 97  0  0
 2  0      0 3861340 151712 2001832    0    0     0   172 1753 2061  1  2 97  0  0
 1  0      0 3861340 151712 2001840    0    0     0    12 2119 2939  2  2 96  0  0
 1  0      0 3861088 151712 2001844    0    0     0     0 5103 8591  3  4 93  0  0
 1  0      0 3860836 151712 2001852    0    0     0   140 2040 2810  1  3 96  0  0
 2  0      0 3860836 151712 2001856    0    0     0     0 2351 3371  1  2 97  0  0
 1  0      0 3860836 151712 2001868    0    0     0   104 2866 4058  7  4 89  0  0
 2  0      0 3860836 151712 2001872    0    0     0  7408 2009 2532  1  2 97  0  0
 1  0      0 3860836 151712 2001884    0    0     0    16 1812 2387  2  2 96  0  0
procs -----------memory---------- ---swap-- -----io---- -system-- ------cpu-----
 r  b   swpd   free   buff  cache   si   so    bi    bo   in   cs us sy id wa st
 2  0      0 3860836 151712 2001888    0    0     0     0 1838 2483  1  2 97  0  0
 1  0      0 3860584 151712 2001892    0    0     0    28 2046 2694  1  2 97  0  0
 1  0      0 3860584 151712 2001900    0    0     0   660 1881 2328  1  2 97  0  0
 1  0      0 3860584 151712 2001908    0    0     0     8 1716 2163  1  2 97  0  0
 4  0      0 3860584 151712 2001916    0    0     0     0 3376 5390  2  2 96  0  0
 1  0      0 3856488 151712 2001920    0    0     0    12 1886 2617  1  2 97  0  0
 2  0      0 3856236 151712 2001924    0    0     0     0 2020 2756  2  2 97  0  0
 1  0      0 3856236 151712 2001928    0    0     0   108 2794 4248  2  3 94  0  0
 2  0      0 3856236 151712 2001932    0    0     0     0 1706 2152  2  2 96  0  0
 1  0      0 3855984 151712 2001940    0    0     0    24 3650 5821  4  3 93  0  0
 1  0      0 3855760 151712 2001952    0    0     0     0 2030 2768  1  2 97  0  0
 1  0      0 3855760 151712 2001952    0    0     0    12 2138 2892  2  2 96  0  0
 1  0      0 3855760 151712 2001956    0    0     0   120 1849 2223  1  2 97  0  0
 1  0      0 3855760 151712 2001964    0    0     0    24 1688 2260  1  2 97  0  0
 1  0      0 3855760 151712 2001972    0    0     0    20 3470 5575  3  3 95  0  0
 0  0      0 3855760 151712 2001980    0    0     0     0 1821 2356  1  2 97  0  0
 1  0      0 3855760 151712 2001984    0    0     0     0 2143 2880  1  3 96  0  0
 0  0      0 3855760 151712 2001984    0    0     0    72 2940 4357  3  3 94  0  0
 1  0      0 3855760 151712 2002000    0    0     0     0 2289 3213  5  2 93  0  0
 2  0      0 3855508 151712 2002004    0    0     0    28 1833 2354  1  2 97  0  0
 1  0      0 3855508 151712 2002008    0    0     0    20 1733 2202  1  2 97  0  0
procs -----------memory---------- ---swap-- -----io---- -system-- ------cpu-----
 r  b   swpd   free   buff  cache   si   so    bi    bo   in   cs us sy id wa st
 1  0      0 3853268 151712 2002016    0    0     0     0 2137 2763  2  3 96  0  0
