procs -----------memory---------- ---swap-- -----io---- -system-- ------cpu-----
 r  b   swpd   free   buff  cache   si   so    bi    bo   in   cs us sy id wa st
 6  0      0 4019912 150620 2189840    0    0     7    41    9    1  2 10 87  1  0
 0  0      0 4025304 150620 2189888    0    0     0     0 9531 16135 13 11 76  0  0
 0  0      0 4025720 150620 2189904    0    0     0     0 5154 7824  1  3 96  0  0
 0  0      0 4025472 150624 2189916    0    0     0   108 5057 7794  1  3 96  0  0
 0  0      0 4025472 150624 2189944    0    0     0   960 6000 8925  3  4 94  0  0
 0  0      0 4025472 150624 2189964    0    0     0    12 4543 6908  1  3 96  0  0
 0  0      0 4025472 150624 2189980    0    0     0    40 4800 7738  1  3 96  0  0
 0  0      0 4024968 150624 2189996    0    0     0     0 4486 6682  1  4 95  0  0
 0  0      0 4024968 150624 2190024    0    0     0     0 4653 7127  1  4 95  0  0
 0  0      0 4024968 150632 2190040    0    0     0   228 4592 7349  1  4 96  0  0
 0  0      0 4019340 150632 2190036    0    0     0   200 6167 9745  2  5 92  1  0
 0  0      0 4019092 150632 2190060    0    0     0    84 4537 7186  2  4 94  0  0
 0  0      0 4017380 150636 2190084    0    0     0   256 6245 9824  4  7 88  0  0
 2  0      0 4019752 150648 2190164    0    0     0   628 11456 18754  9 15 76  1  0
 1  0      0 4013852 150656 2191644    0    0     0  1132 10120 16944 12 15 73  1  0
 2  0      0 3980348 150656 2192276    0    0     0    88 4294 6497 15  5 80  0  0
 1  0      0 3814828 150656 2192296    0    0     0     4 4013 6247 14  6 80  0  0
 1  0      0 3807044 150656 2192496    0    0     0     8 4560 7028 16  5 79  0  0
 1  0      0 3797480 150656 2192788    0    0     0    60 4311 6743 17  4 79  0  0
 1  0      0 3781868 150656 2192996    0    0     0   732 4530 7034 16  4 80  0  0
 1  0      0 3768008 150656 2193096    0    0     0    72 4046 6173 16  4 80  0  0
procs -----------memory---------- ---swap-- -----io---- -system-- ------cpu-----
 r  b   swpd   free   buff  cache   si   so    bi    bo   in   cs us sy id wa st
 1  0      0 3758936 150656 2193136    0    0     0    28 5633 9122 17  4 78  0  0
 1  0      0 3746852 150656 2193404    0    0     0     4 4581 7213 16  5 79  0  0
 1  0      0 3742964 150656 2193508    0    0     0     8 5125 7497 16  4 80  0  0
 1  0      0 3730304 150660 2193552    0    0     0   356 4911 7355 17  4 79  0  0
 1  0      0 3626064 150660 2205924    0    0     0     8 8381 10879 12 10 77  1  0
 1  0      0 3614740 150660 2206032    0    0     0    80 4146 6402 17  3 81  0  0
 2  0      0 3608480 150664 2206148    0    0     0   180 4812 7308 18  4 78  0  0
 1  1      0 3599416 150668 2206284    0    0     0   636 10634 17938 24 13 61  1  0
 2  0      0 3583560 150692 2208368    0    0     0  1076 9771 16049 24 15 60  1  0
 2  0      0 3536388 150692 2208760    0    0     0   756 4644 6867 32  6 63  0  0
 2  0      0 3373452 150692 2208892    0    0     0    60 5241 8179 32  6 62  0  0
 2  0      0 3358092 150692 2209164    0    0     0    28 4119 6160 32  4 64  0  0
 2  0      0 3090140 150692 2210048    0    0     0     4 4854 7215 29  8 63  0  0
 2  0      0 3032248 150696 2215528    0    0     0   228 6453 9150 29  6 64  1  0
 2  0      0 3013976 150696 2217992    0    0     0    20 5593 7955 29  5 66  0  0
 2  0      0 3004524 150696 2219904    0    0     0    96 6368 9391 31  4 65  0  0
 2  0      0 2991096 150696 2222916    0    0     0    52 5768 8073 29  5 66  0  0
 3  0      0 2960112 150696 2226544    0    0     0  6304 6184 8628 30  6 64  0  0
 4  0      0 2915972 150704 2230156    0    0     0   264 6015 8566 30  5 64  1  0
 2  0      0 2806060 150704 2246732    0    0  1196     4 10979 13710 23 10 65  2  0
 2  0      0 2814468 150712 2247948    0    0     0   228 6271 9314 30  7 63  0  0
procs -----------memory---------- ---swap-- -----io---- -system-- ------cpu-----
 r  b   swpd   free   buff  cache   si   so    bi    bo   in   cs us sy id wa st
 3  0      0 2787960 150724 2248232    0    0     0  1320 10387 17997 42 12 44  2  0
 8  0      0 2778852 150744 2250412    0    0     0  1620 12059 22412 48 20 29  2  0
 4  0      0 2741652 150836 2252852    0    0     0   608 7445 12284 56 14 29  0  0
 4  0      0 3196500 150836 2253212    0    0     0  1172 4989 7098 48 15 37  0  0
 4  0      0 3085204 150836 2253464    0    0     0    48 4249 5848 46  7 47  0  0
 3  0      0 3064500 150836 2253896    0    0     0    92 4402 6303 47  7 46  0  0
 4  0      0 3038824 150836 2254512    0    0     0    16 4627 6730 49  6 45  0  0
 3  0      0 2717380 150844 2254892    0    0     0   336 5006 7310 45  9 46  0  0
 3  0      0 2524976 150844 2257192    0    0     0     0 5514 7731 40  9 51  0  0
 2  0      0 2485888 150848 2261572    0    0     0    28 6576 9674 41  6 53  1  0
 3  0      0 2443320 150860 2265972    0    0     0   100 6266 8478 41  5 54  0  0
 3  0      0 2313164 150864 2270148    0    0     0  5296 6263 8794 41  6 53  1  0
 3  1      0 1906872 150872 2292264    0    0     0   356 13386 17060 35 12 51  3  0
 2  0      0 1761452 150876 2305388    0    0     0   140 10316 12691 39  8 51  2  0
 2  0      0 2061116 150880 2309380    0    0     0     8 6620 9071 26  7 67  0  0
 2  0      0 2023528 150884 2313292    0    0     0   108 7196 9769 26  6 68  0  0
 3  0      0 2018500 150884 2313600    0    0     0    20 5127 7557 33  5 62  0  0
 3  1      0 2010420 150892 2313708    0    0     0  3840 4772 6784 34  3 63  0  0
 3  0      0 2984308 150892 2313796    0    0     0     8 4351 6159 28  9 63  0  0
 1  0      0 2975240 150892 2313920    0    0     0     0 6165 9561 17  8 75  0  0
 1  0      0 2759692 150892 2314024    0    0     0    24 5471 7913 15  6 80  0  0
procs -----------memory---------- ---swap-- -----io---- -system-- ------cpu-----
 r  b   swpd   free   buff  cache   si   so    bi    bo   in   cs us sy id wa st
 1  0      0 2654572 150896 2315252    0    0     0   240 6255 9144 11  6 83  0  0
 1  0      0 2646520 150900 2317292    0    0     0    12 6455 9563 12  5 83  0  0
 0  0      0 2633668 150904 2319140    0    0     0   164 5917 8711 11  4 84  0  0
 1  0      0 2624600 150992 2320528    0    0    88     4 6356 9485 12  6 82  0  0
 1  0      0 2612264 150992 2322380    0    0     0     8 5800 8546 12  4 84  0  0
 0  0      0 2598936 150992 2323912    0    0     0  8960 6648 9485 12  7 81  0  0
 1  0      0 2591104 150992 2325108    0    0     0    28 5132 7688 14  4 83  0  0
 0  0      0 2578000 151000 2327024    0    0     0   436 5687 8568 12  5 82  0  0
 2  0      0 2644236 151000 2327884    0    0     0     8 5764 9094 15  6 79  0  0
 2  0      0 2645664 151000 2327904    0    0     0     4 5216 7549 18  3 79  0  0
 1  0      0 2645412 151000 2327936    0    0     0  7688 5800 8469 18  4 79  0  0
 0 10      0 3395804 151012 2325332    0    0     0  6052 7530 11572  8 13 74  5  0
 0  0      0 3397148 151036 2324944    0    0    28  1088 10355 16243  4  8 57 30  0
 0  0      0 3396924 151036 2324948    0    0     0    56 5435 8809  2  4 93  0  0
 1  0      0 3396924 151036 2324964    0    0     0    36 5200 8637  2  6 92  0  0
 0  0      0 3397180 151036 2324780    0    0     0     8 3955 6105  1  3 96  0  0
 0  0      0 3396932 151036 2324800    0    0     0     0 4458 7191  1  4 96  0  0
 1  0      0 3396684 151048 2324824    0    0     0   404 5910 9617  2  4 94  0  0
 4  0      0 3396368 151048 2324848    0    0     0    56 5697 9206  4  6 90  0  0
