procs -----------memory---------- ---swap-- -----io---- -system-- ------cpu-----
 r  b   swpd   free   buff  cache   si   so    bi    bo   in   cs us sy id wa st
 3  0      0 4268272 158688 1673588    0    0     2    11    3   13  2  1 97  0  0
 0  0      0 4267716 158688 1673616    0    0     0     0 7215 12055 16 10 75  0  0
 0  0      0 4267716 158688 1673620    0    0     0     8 2885 4459  2  2 96  0  0
 0  0      0 4267212 158688 1673624    0    0     0   128 2817 3979  3  3 94  1  0
 0  0      0 4266972 158688 1673628    0    0     0     0 1772 2266  1  1 98  0  0
 0  0      0 4269184 158688 1673640    0    0     0    12 1789 2469  1  1 98  0  0
 0  0      0 4268944 158688 1673644    0    0     0    28 3312 5138  4  2 94  0  0
 0  0      0 4268944 158688 1673648    0    0     0     0 1735 2140  2  2 96  0  0
 0  0      0 4268692 158688 1673656    0    0     0    60 2541 3620  1  3 96  0  0
 0  0      0 4268692 158688 1673656    0    0     0     0 1654 2096  1  3 96  0  0
 0  0      0 4268692 158688 1673664    0    0     0     0 1634 2138  1  1 98  0  0
 0  0      0 4268692 158688 1673672    0    0     0    16 1449 1721  1  2 98  0  0
 0  0      0 4268692 158688 1673676    0    0     0    28 2785 4378  1  2 97  0  0
 0  0      0 4268440 158688 1673680    0    0     0    48 1917 2466  1  3 97  0  0
 0  0      0 4268440 158688 1673688    0    0     0     8 1559 1945  1  1 98  0  0
 0  0      0 4268440 158688 1673696    0    0     0     0 1513 1872  1  1 98  0  0
 0  0      0 4268440 158688 1673700    0    0     0     4 2104 3061  1  2 97  0  0
 0  0      0 4268440 158688 1673708    0    0     0     8 1486 1808  1  1 98  0  0
 0  0      0 4268440 158688 1673712    0    0     0    76 2526 3665  1  3 96  0  0
 1  0      0 4260080 158688 1673716    0    0     0     0 5929 9339 15 12 73  0  0
 5  0      0 4260172 158688 1673728    0    0     0     8 5279 8479 12  6 82  0  0
procs -----------memory---------- ---swap-- -----io---- -system-- ------cpu-----
 r  b   swpd   free   buff  cache   si   so    bi    bo   in   cs us sy id wa st
 0  0      0 4259672 158688 1673744    0    0     0     8 4127 6665  6  5 89  0  0
 0  0      0 4259688 158688 1673748    0    0     0     0 4760 7639  7  6 87  0  0
 0  0      0 4259948 158688 1673752    0    0     0    68 1908 2380  1  2 96  0  0
 0  0      0 4259948 158688 1673756    0    0     0    44 1782 2301  1  2 97  0  0
 0  0      0 4259980 158688 1673768    0    0     0     0 1838 2538  1  2 97  0  0
 0  0      0 4259740 158688 1673772    0    0     0    12 2131 3116  1  2 97  0  0
 0  0      0 4259740 158688 1673780    0    0     0     8 1354 1611  1  2 98  0  0
 0  0      0 4259772 158692 1673788    0    0     0    68 2116 2820  2  2 96  0  0
 0  0      0 4259772 158692 1673792    0    0     0   104 2483 3402  3  2 95  0  0
 0  0      0 4259772 158692 1673800    0    0     0    32 1456 1902  1  1 98  0  0
 0  0      0 4259772 158692 1673804    0    0     0     0 1386 1742  1  2 98  0  0
 0  0      0 4259532 158692 1673808    0    0     0    24 2843 4421  1  2 96  0  0
 0  0      0 4259280 158692 1673816    0    0     0    80 1967 2512  1  3 96  0  0
 0  0      0 4259280 158692 1673820    0    0     0     0 1504 1903  1  2 98  0  0
 0  0      0 4259280 158692 1673828    0    0     0    32 1958 2611  3  2 96  0  0
 0  0      0 4259280 158692 1673832    0    0     0     4 3345 5300  3  3 94  0  0
 1  0      0 4258412 158692 1673844    0    0     0     0 4805 7382 11  9 80  0  0
 3  0      0 4254220 158696 1673852    0    0     0   136 6121 9872 11  9 80  0  0
 0  0      0 4263624 158696 1673876    0    0     0     0 4107 6239  7  6 87  0  0
 0  0      0 4263384 158696 1673876    0    0     0     0 3384 5079  8  5 87  0  0
 0  0      0 4263384 158696 1673884    0    0     0    48 1413 1630  1  1 98  0  0
procs -----------memory---------- ---swap-- -----io---- -system-- ------cpu-----
 r  b   swpd   free   buff  cache   si   so    bi    bo   in   cs us sy id wa st
 0  0      0 4263384 158696 1673888    0    0     0     4 2709 4094  2  2 96  0  0
 4  0      0 4259064 158696 1673928    0    0     0   348 4188 6095  4  6 89  1  0
 1  0      0 4243408 158700 1674424    0    0     0   816 9870 16567 12 13 72  2  0
 1  0      0 4223108 158704 1675820    0    0     0   672 4232 5975 13  6 80  1  0
 1  0      0 4060944 158704 1675856    0    0     0     0 2880 3693 16  4 81  0  0
 1  0      0 4045824 158704 1676036    0    0     0    44 2122 2352 17  2 81  0  0
 1  0      0 4033236 158704 1676304    0    0     0   620 2279 2928 18  2 80  0  0
 1  0      0 4020620 158704 1676468    0    0     0     0 1804 2257 17  3 80  0  0
 1  0      0 4009508 158704 1676588    0    0     0   184 1719 2029 16  3 81  0  0
 1  0      0 4000952 158704 1676612    0    0     0     0 2909 4260 17  2 81  0  0
 1  0      0 3988616 158704 1676864    0    0     0     4 2616 3879 16  3 81  0  0
 1  0      0 3984080 158704 1676980    0    0     0    48 2179 2549 17  2 81  0  0
 3  0      0 3954708 158704 1677024    0    0     0    92 4019 7845 26  7 66  0  0
 7  0      0 3955540 158704 1677088    0    0     0   408 6198 9962 26 10 64  0  0
 1  0      0 3954512 158704 1677184    0    0     0     0 4547 6956 23  6 71  0  0
 1  0      0 3945760 158704 1677276    0    0     0     0 3265 4836 21  4 75  0  0
 1  0      0 3938716 158704 1677392    0    0     0     0 2237 2768 16  3 81  0  0
 1  0      0 3930652 158704 1677512    0    0     0    52 2199 2704 17  3 80  0  0
15  0      0 3917752 158704 1677672    0    0     0   372 4009 5823 22  5 73  1  0
 1  1      0 3891548 158704 1679400    0    0     0  1184 7615 12390 23 13 61  3  0
 4  1      0 3807912 158708 1681016    0    0     0   112 4154 6033 30  6 64  0  0
procs -----------memory---------- ---swap-- -----io---- -system-- ------cpu-----
 r  b   swpd   free   buff  cache   si   so    bi    bo   in   cs us sy id wa st
 2  0      0 3339476 158708 1693628    0    0     0     0 8362 9659 25 12 62  1  0
 2  0      0 3307696 158708 1698432    0    0     0  1120 4189 4548 27  5 68  1  0
 1  0      0 3279824 158708 1702856    0    0     0   588 4548 5185 28  4 68  1  0
 4  0      0 3251400 158708 1707124    0    0     0     4 5811 7720 27  5 68  0  0
 2  0      0 3223632 158708 1711008    0    0     0   204 3817 4130 25  5 69  1  0
 2  0      0 3199476 158708 1715064    0    0     0     0 4374 5090 27  5 68  0  0
 2  0      0 3175196 158708 1720220    0    0     0     4 4524 4829 26  6 67  1  0
 2  0      0 3152792 158708 1724708    0    0     0    20 3974 4181 28  4 68  1  0
 4  0      0 3156476 158708 1724940    0    0     0    40 3881 5849 42  8 50  0  0
 3  0      0 3155140 158708 1725088    0    0     0   212 5288 8945 43  9 48  0  0
 2  0      0 3174308 158708 1725192    0    0     0     0 4762 7958 41  8 52  0  0
 1  0      0 3904620 158708 1725268    0    0     0     0 3522 5039 26  8 66  0  0
 1  0      0 3889448 158708 1725356    0    0     0   280 2235 2350 17  2 81  1  0
 1  0      0 3884684 158708 1725508    0    0     0     0 2536 3250 18  2 81  0  0
 1  0      0 3875912 158708 1725648    0    0     0   172 3136 3868 18  4 78  0  0
 3  0      0 3847516 158708 1726560    0    0     0   980 9657 16495 26 14 58  3  0
 2  0      0 3822228 158708 1728224    0    0     0   576 4167 5703 32  7 61  1  0
 1  0      0 3448772 158708 1743492    0    0  1432     0 7285 7756 23 12 63  2  0
 1  0      0 3095420 158708 1744904    0    0  1024     8 4101 5386 26  9 65  0  0
 2  0      0 3062028 158708 1747020    0    0     0     4 3154 3483 26  4 70  0  0
 2  0      0 3031464 158708 1748940    0    0     0    56 4306 5714 28  4 68  0  0
procs -----------memory---------- ---swap-- -----io---- -system-- ------cpu-----
 r  b   swpd   free   buff  cache   si   so    bi    bo   in   cs us sy id wa st
 2  0      0 3007384 158712 1750856    0    0     0   208 3115 3326 26  4 71  0  0
 1  0      0 2986120 158712 1752620    0    0     0     4 2985 3170 26  3 71  0  0
 1  0      0 2962104 158712 1754332    0    0     0     4 3379 4123 27  2 71  0  0
 2  0      0 2942740 158712 1755924    0    0     0     0 2877 2843 27  3 71  0  0
 4  0      0 2911200 158712 1757608    0    0     0    28 3360 3870 27  4 69  0  0
 2  1      0 2882948 158716 1759088    0    0     0   528 6971 12195 41 11 47  1  0
 2  0      0 2841980 158716 1773568    0    0 14280   580 9295 17794 46 12 38  4  0
 4  0      0 2937252 158716 1773808    0    0   136    28 3785 5504 40  4 56  0  0
 1  0      0 3796572 158716 1773956    0    0     0    12 2600 3005 20 11 69  0  0
 3  0      0 3787524 158716 1774072    0    0     0     0 3586 5282 17  4 79  0  0
 3  0      0 3783744 158716 1774168    0    0     0   132 2917 3937 17  3 79  0  0
 6  0      0 3763236 158720 1774592    0    0     0  2720 8102 13215 24 11 63  2  0
 2  0      0 3345168 158720 1790060    0    0     0   616 11409 16200 22 19 58  2  0
 1  0      0 2962804 158720 1795928    0    0  1108     8 3337 3521 26  6 67  1  0
 2  0      0 2881840 158720 1801560    0    0     0     0 2827 3365 30  3 67  0  0
 3  0      0 2853388 158720 1805280    0    0     0     0 3512 4045 28  4 68  0  0
 1  0      0 2784908 158720 1811528    0    0     0 22524 4557 5126 26  5 69  0  0
 2  0      0 2741492 158724 1816404    0    0     0   476 3566 3397 28  3 69  0  0
 1  0      0 2669108 158724 1820408    0    0     0 12912 3404 3359 30  3 67  0  0
 2  0      0 2648824 158724 1825000    0    0     0     8 4463 5561 30  5 65  0  0
 1  0      0 2535356 158724 1833352    0    0     0     0 3859 4199 28  4 67  0  0
procs -----------memory---------- ---swap-- -----io---- -system-- ------cpu-----
 r  b   swpd   free   buff  cache   si   so    bi    bo   in   cs us sy id wa st
 5  0      0 2447160 158724 1836804    0    0     0  1472 3513 3542 29  3 68  0  0
 2  0      0 2301340 158724 1842604    0    0     0   564 7493 13647 46 13 41  0  0
 3  0      0 2219744 158724 1850124    0    0     0  1788 6918 9880 41 11 47  2  0
 3  0      0 2088548 158724 1858892    0    0     0    40 4415 6369 35  6 59  0  0
 3  0      0 1981668 158724 1867328    0    0     0     0 3840 4804 32  7 61  0  0
 2  0      0 1852564 158724 1873508    0    0     0     4 3237 3232 30  4 66  0  0
 2  0      0 1756532 158724 1880664    0    0     0   112 4752 6110 30  5 64  1  0
 2  0      0 1599220 158724 1890188    0    0     0    76 3728 3911 28  5 66  1  0
 3  0      0 1529108 158724 1901796    0    0     0     8 4345 5237 31  4 64  1  0
 1  1      0 1123980 158724 1923548    0    0     0    16 8753 9348 22 12 64  2  0
 0  0      0 859032 158724 1931212    0    0     0     0 4478 4661 24  5 71  1  0
 4  0      0 775108 158724 1943528    0    0     0   176 4804 5304 25  4 71  1  0
 1  0      0 634988 158724 1952944    0    0     0    12 4884 5586 25  5 70  0  0
 2  0      0 492812 158724 1959996    0    0     0     0 4110 4445 26  4 69  0  0
 2  0      0 371732 158724 1967720    0    0     0  8204 4794 5264 24  5 71  0  0
 0  0      0 238012 158724 1974900    0    0     0     4 4550 5075 24  4 73  0  0
 0 10      0 168620 158688 1975928    0    0     0 61960 4004 4876 23  5 50 23  0
 3  3      0 213100 156256 1886248    0    0  1876 39140 11758 15991 13  7 21 59  0
 5  0      0 299748 155792 1893216    0    0 12792     0 5826 6878 29  6 30 34  0
 3  0      0 263596 155792 1896692    0    0   272     0 6363 10877 39  9 52  0  0
 2  0      0 995780 155792 1923044    0    0 22336   328 7799 13756 35 12 49  4  0
procs -----------memory---------- ---swap-- -----io---- -system-- ------cpu-----
 r  b   swpd   free   buff  cache   si   so    bi    bo   in   cs us sy id wa st
 2  0      0 976276 155792 1927328    0    0     0   680 5171 7500 18  6 76  0  0
 2  0      0 904640 155792 1932340    0    0     0     0 4140 4982 15  4 81  0  0
 5  0      0 797924 155792 1941340    0    0     0     0 3245 3513 13  3 84  1  0
 2  0      0 665384 155792 1951856    0    0     0   116 4539 5502 17  5 78  1  0
 3  0      0 2578912 155792 1956644    0    0     0   988 8649 14292 21 13 63  3  0
 3  0      0 2914608 155820 1970780    0    0 11708   576 7136 11291 26 10 61  3  0
 3  0      0 2797664 155820 1979788    0    0  8820    20 4262 5145 30  5 63  2  0
 3  0      0 3632672 155820 1980056    0    0   108     0 2033 2285 30  5 65  0  0
 2  0      0 3732948 155820 1986040    0    0  5864     4 2563 3252 16  6 76  1  0
 2  0      0 3720624 155820 1986612    0    0     0     0 2551 3494 16  3 81  0  0
 2  0      0 3710328 155824 1987064    0    0   340   100 1849 2303 16  3 81  0  0
 2  0      0 3691428 155824 1987148    0    0     0     8 2380 2806 18  4 78  0  0
 2  0      0 3683652 155824 1992288    0    0  4868    20 2354 2881 15  3 81  1  0
 2  0      0 3673596 155824 1992592    0    0   168     0 3455 5292 18  3 79  0  0
 2  0      0 3671128 155824 1992892    0    0     0     0 1836 2293 17  2 81  0  0
 3  0      0 3663328 155828 1993096    0    0     0   148 3108 4496 17  3 80  0  0
 2  0      0 3648712 155828 1993224    0    0     0  3228 2631 2990 17  4 77  2  0
 2  0      0 3646220 155828 1993328    0    0     0     0 1879 2352 18  1 81  0  0
 2  0      0 3631804 155828 1993468    0    0     0    16 1696 1942 16  2 82  0  0
 2  0      0 3626260 155828 1993652    0    0     0     0 3103 4477 18  2 80  0  0
 2  0      0 3617200 155828 1993816    0    0     0   176 1836 2053 17  2 81  0  0
procs -----------memory---------- ---swap-- -----io---- -system-- ------cpu-----
 r  b   swpd   free   buff  cache   si   so    bi    bo   in   cs us sy id wa st
 2  0      0 3614680 155828 1993944    0    0     0   144 2587 3139 17  4 79  0  0
 2  0      0 3606616 155828 1994060    0    0     0     8 1783 2017 17  2 81  0  0
 2  0      0 3341820 155828 1997972    0    0   212     0 4011 4713 12  7 80  1  0
 2  0      0 3237484 155828 1999376    0    0     0    12 2564 2933 11  3 86  0  0
 5  0      0 3222628 155836 2001516    0    0     0   140 4239 6241 11  4 85  0  0
 2  0      0 3206036 155840 2003824    0    0     0  5024 3132 3698 11  3 86  0  0
 2  0      0 3191924 155844 2005964    0    0     0    92 3244 4119 11  3 86  0  0
 4  0      0 3175348 155848 2008204    0    0     0     8 4363 6076 11  3 85  0  0
 1  0      0 3159508 155852 2010624    0    0     0     0 3834 5087 13  2 85  0  0
 2  0      0 3151444 155852 2012196    0    0     0   140 2518 2874 14  2 84  0  0
 2  0      0 3173816 155852 2012208    0    0     0 17404 2883 3738 19  4 77  0  0
 4  0      0 3173912 155852 2012212    0    0     0    92 2072 2141 17  2 81  0  0
 1  0      0 3923436 155852 2012220    0    0     0     4 2237 2680 12  6 83  0  0
 1  0      0 3923184 155852 2012236    0    0     0     0 1611 2036  1  1 98  0  0
 2  0      0 3922960 155852 2012236    0    0     0 14172 3689 5813  3  4 93  0  0
 1  0      0 3918372 155852 2012248    0    0     0 16856 3063 4159  2  3 95  0  0
 1  0      0 3918372 155852 2012252    0    0     0     0 1864 2374  1  2 98  0  0
 1  0      0 3918372 155852 2012260    0    0     0   108 1787 2155  1  2 97  0  0
 1  0      0 3918372 155852 2012264    0    0     0     0 2761 4131  3  2 95  0  0
 2  0      0 3918372 155856 2012272    0    0     0   576 1942 2635  1  1 98  0  0
 1  0      0 3918372 155856 2012276    0    0     0     0 2351 3148  2  4 94  0  0
procs -----------memory---------- ---swap-- -----io---- -system-- ------cpu-----
 r  b   swpd   free   buff  cache   si   so    bi    bo   in   cs us sy id wa st
 3  0      0 3918372 155856 2012284    0    0     0    12 1520 1883  1  2 98  0  0
 1  0      0 3918372 155856 2012292    0    0     0    20 4046 6271  2  3 95  0  0
 1  0      0 3918372 155856 2012300    0    0     0     8 1922 2511  3  2 96  0  0
 2  0      0 3918372 155860 2012304    0    0     0   632 2081 2927  1  2 97  0  0
 1  0      0 3918120 155860 2012312    0    0     0     0 3834 5934  2  4 95  0  0
 1  0      0 3918120 155860 2012320    0    0     0     0 1917 2552  2  1 97  0  0
 1  0      0 3917620 155860 2012500    0    0   284    16 1693 2156  1  2 97  0  0
 1  0      0 3917620 155860 2012616    0    0     0    20 2579 3863  2  2 96  0  0
 1  0      0 3917620 155860 2012628    0    0     0    60 3368 4848  3  2 95  0  0
 1  0      0 3917116 155860 2012636    0    0     0     0 5217 7765  4  5 91  0  0
 1  0      0 3917116 155860 2012636    0    0     0     0 1678 2046  1  2 98  0  0
 1  0      0 3917116 155860 2012644    0    0     0     0 2034 2731  1  2 97  0  0
 1  0      0 3917116 155860 2012652    0    0     0    28 1576 1946  1  2 97  0  0
 1  0      0 3917116 155860 2012656    0    0     0    88 1742 2257  1  2 97  0  0
 1  0      0 3916864 155860 2012664    0    0     0    76 3856 5994  4  4 92  0  0
 1  0      0 3916864 155860 2012672    0    0     0   136 2211 3129  2  2 96  0  0
 1  0      0 3916864 155860 2012684    0    0     0     0 2926 4603  2  2 96  0  0
 1  0      0 3916864 155860 2013276    0    0   588     0 3054 4756  3  2 95  0  0
 1  0      0 3916864 155860 2013280    0    0     0    92 1809 2340  1  2 97  0  0
 1  0      0 3916612 155860 2013288    0    0     0     0 2391 3350  2  4 94  0  0
 1  0      0 3916612 155860 2013296    0    0     0     0 1594 2078  2  2 96  0  0
procs -----------memory---------- ---swap-- -----io---- -system-- ------cpu-----
 r  b   swpd   free   buff  cache   si   so    bi    bo   in   cs us sy id wa st
 0  0      0 3916612 155860 2013304    0    0     0     0 1639 2040  1  2 97  0  0
 0  0      0 3916612 155860 2013308    0    0     0     0 1690 2186  1  2 97  0  0
 0  0      0 3916612 155860 2013308    0    0     0    80 1872 2574  1  2 98  0  0
 0  0      0 3916360 155860 2013320    0    0     0    68 3954 6281  5  4 91  0  0
 0  0      0 3916360 155860 2013328    0    0     0     0 1652 2155  1  1 97  0  0
 0  0      0 3916360 155860 2013336    0    0     0     0 1583 2047  1  2 98  0  0
 0  0      0 3916360 155860 2013340    0    0     0     0 2827 4309  2  2 96  0  0
 0  0      0 3916360 155864 2013340    0    0     0    44 1581 2048  1  1 98  0  0
 0  0      0 3916360 155864 2013344    0    0     0    20 2549 3368  4  4 92  0  0
 0  0      0 3916360 155864 2013352    0    0     0    12 1555 1984  1  2 98  0  0
 0  0      0 3916360 155864 2013360    0    0     0     0 3678 5958  2  3 95  0  0
 0  0      0 3916360 155868 2013368    0    0     4     0 1937 2577  1  2 97  0  0
 0  0      0 3916360 155868 2013372    0    0     0    52 1749 2278  1  2 97  0  0
 0  0      0 3914472 155868 2013376    0    0     0    52 3317 5186  3  3 95  0  0
 0  0      0 3914472 155868 2013392    0    0     0    12 1743 2261  3  2 95  0  0
 0  0      0 3914472 155868 2013396    0    0     0     4 1586 2137  1  2 97  0  0
 0  0      0 3914472 155868 2013400    0    0     0     0 3081 4855  2  2 96  0  0
 0  0      0 3914472 155872 2013400    0    0     0    52 1444 1905  1  2 98  0  0
 0  0      0 3914984 155872 2013408    0    0     0    12 2547 3464  3  4 93  0  0
 0  0      0 3914984 155872 2013416    0    0     0     4 1533 1960  1  2 97  0  0
 0  0      0 3914984 155872 2013432    0    0     0     0 1718 2324  1  2 98  0  0
procs -----------memory---------- ---swap-- -----io---- -system-- ------cpu-----
 r  b   swpd   free   buff  cache   si   so    bi    bo   in   cs us sy id wa st
 0  0      0 3914984 155872 2013976    0    0   540    12 1919 2550  2  2 96  0  0
