procs -----------memory---------- ---swap-- -----io---- -system-- ------cpu-----
 r  b   swpd   free   buff  cache   si   so    bi    bo   in   cs us sy id wa st
 2  0      0 4348616  27360 1689616    0    0     8    12   41   13  1  2 96  0  0
 0  0      0 4353072  27360 1689636    0    0     0    16 13662 23749 13 16 71  0  0
 1  0      0 4353072  27360 1689672    0    0     0    84 9584 15497  1  7 92  0  0
 0  0      0 4352744  27368 1689724    0    0     0   456 10281 16767  2  7 92  0  0
 0  0      0 4352824  27368 1689752    0    0     0   532 9271 14987  1  6 93  0  0
 0  0      0 4352576  27384 1689772    0    0     0   260 9231 15225  2  6 92  0  0
 3  0      0 4352576  27384 1689824    0    0     0    72 10004 16637  2  8 90  0  0
 0  0      0 4352576  27384 1689848    0    0     0    48 9723 15681  1  7 93  0  0
 0  0      0 4352576  27384 1689920    0    0     0    92 9919 15991  1  8 91  0  0
 0  0      0 4352576  27384 1689936    0    0     0    36 8710 14191  1  6 93  0  0
 1  0      0 4352576  27392 1689972    0    0     0   476 9593 15608  1  6 92  1  0
 0  0      0 4352328  27392 1690000    0    0     0    24 10599 17608  2  8 90  0  0
 0  0      0 4352328  27392 1690404    0    0   391    96 9270 15357  2  8 90  0  0
 0  0      0 4352076  27392 1690632    0    0     0    48 9844 16017  2  7 91  0  0
 0  0      0 4352076  27392 1690680    0    0     0    56 8718 13978  1  7 92  0  0
 0  0      0 4352076  27396 1690712    0    0     0   176 10506 17006  2  7 91  0  0
 0  0      0 4352108  27396 1690748    0    0     0    12 9673 15929  3  8 89  0  0
 0  0      0 4352108  27396 1690784    0    0     0     8 8856 14370  2  7 91  0  0
 0  0      0 4352108  27396 1690820    0    0     0   128 8458 13502  1  7 92  0  0
 1  0      0 4352108  27396 1690868    0    0     0    64 9652 15911  1  8 91  0  0
 0 34      0 4352108  27400 1690868    0    0     0   432 9872 15567  1  7 60 32  0
procs -----------memory---------- ---swap-- -----io---- -system-- ------cpu-----
 r  b   swpd   free   buff  cache   si   so    bi    bo   in   cs us sy id wa st
 0  6      0 4351884  27400 1690948    0    0     0     8 11967 18536  3  7 26 64  0
 0  8      0 4351884  27400 1690976    0    0     0     4 9456 14921  1  8 31 60  0
 0  1      0 4351884  27400 1691036    0    0     0   100 9711 15818  2  6 41 51  0
 1 20      0 4351884  27404 1691060    0    0     0   272 8231 13100  1  6 62 31  0
 2  0      0 4344176  27420 1691188    0    0     0   844 17397 28040  6 14 48 32  0
 1  0      0 4346924  27456 1692704    0    0     0  1248 14585 24927 10 17 72  2  0
 1  0      0 4311448  27456 1693108    0    0     0    28 9292 15984 16  8 76  0  0
 1  0      0 4151496  27456 1693108    0    0     0    88 8791 15172 15  8 77  0  0
 1  0      0 4142452  27456 1693344    0    0     0    40 8378 13860 16  6 78  0  0
 1  0      0 4130632  27456 1693728    0    0     0   716 9643 15642 16  7 77  0  0
 2  0      0 4122316  27464 1693872    0    0     0   248 8748 14905 16  6 77  0  0
 2  0      0 4101892  27464 1693948    0    0     0    20 8767 15056 17  7 76  0  0
 2  0      0 4097608  27464 1694172    0    0     0   292 8450 14360 17  6 77  0  0
 2  0      0 4080736  27464 1694396    0    0     0   292 9274 15863 18  6 77  0  0
 1  0      0 4077220  27464 1694528    0    0     0    56 11103 17232 18  8 74  0  0
 2  0      0 4074196  27472 1694624    0    0     0   360 11238 17468 17  8 75  0  0
 2  0      0 4055088  27508 1694868    0    0     0   552 13741 22396 21 13 65  1  0
 3  0      0 4019992  27544 1695568    0    0     0   876 15833 27274 25 16 57  2  0
 2  0      0 3997500  27568 1697304    0    0     0   816 10072 17192 29 12 58  1  0
 3  0      0 3825960  27568 1697540    0    0     0    68 9705 16749 32  9 59  0  0
 3  0      0 3805308  27568 1697852    0    0     0     8 8658 14838 32  7 60  0  0
procs -----------memory---------- ---swap-- -----io---- -system-- ------cpu-----
 r  b   swpd   free   buff  cache   si   so    bi    bo   in   cs us sy id wa st
 4  0      0 3390872  27568 1711596    0    0     0   752 14390 20764 25 16 57  1  0
 2  0      0 3233916  27568 1714024    0    0     0    52 9600 15624 26 10 63  0  0
 3  0      0 3204708  27576 1718108    0    0     0   416 12768 19641 26  9 65  1  0
 2  0      0 3179836  27576 1722160    0    0     0    88 12050 18819 26 11 63  0  0
 2  0      0 3151832  27576 1725788    0    0     0    20 11256 17368 24  9 67  0  0
 1  0      0 3128712  27576 1730032    0    0     0     0 11725 18193 26  9 65  1  0
 2  0      0 3107104  27576 1733416    0    0     0    20 12163 18692 26  9 65  0  0
 2  0      0 3085296  27580 1737212    0    0     0   684 12162 18643 26  9 65  1  0
 2  0      0 3060936  27592 1741572    0    0     0   452 14387 22862 29 10 60  1  0
 3  0      0 3021216  27612 1743352    0    0     0  1268 15897 27973 38 16 44  2  0
 4  0      0 2999092  27640 1745324    0    0     0   756 10216 16891 46 11 42  1  0
 5  0      0 3611724  27656 1757228    0    0     0   256 13294 19386 35 23 41  1  0
 4  0      0 3407004  27716 1757696    0    0    60   832 12171 21708 38 17 44  1  0
 3  0      0 3363068  27736 1760468    0    0     0   724 13718 24959 39 20 40  1  0
 4  0      0 3292052  27768 1768616    0    0     4   864 11066 18464 45 12 42  2  0
 3  0      0 3116160  27768 1771852    0    0     0    12 9383 15515 44 13 43  0  0
 3  0      0 3077180  27768 1776892    0    0     0    20 10560 16968 47  9 43  1  0
 2  0      0 3008540  27768 1782088    0    0     0    24 9577 15497 45 10 44  0  0
 5  0      0 2977496  27768 1785180    0    0     0  9868 9640 16744 47 11 41  0  0
 4  0      0 2986984  27780 1785468    0    0     0   684 7933 13996 49  8 42  1  0
 3  0      0 2979188  27780 1785616    0    0     0 14552 9341 15490 50  8 40  2  0
procs -----------memory---------- ---swap-- -----io---- -system-- ------cpu-----
 r  b   swpd   free   buff  cache   si   so    bi    bo   in   cs us sy id wa st
 3  0      0 2987584  27780 1785956    0    0     0    12 7812 13418 50  7 43  0  0
 2  0      0 3663704  27780 1786368    0    0     0   188 9385 15794 35 10 55  0  0
 3  0      0 3647008  27780 1786612    0    0     0   276 8201 14040 33  8 59  0  0
 4  0      0 3639448  27788 1787000    0    0     0   848 8714 14988 33  6 60  0  0
 2  0      0 3623332  27788 1787244    0    0     0    56 8849 15188 33  7 60  0  0
 2  0      0 3487600  27788 1800524    0    0     0    80 13306 19614 28 11 59  1  0
 1  0      0 3066400  27788 1803836    0    0   140  1292 9303 15441 27 10 62  0  0
 3  0      0 3018188  27788 1809980    0    0     0    24 10585 17978 30  9 61  0  0
 2  0      0 2998580  27796 1814140    0    0     0   360 9352 15412 28  7 64  0  0
 2  0      0 2636456  27796 1831624    0    0     0    84 16463 23187 19 14 65  2  0
 2  0      0 2418568  27796 1836352    0    0     0     8 13012 19729 22 10 67  0  0
 0  0      0 2349760  27796 1843844    0    0     0    48 13738 20759 22  9 68  0  0
 2  0      0 2302168  27796 1848200    0    0     0     0 12752 19498 26  8 66  0  0
 2  0      0 2290368  27804 1852588    0    0     0   364 13483 20497 24  9 67  0  0
 2  0      0 2154432  27804 1863856    0    0     0    84 12256 18831 25  9 66  0  0
 0  0      0 2079108  27804 1869200    0    0     0   788 13354 19785 23  9 68  0  0
 0  0      0 1938432  27804 1875800    0    0     0     4 11708 18016 26  8 65  0  0
 5  0      0 1834888  27808 1885340    0    0     0 33736 12297 19439 24 10 65  0  0
 1  0      0 1767608  27820 1890872    0    0     0 13948 9793 14222 17  7 43 34  0
 1  0      0 1661460  27820 1899772    0    0     0   104 9893 15850 30  9 61  0  0
 1  0      0 1652588  27820 1906384    0    0     0    40 9966 15759 31  9 61  0  0
procs -----------memory---------- ---swap-- -----io---- -system-- ------cpu-----
 r  b   swpd   free   buff  cache   si   so    bi    bo   in   cs us sy id wa st
 1  0      0 2345064  27820 1912480    0    0     0     8 10747 17745 17 12 71  0  0
 1  0      0 2197096  27820 1920436    0    0     0    20 10335 16424 14  8 77  0  0
 1  0      0 2135024  27828 1932080    0    0     0   256 11320 17857 16  7 76  1  0
 1  0      0 2071996  27828 1939192    0    0     0    72 9365 15827 14  8 78  0  0
 1  0      0 1925708  27828 1946884    0    0     0    68 10485 16719 15  8 77  0  0
 3  0      0 1925888  27828 1957888    0    0     0    32 10176 15940 14  9 78  0  0
 1  0      0 1740284  27828 1956900    0    0     0    28 10735 17186 14  8 78  0  0
 4  0      0 1634140  27836 1962624    0    0     0   212 11415 17971 14  9 77  0  0
 0  1      0 1523696  27836 1969084    0    0     0    24 11769 17963 15  8 77  0  0
 4  0      0 1416668  27836 1975640    0    0     0    76 12095 18192 14  9 76  0  0
 1  0      0 1271468  27836 1980884    0    0     0    52 13467 20804 16  8 75  0  0
 2  0      0 1160152  27836 1987104    0    0     0   124 12168 18236 14 10 76  0  0
 1  0      0 1044308  27844 1992688    0    0     0   520 12935 19779 13 11 76  1  0
 1  0      0 1112612  27844 2000044    0    0     0    16 12218 18941 13  9 78  0  0
 1  0      0 1086976  27844 2003844    0    0     0    64 10703 17205 14  7 79  0  0
 1  0      0 1082788  27844 2006864    0    0     0    48 11053 17059 14  8 78  0  0
 1  0      0 1021840  27844 2011836    0    0     0    40 13385 19985 13  9 78  0  0
 1  0      0 955664  27852 2018124    0    0     0   264 11693 19002 15  8 77  0  0
 1  0      0 882308  27852 2026768    0    0     0    16 11034 18066 12 10 77  1  0
 1  0      0 714380  27852 2037104    0    0     0    56 10004 16388 14  7 78  0  0
 3  0      0 2886660  27852 2039384    0    0     0    20 9990 16452 16  9 75  0  0
procs -----------memory---------- ---swap-- -----io---- -system-- ------cpu-----
 r  b   swpd   free   buff  cache   si   so    bi    bo   in   cs us sy id wa st
 1  0      0 2885904  27852 2039428    0    0     0   160 13264 20913 20  9 71  0  0
 3  0      0 2908560  27860 2039460    0    0     0   260 11219 17690 18  6 76  0  0
