procs -----------memory---------- ---swap-- -----io---- -system-- ------cpu-----
 r  b   swpd   free   buff  cache   si   so    bi    bo   in   cs us sy id wa st
 1  0      0 4244760  44780 1631736    0    0     4     7   17   13  1  1 98  0  0
 0  0      0 4241800  44780 1631768    0    0     0     0 5247 8788 10  7 83  0  0
 0  0      0 4241548  44780 1631772    0    0     0     0 1420 1648  1  1 98  0  0
 0  0      0 4241300  44788 1631772    0    0     0    68 1321 1483  0  1 99  0  0
 0  0      0 4241300  44788 1631776    0    0     0    20 1246 1278  0  1 99  0  0
 0  0      0 4241300  44788 1631784    0    0     0    12 1430 1633  1  2 97  0  0
 0  0      0 4241300  44788 1631788    0    0     0    24 1059 1107  0  1 99  0  0
 0  0      0 4241300  44788 1631788    0    0     0     0 2043 2872  1  2 98  0  0
 0  0      0 4241300  44788 1631796    0    0     0     0 1565 1956  1  1 98  0  0
 0  0      0 4241300  44796 1631800    0    0     0   120 1476 1647  0  1 98  0  0
 0  0      0 4241300  44796 1631808    0    0     0     0 1026 1079  0  1 99  0  0
 0  0      0 4241300  44796 1631812    0    0     0    16 1147 1171  0  1 99  0  0
 0  0      0 4241300  44796 1631812    0    0     0    24 1486 1706  1  1 98  0  0
 0  0      0 4241300  44796 1631816    0    0     0     0 1316 1496  1  1 99  0  0
 0  0      0 4241300  44800 1631820    0    0     0    32 1154 1192  0  1 99  0  0
 0  0      0 4241300  44800 1631824    0    0     0     0 1220 1358  1  2 98  0  0
 0  0      0 4241300  44808 1631820    0    0     0    64 1322 1572  0  1 98  0  0
 1  0      0 4226908  44836 1631996    0    0     0  1080 9388 15302  9 11 78  2  0
 1  0      0 4212692  44860 1633540    0    0     0   608 5709 9311 13  8 79  0  0
 1  0      0 4038696  44860 1633768    0    0     0     0 2127 2502 14  4 82  0  0
 1  0      0 4023096  44860 1633952    0    0     0     0 1404 1327 16  1 82  0  0
procs -----------memory---------- ---swap-- -----io---- -system-- ------cpu-----
 r  b   swpd   free   buff  cache   si   so    bi    bo   in   cs us sy id wa st
 1  0      0 4009752  44860 1634224    0    0     0     0 1511 1541 16  2 82  0  0
 1  0      0 3994884  44860 1634424    0    0     0    12 1682 1697 16  2 82  0  0
 1  0      0 3975996  44868 1634508    0    0     0    96 1586 1580 17  1 82  0  0
 1  0      0 3967440  44868 1634712    0    0     0   548 2004 1842 15  2 81  1  0
 1  0      0 3958644  44868 1634928    0    0     0     0 1992 2026 16  3 81  0  0
 1  0      0 3955884  44884 1635008    0    0     0   276 1985 2385 17  2 81  0  0
 2  0      0 3913464  44904 1635688    0    0     0   928 8881 15317 24 12 62  2  0
 2  0      0 3895100  44932 1637452    0    0     0   576 3766 5588 30  6 64  1  0
 2  0      0 3715340  44932 1637648    0    0     0     8 2064 2189 32  4 65  0  0
 2  0      0 3697232  44932 1638024    0    0     0    40 1335 1201 32  3 66  0  0
 2  0      0 3673568  44932 1638396    0    0     0     0 1425 1262 32  2 66  0  0
 2  0      0 3641604  44932 1638708    0    0     0     0 1629 1649 32  3 65  0  0
 2  0      0 3550192  44944 1651312    0    0     0   144 6966 7308 29  6 64  2  0
 2  0      0 3241788  44944 1654288    0    0     0     4 3024 2877 26  6 68  0  0
 1  0      0 3210424  44944 1659744    0    0     0    36 3917 4059 27  4 69  1  0
 1  0      0 3184488  44944 1664804    0    0     0     4 3564 3546 27  3 70  1  0
 2  0      0 3154732  44944 1669436    0    0     0     0 4703 5697 27  5 68  0  0
 2  1      0 3131848  44952 1674120    0    0     0   228 3769 4272 27  4 69  1  0
 2  0      0 3100120  44952 1679208    0    0     0     0 3741 3987 28  3 69  1  0
 2  0      0 3081172  44952 1683424    0    0     0   724 3563 3439 27  4 68  1  0
 2  0      0 3101296  44952 1683568    0    0     0    36 1493 1335 33  2 65  0  0
procs -----------memory---------- ---swap-- -----io---- -system-- ------cpu-----
 r  b   swpd   free   buff  cache   si   so    bi    bo   in   cs us sy id wa st
 1  0      0 3848808  44952 1683684    0    0     0     4 1825 1702 28  6 67  0  0
 2  0      0 3746260  44964 1696508    0    0     0   212 6764 7306 12  6 80  2  0
 8  0      0 3218692  44980 1700052    0    0     0   580 5300 7656 16  8 75  1  0
 2  0      0 3148288  45016 1708172    0    0     0  1076 8832 14146 24 11 63  2  0
 2  0      0 2994804  45016 1712680    0    0     0     0 3095 3197 27  3 69  0  0
 1  0      0 2882968  45016 1719052    0    0     0    48 4428 5450 28  4 68  1  0
 2  0      0 2838236  45016 1723636    0    0     0    12 3579 3893 27  3 70  0  0
 2  0      0 2796580  45016 1725876    0    0     0    12 2486 2179 30  3 67  0  0
 2  1      0 2749308  45024 1730936    0    0     0   844 2318 1980 30  3 66  1  0
 2  0      0 2618112  45024 1738320    0    0     0    36 3808 3502 28  3 67  2  0
 2  0      0 2553972  45024 1744792    0    0     0     0 3070 2948 30  3 68  0  0
 2  0      0 2397728  45024 1750684    0    0     0    36 3080 2897 29  4 68  0  0
 2  0      0 2283528  45024 1758248    0    0     0     8 3243 2854 30  3 66  1  0
 1  0      0 2167368  45032 1767144    0    0     0   156 3414 3247 30  4 66  1  0
 2  0      0 2060736  45032 1776224    0    0     0     0 4017 4413 31  3 66  0  0
 2  0      0 1930060  45032 1785048    0    0     0     0 4449 5202 31  4 65  1  0
 2  0      0 1779852  45032 1792892    0    0     0    32 3652 3920 31  3 66  1  0
 2  0      0 1689928  45032 1804540    0    0     0    44 3324 3115 30  3 66  1  0
 2  0      0 1582344  45040 1811584    0    0     0   112 2485 2294 30  3 67  0  0
 2  0      0 995016  45040 1833728    0    0     0   136 8135 7969 23  9 66  2  0
 3  0      0 884888  45040 1845984    0    0     0     0 4671 5006 22  5 72  1  0
procs -----------memory---------- ---swap-- -----io---- -system-- ------cpu-----
 r  b   swpd   free   buff  cache   si   so    bi    bo   in   cs us sy id wa st
 2  0      0 641972  45040 1854436    0    0     0     0 3954 3966 26  3 71  1  0
 2  0      0 521580  45040 1863548    0    0     0     4 4199 4527 25  4 71  0  0
 3  0      0 361584  45044 1870124    0    0     0   200 3847 3893 24  5 71  1  0
 2  0      0 156244  45044 1878736    0    0     0   108 3780 3838 24  4 72  0  0
 0  4      0 144700  44656 1862884    0    0   972 75924 5262 6599  7  4 47 42  0
 0  2      0 143708  44664 1863584    0    0   736 53916 3235 3895  2  2 61 35  0
 2  0      0  91704  44460 1833128    0    0    16     0 3082 3379 10  4 70 16  0
 1  0      0 138820  43152 1737476    0    0     0   348 3980 4283 21  8 70  1  0
 1  1      0  84924  41572 1635916    0    0   212 12400 4015 4203 18  9 65  8  0
 1  0      0 134368  41312 1632612    0    0  2524     0 4134 4679 23  5 71  1  0
 2  0      0 106984  41312 1636788    0    0     0     0 2642 2322 30  2 68  0  0
 1  0      0 1068428  41328 1640668    0    0    20     0 3094 3060 23  9 68  0  0
 1  0      0 1025436  41376 1645660    0    0    40   124 3157 3166 12  2 85  1  0
 0  0      0 943996  41376 1651968    0    0     0    92 3028 3091 14  2 84  0  0
 0  0      0 863900  41376 1662128    0    0     0    44 4523 5468 13  4 83  1  0
 1  0      0 689840  41380 1670908    0    0   204     0 3706 4106 15  3 81  1  0
 1  0      0 3047112  41380 1672912    0    0     0     0 2201 2218 16  3 81  0  0
 1  0      0 3143124  41384 1672928    0    0     0    96 2445 2553 18  1 81  0  0
 0  0      0 4203284  41384 1672928    0    0     0     0 2196 2586  2  5 93  0  0
 0  0      0 4202868  41388 1672932    0    0     0    76 1424 1574  0  2 98  0  0
 0  0      0 4202876  41388 1672932    0    0     0    36 1300 1424  0  1 99  0  0
procs -----------memory---------- ---swap-- -----io---- -system-- ------cpu-----
 r  b   swpd   free   buff  cache   si   so    bi    bo   in   cs us sy id wa st
 0  0      0 4203132  41388 1672936    0    0     0     0 1532 1759  1  2 97  0  0
 0  0      0 4202892  41392 1672944    0    0     4    64 1612 1884  0  1 98  0  0
 0  0      0 4202892  41392 1672952    0    0     0     0  983  955  0  1 99  0  0
 0  0      0 4202892  41392 1672960    0    0     0     8 2678 3939  1  2 97  0  0
 0  0      0 4202404  41392 1672960    0    0     0     0 1464 1764  1  1 98  0  0
 0  0      0 4202164  41392 1672964    0    0     0    36 1462 1597  0  1 98  0  0
 0  0      0 4201916  41392 1672976    0    0     0     0 1025 1008  0  1 99  0  0
 0  0      0 4201916  41396 1672980    0    0     0   100 1275 1373  0  1 98  0  0
 0  0      0 4197740  41396 1672980    0    0     0     0 1730 2170  1  1 98  0  0
 0  0      0 4197824  41396 1672984    0    0     0     4 1223 1370  1  1 98  0  0
 1  0      0 4197824  41396 1672988    0    0    12     0 1529 1788  1  2 97  0  0
 0  0      0 4197824  41396 1673012    0    0     0    40 1091 1161  1  1 99  0  0
 0  0      0 4197824  41400 1673012    0    0     0    56  988  957  0  1 99  0  0
 0  0      0 4197572  41400 1673016    0    0     0     0 2436 3440  1  2 97  0  0
 3  0      0 4197572  41400 1673020    0    0     0     8 1577 1956  1  1 98  0  0
 0  0      0 4197572  41400 1673024    0    0     0     0 1249 1417  1  1 98  0  0
 0  0      0 4197572  41400 1673032    0    0     0     0 1148 1230  0  1 99  0  0
 0  0      0 4197572  41408 1673032    0    0     0   124 1258 1324  0  1 99  0  0
 0  0      0 4197320  41408 1673036    0    0     0  1128 1355 1524  1  1 98  0  0
 0  0      0 4197320  41408 1673264    0    0   216 33248 1786 2015  1  1 98  0  0
 0  0      0 4195584  41408 1673444    0    0   296     8 1657 1978  2  2 96  0  0
