procs -----------memory---------- ---swap-- -----io---- -system-- ------cpu-----
 r  b   swpd   free   buff  cache   si   so    bi    bo   in   cs us sy id wa st
 4  0      0 4671872  16308 1129804    0    0     9     5    3    9  1  6 93  0  0
 0  0      0 4660568  16308 1132280    0    0  2432    28 21641 37004 11 18 70  1  0
 0  0      0 4660064  16308 1132332    0    0     0    28 19985 32842  2 12 86  0  0
 3  0      0 4659816  16308 1132396    0    0     0     0 19829 32509  2 12 86  0  0
 2  0      0 4659816  16316 1132444    0    0     0   200 19772 32366  2 12 87  0  0
 1  0      0 4659816  16316 1132504    0    0     0   328 19392 31953  1 12 87  0  0
 0  0      0 4659816  16316 1132544    0    0     0   380 19596 32113  2 12 86  0  0
 4  0      0 4659564  16316 1132608    0    0     0    24 19937 32724  2 11 88  0  0
 2  0      0 4659564  16316 1132676    0    0     0    24 19154 31721  2 11 87  0  0
 2  0      0 4659564  16328 1132712    0    0     0   288 20154 33002  2 12 85  0  0
 0  0      0 4659564  16328 1132764    0    0     0   260 20078 32744  1 11 88  0  0
 1  0      0 4659564  16328 1132828    0    0     0   160 19700 32283  1 11 88  0  0
 7  0      0 4659060  16328 1132884    0    0     0    32 19580 32419  2 12 87  0  0
 0  0      0 4654964  16328 1132932    0    0     0    16 20375 33557  2 11 87  0  0
 0  0      0 4654964  16336 1132992    0    0     0   140 20230 33290  2 12 85  0  0
 2  0      0 4654964  16336 1133052    0    0     0     8 18934 31408  2 10 89  0  0
 9  0      0 4653488  16352 1135316    0    0  2196   320 21028 34930  4 13 82  1  0
 2  0      0 4636784  16376 1140508    0    0  4768  1204 24947 43336  8 21 68  3  0
 0  1      0 4602256  16396 1173400    0    0 32600    28 22204 37165  4 17 72  7  0
 1  0      0 4573848  16456 1193188    0    0 18900   892 19148 33526 10 14 70  6  0
 0  1      0 4525464  16488 1228280    0    0 34816     8 20537 34364  6 14 70 11  0
procs -----------memory---------- ---swap-- -----io---- -system-- ------cpu-----
 r  b   swpd   free   buff  cache   si   so    bi    bo   in   cs us sy id wa st
 2  0      0 4398012  16488 1262560    0    0 34236    44 19271 32498  8 13 72  7  0
 6  1      0 4329112  16544 1276280    0    0 13656   404 18221 32209 14 12 71  3  0
 1  0      0 4316264  16604 1278180    0    0  1836    28 16818 30453 15 12 71  1  0
 2  0      0 4300348  16832 1280084    0    0  1728   236 17798 31198 16 11 71  2  0
 1  0      0 4278424  16852 1280732    0    0   540     0 19248 32291 16 13 70  1  0
 3  0      0 4267852  16880 1288912    0    0  8264    40 18543 31525 13 11 72  3  0
 0  1      0 4152408  16924 1333436    0    0 34532    32 22960 36924  7 15 71  8  0
 1  0      0 4112636  16924 1341152    0    0  5388    76 18668 31879 15 14 71  1  0
 1  0      0 4099796  16932 1347176    0    0  5920   316 19459 32405 15 12 70  2  0
 2  0      0 4088960  16932 1347488    0    0   156    12 19985 32934 18 12 69  0  0
 2  0      0 4081172  16932 1347712    0    0    56    44 18707 31073 18 11 71  0  0
 0  1      0 4074620  16932 1348000    0    0   116    20 19390 31960 18 13 69  0  0
 6  1      0 3903240  16932 1352396    0    0  4464    64 20208 33855 16 14 69  1  0
 2  0      0 3812844  16940 1355012    0    0  2320   180 17743 31067 16 12 71  1  0
 0  0      0 3793592  16948 1360012    0    0  2112   160 19384 32700 13 12 72  3  0
 3  0      0 3728200  16968 1367164    0    0  1784   980 22781 38353 15 18 63  4  0
 2  0      0 3731560  17004 1372032    0    0     0  1444 23864 41893 20 21 56  3  0
 3  0      0 3614884  17004 1376764    0    0     0    40 17626 31011 26 15 57  3  0
 3  0      0 3479684  17004 1381180    0    0     0   100 17543 30143 27 14 57  2  0
 3  0      0 3488860  17004 1383924    0    0     0     8 16907 29532 28 13 57  2  0
 2  0      0 3484276  17004 1384924    0    0     0    20 15314 27345 30 12 57  1  0
procs -----------memory---------- ---swap-- -----io---- -system-- ------cpu-----
 r  b   swpd   free   buff  cache   si   so    bi    bo   in   cs us sy id wa st
 1  0      0 4155796  17012 1384984    0    0     0   268 15454 28059 29 13 58  0  0
 3  1      0 4068452  17012 1398232    0    0     0    32 21982 35780 15 15 68  1  0
 2  0      0 3694884  17032 1419908    0    0 20760   392 22596 36389  9 18 69  4  0
 1  0      0 3631520  17052 1433980    0    0 11528  2516 25678 43201 15 22 58  6  0
 3  0      0 3609600  17076 1440212    0    0     0   876 22375 38350 17 21 60  2  0
 3  0      0 3473856  17076 1444160    0    0     0    36 20987 34844 27 14 57  2  0
 1  0      0 3403000  17076 1447284    0    0     0    48 19195 32360 26 13 60  1  0
 4  0      0 3385300  17076 1449844    0    0     0    48 18987 31836 27 13 59  1  0
 3  0      0 3351956  17076 1452968    0    0     0    52 18959 31523 26 14 59  1  0
 4  0      0 3335100  17088 1455980    0    0     0   252 19980 32997 23 15 60  2  0
 3  0      0 3217724  17100 1470248    0    0     0    92 23132 36149 22 17 59  2  0
 1  0      0 2871712  17100 1483016    0    0  9852    16 21045 34552 17 16 64  3  0
 4  0      0 2849844  17100 1487232    0    0     0   660 21706 34684 18 15 64  3  0
 3  0      0 2911356  17100 1491228    0    0     0    40 20130 33065 22 15 60  2  0
 3  0      0 3585156  17108 1493124    0    0     0   260 19324 32130 15 15 69  2  0
 0  0      0 3573064  17108 1494792    0    0     0    68 19938 33034 12 12 75  1  0
 0  0      0 3562004  17108 1496720    0    0     0    20 20703 34028 11 13 74  2  0
 3  0      0 3552660  17108 1498012    0    0     0    48 20646 33564 11 13 74  2  0
 1  0      0 3541024  17108 1501168    0    0  1288   724 21375 34571 12 13 73  2  0
 0  0      0 3529768  17116 1502984    0    0     0   216 19818 32694 11 13 75  2  0
 2  0      0 3750244  17116 1503312    0    0     0    96 19500 32274 17 12 71  0  0
procs -----------memory---------- ---swap-- -----io---- -system-- ------cpu-----
 r  b   swpd   free   buff  cache   si   so    bi    bo   in   cs us sy id wa st
 0  0      0 4267204  17116 1503340    0    0     0    20 20381 34139  3 16 81  0  0
 3  0      0 4267960  17116 1503412    0    0     0    32 19978 33087  2 13 85  0  0
 0  0      0 4267708  17116 1503468    0    0     0    64 19969 32652  2 11 88  0  0
 0  0      0 4267708  17124 1503508    0    0     0   172 19732 32370  2 11 87  0  0
 0  0      0 4267708  17128 1503584    0    0     4   456 20081 33323  2 12 86  0  0
 0  0      0 4267708  17128 1503636    0    0     0    80 19955 32651  2 11 87  0  0
 0  0      0 4267708  17128 1503684    0    0     0    36 19271 31885  1 12 87  0  0
 0  0      0 4267708  17128 1503752    0    0     0   172 20042 32835  2 11 87  0  0
 0  0      0 4267708  17140 1503796    0    0     0   304 19729 32433  2 11 88  0  0
 2  0      0 4267708  17140 1503848    0    0     0    96 19882 32680  1 12 87  0  0
 0  0      0 4266952  17140 1503892    0    0     0     0 20412 34132  2 12 86  0  0
 2  0      0 4267204  17140 1503952    0    0     0    28 20044 33133  2 13 85  0  0
 3  0      0 4265140  17140 1504020    0    0     0    60 19616 32541  2 11 87  0  0
 1  0      0 4265140  17148 1504056    0    0     0   424 20235 33124  2 11 87  1  0
 1  0      0 4265392  17148 1504124    0    0     0    80 20319 33729  2 12 86  0  0
 0  0      0 4265140  17148 1504168    0    0     0    20 19693 32599  2 12 86  0  0
 5  0      0 4265396  17148 1504224    0    0     0     8 19837 32446  2 11 87  0  0
 3  0      0 4265396  17148 1504292    0    0     0    44 20367 33031  2 11 87  0  0
 0  0      0 4265396  17156 1504344    0    0     0   216 19784 32904  2 11 87  0  0
 0  0      0 4265396  17156 1504392    0    0     0   112 20284 32890  1 11 88  0  0
 0  0      0 4264640  17156 1504456    0    0     0    24 20931 34617  3 12 85  0  0
procs -----------memory---------- ---swap-- -----io---- -system-- ------cpu-----
 r  b   swpd   free   buff  cache   si   so    bi    bo   in   cs us sy id wa st
 0  0      0 4264640  17156 1504508    0    0     0    20 19668 32527  2 13 85  0  0
 0  0      0 4264640  17156 1504564    0    0     0   612 19018 31411  1 10 89  0  0
 0  0      0 4264400  17168 1504616    0    0     0   436 20931 34306  2 11 86  1  0
 0  0      0 4264400  17168 1504668    0    0     0   100 20357 33661  2 12 86  0  0
 0  0      0 4264400  17168 1504736    0    0     0    24 19588 32463  2 13 86  0  0
 0  0      0 4264400  17168 1504768    0    0     0    40 19652 32197  2 11 87  0  0
 1  0      0 4264400  17168 1504836    0    0     0    20 19751 32446  1 12 87  0  0
 1  0      0 4264400  17176 1504892    0    0     0   228 19819 32349  1 11 88  0  0
 0  0      0 4264400  17176 1504948    0    0     0    40 19886 32528  2 12 86  0  0
 2  0      0 4263648  17176 1504996    0    0     0   108 20456 34305  1 13 85  0  0
 1  0      0 4263648  17176 1505056    0    0     0    16 20679 33563  2 13 86  0  0
 0  0      0 4263400  17176 1505104    0    0     0   236 19855 32544  1 11 88  0  0
 0  0      0 4263400  17188 1505156    0    0     0   232 19167 31986  1 11 88  0  0
 1  0      0 4263400  17188 1505212    0    0     0    76 20051 32892  2 12 86  0  0
 0  0      0 4263400  17192 1505276    0    0     4   392 20299 33349  2 11 86  0  0
 0  0      0 4263400  17192 1505336    0    0     0    80 19833 32459  1 11 88  0  0
 0  0      0 4263400  17196 1505388    0    0     0   148 19349 31906  1 12 87  0  0
 0  0      0 4263160  17208 1505444    0    0     0   284 18953 31573  2 10 88  0  0
 2  0      0 4271828  17208 1497408    0    0     0    36 20064 33172  3 12 86  0  0
 0  0      0 4271668  17208 1497344    0    0     0    84 19635 33004  2 12 86  0  0
 1  0      0 4269904  17208 1499088    0    0  1680     0 19709 32499  2 13 85  0  0
procs -----------memory---------- ---swap-- -----io---- -system-- ------cpu-----
 r  b   swpd   free   buff  cache   si   so    bi    bo   in   cs us sy id wa st
 3  0      0 4269904  17208 1499136    0    0     0   140 19263 32030  1 11 88  0  0
 0  0      0 4269904  17220 1499184    0    0     0   232 19685 32048  3 11 86  0  0
 0  0      0 4269904  17220 1499256    0    0     0    36 19752 32624  2 11 86  0  0
 1  0      0 4269652  17220 1499304    0    0     0    84 20207 33751  2 12 86  0  0
 0  0      0 4269652  17220 1499356    0    0     0    36 19101 31664  1 11 87  0  0
