procs -----------memory---------- ---swap-- -----io---- -system-- ------cpu-----
 r  b   swpd   free   buff  cache   si   so    bi    bo   in   cs us sy id wa st
 5  1      0 3513292 151376 2248368    0    0     7    41    9    1  2 10 87  1  0
 2  0      0 3478932 151380 2266232    0    0 17724     0 8619 15553 25 11 61  3  0
 4  2      0 3475240 151416 2270028    0    0  4012     0 6212 9175 14  7 77  2  0
 2  1      0 3429836 151600 2280900    0    0 10884   712 10472 16553 21 18 47 14  0
 3  0      0 3423100 151756 2281232    0    0   144   268 7228 10542  8 17 74  0  0
 0  0      0 3442264 151760 2283024    0    0     0   164 8253 10745  5  9 86  0  0
 0  2      0 3438456 151764 2286312    0    0   144  5304 6272 8007  2  5 81 12  0
 0  2      0 3438456 151764 2286576    0    0     0     0 5050 7376  1  4 63 32  0
 1  3      0 3409852 151768 2305328    0    0     0   340 5028 7787 12  4 71 13  0
 0  1      0 3444736 151776 2300632    0    0   124    16 4751 7170  9  5 64 23  0
 0  1      0 3444488 151776 2300740    0    0   100    80 4736 7603  1  4 79 16  0
 0  1      0 3444488 151776 2301160    0    0   396     8 3734 5857  1  4 80 16  0
 0  1      0 3444488 151776 2302036    0    0  1136    48 4833 7519  2  4 79 15  0
 0  1      0 3412028 151800 2325012    0    0 22888     0 5219 8090  5  8 79  9  0
 0  2      0 3403964 151804 2333392    0    0  8192   524 5281 8496  1  5 56 38  0
 0 11      0 3403716 151804 2333428    0    0     0    44 3619 5940  1  3 40 56  0
 0 12      0 3403464 151804 2333460    0    0     0     4 4125 6738  1  4 16 79  0
 0 13      0 3403212 151804 2333460    0    0     0     4 3984 6446  2  4 16 79  0
 0 15      0 3403212 151804 2333508    0    0     0    52 4706 7520  3  3 16 78  0
 0 13      0 3403212 151804 2333508    0    0     0     8 2925 4759  1  3 16 80  0
 0  5      0 3403212 151804 2333520    0    0     0    40 3764 5715  1  3 29 68  0
procs -----------memory---------- ---swap-- -----io---- -system-- ------cpu-----
 r  b   swpd   free   buff  cache   si   so    bi    bo   in   cs us sy id wa st
 1  0      0 3355772 151828 2377860    0    0 44816   260 7058 10559  4  8 47 42  0
 2  1      0 3272056 151840 2421464    0    0 43328   508 10017 17127 19 14 62  6  0
 7  0      0 3193872 151860 2452912    0    0 29744  1028 9381 14939 19 14 62  4  0
 1  1      0 3140616 151872 2484084    0    0 30572   304 7464 11268 28  8 62  2  0
 1  1      0 2927976 151876 2532672    0    0 48588 41736 7210 10653 24  8 62  6  0
 1  1      0 2841048 151880 2602464    0    0  3184 66172 5637 8256 17  8 64 11  0
 1  1      0 2825120 151880 2604500    0    0  1672  1032 5191 7766 16  5 63 16  0
 3  0      0 2871816 151880 2538408    0    0   320 66764 5499 8391 28  8 63  2  0
 2  0      0 2858624 151888 2538376    0    0     0   328 4933 7398 33  4 57  6  0
 2  0      0 2852072 151888 2538436    0    0     0    68 4604 7036 34  3 63  0  0
 4  0      0 2838476 151888 2541184    0    0  2628    36 4387 6550 32  5 63  1  0
 2  0      0 2813916 151888 2543068    0    0  1560  5288 4685 6859 32  5 63  0  0
 2  0      0 2797236 151940 2547544    0    0  4524     4 4640 7162 30  5 64  2  0
 5  0      0 2684760 151944 2560288    0    0     0   548 9858 12070 25 13 60  2  0
 2  0      0 2664216 151944 2560388    0    0     0   144 5594 8132 30  9 62  0  0
 5  0      0 2660208 151948 2560524    0    0     0   284 6862 10580 34 11 55  0  0
 3  0      0 2636500 151968 2561032    0    0     0  1072 11114 20329 38 20 40  2  0
 5  0      0 2621776 151984 2562764    0    0   112   616 7148 11274 41 14 44  1  0
 3  0      0 2489160 151984 2562964    0    0     0     0 4616 6131 44  9 47  0  0
 3  0      0 2417676 151984 2563196    0    0     0     0 4556 6307 45  9 46  0  0
 3  0      0 2405000 151984 2563352    0    0     0   600 4818 6486 45 10 46  0  0
procs -----------memory---------- ---swap-- -----io---- -system-- ------cpu-----
 r  b   swpd   free   buff  cache   si   so    bi    bo   in   cs us sy id wa st
 3  0      0 2386140 151984 2563816    0    0     0   116 5002 7101 44 10 46  0  0
 2  0      0 2099436 151988 2565784    0    0   804   244 5111 6986 39 12 48  0  0
 2  0      0 2073188 151988 2570304    0    0     0     8 6548 9132 40 10 49  0  0
 3  0      0 2046084 151988 2575168    0    0     0     0 6497 9174 41 10 49  1  0
 4  0      0 2023276 151988 2579800    0    0     0  6616 7195 9801 41  9 50  0  0
 3  0      0 2214168 151988 2451748    0    0   116    28 6956 9161 40  9 51  1  0
 3  0      0 2158608 151996 2455536    0    0     0   336 6900 9321 43  7 50  1  0
 3  0      0 1909876 151996 2606256    0    0     0     0 11459 13554 35 12 51  2  0
 2  0      0 1950748 151996 2609000    0    0     0     8 6724 9404 29  6 65  0  0
 2  0      0 1942436 151996 2609280    0    0     0   132 5027 7232 34  4 63  0  0
 3  0      0 1928844 151996 2609388    0    0     0 73764 5191 7695 33  5 59  3  0
 1  0      0 2711000 152008 2609460    0    0     0   312 5715 7985 23 10 67  1  0
 1  0      0 2701692 152008 2609620    0    0     0    60 6014 8714 17  4 79  0  0
 1  0      0 2699176 152008 2609760    0    0     0    88 6504 9910 17  4 78  0  0
 1  0      0 2690356 152008 2609876    0    0     0   268 6439 9254 17  4 79  0  0
 1  0      0 2490404 152008 2610068    0    0     0 59604 6160 8771 15  6 79  0  0
 0 31      0 2275520 152008 2612968    0    0     0   268 7015 10508  9  7 44 40  0
 1  0      0 2230132 152016 2618788    0    0     0  7952 14995 21962  3  1  9 86  0
 0  0      0 2203732 152016 2624288    0    0     0     0 6128 8934 13  6 81  0  0
 1  0      0 2163184 152016 2629956    0    0     0    16 6359 9755 14  5 81  0  0
 1  0      0 2107908 152016 2635412    0    0     0     0 5416 7999 13  4 82  0  0
procs -----------memory---------- ---swap-- -----io---- -system-- ------cpu-----
 r  b   swpd   free   buff  cache   si   so    bi    bo   in   cs us sy id wa st
 4  0      0 2072264 152016 2638128    0    0     0     0 5754 8618 17  4 79  0  0
 3  0      0 2063692 152020 2642416    0    0     0 19960 6516 9514 12  6 73  9  0
 2  0      0 1946988 152020 2650564    0    0     0     0 6894 10095 14  8 78  0  0
 2  0      0 1826540 152020 2655748    0    0     0    32 6199 8701 14  5 81  0  0
 2  0      0 1720804 152020 2662396    0    0     0     0 6922 10406 14  6 80  0  0
 3  0      0 1615552 152020 2671328    0    0     0     0 5712 8524 16  4 80  0  0
 2  0      0 1493008 152020 2680176    0    0     0   388 6777 9705 15  6 79  1  0
 3  0      0 1388752 152020 2687588    0    0     0    60 5649 7915 15 12 73  0  0
 2  0      0 1301576 152020 2693780    0    0     0     8 6681 9669 12  8 79  0  0
 2  0      0 1201784 152020 2700664    0    0     0     8 6572 9309 12  9 79  0  0
 2  0      0 1120044 152020 2711592    0    0     0     0 6389 9073 11  9 79  1  0
 2  0      0 980800 152020 2717140    0    0     0   148 6786 9927 11 11 78  1  0
 2  0      0 937336 152020 2724868    0    0     0    16 6709 9704 12  9 79  0  0
 2  0      0 764352 152020 2730612    0    0     0    56 6747 9597 10 10 79  1  0
 2  0      0 787756 152020 2739324    0    0     0    24 5941 8777 13  7 80  0  0
 2  0      0 643356 152020 2744332    0    0     0     8 7241 11026 14  9 76  0  0
 2  0      0 537596 152020 2751184    0    0     0   412 6521 9503 14  9 77  1  0
 3  0      0 450464 152020 2756048    0    0     0    80 6043 8860 12  9 79  0  0
 2  0      0 356128 152020 2762320    0    0     0     0 6598 10144 13  8 78  0  0
 2  0      0 262260 152020 2767392    0    0     0    76 6202 9329 12  8 79  0  0
 2  0      0 226192 151872 2754220    0    0     0    16 5462 8359 13  8 79  0  0
procs -----------memory---------- ---swap-- -----io---- -system-- ------cpu-----
 r  b   swpd   free   buff  cache   si   so    bi    bo   in   cs us sy id wa st
 2  0      0 351292 151232 2714552    0    0     0   144 5440 8170 12 10 77  1  0
 2  0      0 362152 151232 2721812    0    0     0    64 5522 8643 14  5 80  0  0
 3  0      0 332276 151232 2725536    0    0     0     0 4518 6863 16  3 80  0  0
 2  0      0 327840 151232 2728576    0    0     0     4 4803 7264 15  4 81  0  0
 2  0      0 324456 150820 2714220    0    0     0    76 5943 9136 13  7 80  0  0
 1 20      0 326800 148592 2713712    0    0     0 67340 7338 10442 12  7 64 17  0
 2  2      0 404320 146956 2663264    0    0     0 40668 19192 27940  2  2  5 92  0
 2  2      0 1424656 146692 2650328    0    0     0  4256 5027 8034 14  7 47 32  0
 2  2      0 2685340 146692 2650236    0    0     0     0 4766 7566 17  5 62 17  0
 2  1      0 2684840 146692 2650248    0    0     0   436 4122 6527 17  3 76  5  0
 2  1      0 2696360 146692 2650248    0    0     0     0 4486 7064 18  4 78  0  0
 1  5      0 3606128 146692 2650292    0    0     4   136 6760 11338 11 13 28 48  0
 1  4      0 3605880 146692 2650316    0    0     0     4 4813 7422  1  3 30 65  0
 1  3      0 3605880 146692 2650340    0    0     0     4 4816 7722  1  4 38 57  0
 1  3      0 3605880 146692 2650376    0    0     0     0 4316 6924  1  4 47 48  0
 1  2      0 3605880 146692 2650404    0    0     0     4 5193 8322  2  4 57 37  0
 2  2      0 3605376 146692 2650412    0    0     0    96 5395 8441  1  5 62 32  0
 3  2      0 3605128 146692 2650416    0    0     0    56 4693 7585  1  4 63 32  0
