procs -----------memory---------- ---swap-- -----io---- -system-- ------cpu-----
 r  b   swpd   free   buff  cache   si   so    bi    bo   in   cs us sy id wa st
 3  0      0 3466008 137800 2301452    0    0     7    42    3    6  2 10 87  1  0
 0  0      0 3468024 137800 2301484    0    0     0     0 9167 15113 12 11 77  0  0
 0  0      0 3467776 137800 2301508    0    0     0     0 7310 11820  1  5 94  0  0
 0  0      0 3467528 137800 2301544    0    0     0  1052 7927 12571  2  6 92  1  0
 0  0      0 3467704 137800 2301576    0    0     0   148 6097 9957  2  4 94  0  0
 1  0      0 3467780 137800 2301608    0    0     0    12 7539 12197  2  6 92  0  0
 0  0      0 3467532 137800 2301660    0    0     0    44 7631 12109  1  6 93  0  0
 0  0      0 3467532 137800 2301680    0    0     0     0 6704 10804  1  5 94  0  0
 2  0      0 3467532 137800 2301604    0    0     0   132 6378 10196  1  5 94  0  0
 0  0      0 3467280 137800 2301628    0    0     0    72 7352 11865  3  5 92  0  0
 0  0      0 3467280 137800 2301656    0    0     0    76 7344 12128  2  6 93  0  0
 0  0      0 3467280 137800 2301680    0    0     0    72 5601 9181  1  5 94  0  0
 0  0      0 3467280 137800 2301712    0    0     0     4 7215 12144  2  6 93  0  0
 4  0      0 3467280 137804 2301740    0    0     0   156 6156 10317  1  6 94  0  0
 0  0      0 3467280 137804 2301772    0    0     0    48 7199 11811  2  6 92  0  0
 2  0      0 3467280 137804 2301816    0    0     0    96 7794 12809  2  6 92  0  0
 0  0      0 3467280 137804 2301844    0    0     0     4 6383 10514  1  5 94  0  0
 0  0      0 3467280 137804 2301876    0    0     0    64 6983 11500  1  6 93  0  0
 0  0      0 3467280 137812 2301908    0    0     0   168 7608 12736  3  6 91  0  0
 2  0      0 3443448 137836 2302120    0    0     0  1336 14806 25579 11 17 69  2  0
 2  0      0 3425440 137856 2304408    0    0     0  1708 15725 28205 15 23 59  2  0
procs -----------memory---------- ---swap-- -----io---- -system-- ------cpu-----
 r  b   swpd   free   buff  cache   si   so    bi    bo   in   cs us sy id wa st
 2  0      0 3317552 137868 2306176    0    0     0   756 9439 16182 25 15 59  1  0
 2  0      0 3091568 137868 2306388    0    0     0     8 6982 11452 31  9 60  0  0
 2  0      0 3026132 137868 2306672    0    0     0    80 6130 9788 32  6 62  0  0
 2  0      0 3009032 137868 2307152    0    0     0  1200 6919 11017 32  6 61  0  0
 2  0      0 2984600 137868 2307632    0    0     0   184 7312 12060 34  6 61  0  0
 2  0      0 2960968 137880 2307844    0    0     0   592 7030 11724 31  7 61  1  0
 6  0      0 2931124 137896 2307964    0    0     0   572 9337 16524 37 13 50  1  0
 3  0      0 2887604 137904 2309848    0    0     0   520 11755 20520 39 16 44  1  0
 3  0      0 2857284 137932 2310848    0    0     0   788 7658 13534 47 11 42  1  0
 3  0      0 2691284 137932 2311236    0    0     0    40 5646 9524 47  8 45  0  0
 3  0      0 2590624 137932 2323740    0    0     0    76 9717 13906 46 10 43  1  0
 4  0      0 2474472 137932 2336640    0    0     0    56 10571 14577 44 12 43  1  0
 3  0      0 2787472 137932 2337020    0    0     0     4 6742 10700 46  9 45  0  0
 4  0      0 2769584 137936 2337212    0    0     0   448 6264 10212 32  7 61  1  0
 2  0      0 2750748 137936 2337368    0    0     0    76 6820 11403 33  7 60  0  0
 1  2      0 2730584 137936 2337688    0    0     0   892 7366 12007 31  6 59  4  0
 2  0      0 2713432 137936 2337924    0    0     0   256 7776 12519 32  7 59  3  0
 2  0      0 2707408 137936 2338172    0    0     0    96 6537 10904 33  5 62  0  0
 3  0      0 2695060 137948 2338404    0    0     0   364 7065 11890 33  6 61  0  0
 1  0      0 2559180 137948 2352260    0    0     0     0 11261 15742 28 11 60  1  0
 7  0      0 2290832 137948 2354908    0    0     0    76 7588 11794 27  8 65  0  0
procs -----------memory---------- ---swap-- -----io---- -system-- ------cpu-----
 r  b   swpd   free   buff  cache   si   so    bi    bo   in   cs us sy id wa st
 2  1      0 2262968 137960 2359268    0    0     0  1552 13967 23862 35 17 45  2  0
 4  2      0 2211136 137992 2366276    0    0     0  2020 16285 30034 40 28 29  2  0
 4  0      0 2134132 138020 2373704    0    0     0   544 10127 16728 54 13 33  1  0
 4  0      0 1760908 138020 2378924    0    0     0  9420 8143 12877 56 12 32  0  0
 4  1      0 1714372 138020 2384928    0    0     0     8 7789 11809 57  9 28  6  0
 4  1      0 1671840 138020 2389628    0    0     0   124 7025 10933 59  8 23 10  0
 4  1      0 1241796 138020 2390068    0    0     0   100 6271 10592 62  9 15 14  0
 3 45      0 1952752 138020 2390992    0    0     0   512 6641 11265 50 10 10 31  0
 5  0      0 1923044 138060 2389500    0    0     0  9408 15889 24471 18  5  7 71  0
 4  0      0 1893108 138068 2391480    0    0     0     0 6840 11159 42  8 50  0  0
11  0      0 1868920 138068 2393628    0    0     0     0 7101 11602 42  7 51  0  0
 4  0      0 1680300 138104 2422764    0    0     0     0 18772 24116 32 15 49  4  0
 2  0      0 1955648 138104 2424416    0    0     0    44 7477 11204 40  8 52  0  0
 3  0      0 1940332 138108 2426524    0    0     0   580 7372 10998 27  5 68  0  0
 3  0      0 1908228 138108 2428060    0    0     0    92 8013 12267 26  6 68  0  0
 3  0      0 1903268 138108 2428436    0    0     0     0 6521 10030 32  5 62  0  0
 3  0      0 1893956 138108 2428604    0    0     0     0 7079 11534 34  4 62  0  0
 3  0      0 2856012 138108 2428696    0    0     0     0 5949 9771 27 12 61  0  0
 2  0      0 2846692 138112 2428796    0    0     0   748 7548 12662 17  8 74  1  0
 2  0      0 2606016 138112 2429152    0    0   204   108 6323 10222 14  7 78  0  0
 2  0      0 2509040 138112 2430636    0    0     0    12 8623 13372 11  9 80  0  0
procs -----------memory---------- ---swap-- -----io---- -system-- ------cpu-----
 r  b   swpd   free   buff  cache   si   so    bi    bo   in   cs us sy id wa st
 3  0      0 2494424 138112 2432572    0    0     0     0 8650 13505 13  6 82  0  0
 1  0      0 2481320 138112 2434796    0    0     0     0 7863 12417 11  5 83  0  0
 2  0      0 2472752 138116 2436068    0    0     0   236 7524 12013 12  6 82  0  0
 1  0      0 2461664 138116 2437512    0    0     0 11960 9322 14527 14  7 70 10  0
 2  0      0 2447804 138116 2439320    0    0     0    44 9210 13897 11  7 82  0  0
 2  0      0 2439740 138116 2440412    0    0     0    12 7447 11694 14  5 81  0  0
 2  0      0 2425628 138116 2442580    0    0     0     0 8471 13090 12  5 83  0  0
 2  0      0 2506096 138116 2442936    0    0     0   540 6942 11201 16  5 78  0  0
 3  0      0 2501856 138116 2443144    0    0     0 13744 10317 15839 19  7 75  0  0
 3  0      0 2518480 138152 2440212    0    0     0  2652 12738 20501 23 13 51 13  0
 1  0      0 3259512 138152 2440228    0    0     0    56 9353 15232  7 11 82  0  0
 1  0      0 3259264 138152 2440072    0    0     0    44 7496 12097  2  5 94  0  0
 1  0      0 3259264 138152 2440088    0    0     0     0 7127 11802  1  5 94  0  0
 1  0      0 3259264 138152 2440108    0    0     0     0 8197 13340  2  6 92  0  0
 1  0      0 3261524 138156 2440144    0    0     0   432 7914 13119  2  6 92  0  0
 1  0      0 3261524 138156 2440184    0    0     0    88 7205 11949  2  6 93  0  0
 2  0      0 3261524 138156 2440208    0    0     0     0 6445 10537  2  6 93  0  0
