procs -----------memory---------- ---swap-- -----io---- -system-- ------cpu-----
 r  b   swpd   free   buff  cache   si   so    bi    bo   in   cs us sy id wa st
 3  0      0 4441796  61696 1723196    0    0     6    33    1    1  2  9 89  0  0
 0  0      0 4439668  61696 1723444    0    0     0   880 24830 44678 14 21 65  0  0
 0  0      0 4439292  61696 1723556    0    0     0     0 22482 38584  2 14 84  0  0
 1  0      0 4439368  61696 1723640    0    0     0     0 22604 38607  2 14 84  0  0
 2  0      0 4439116  61696 1723768    0    0     0     0 24123 40943  2 16 82  0  0
 0  0      0 4439148  61700 1723876    0    0     0   516 23019 39323  2 14 84  0  0
 1  0      0 4439148  61700 1723952    0    0     0   748 24325 40147  2 16 82  0  0
 1  0      0 4438924  61700 1724072    0    0     0   280 23349 39222  2 16 82  0  0
 0  0      0 4438924  61700 1724184    0    0     0     0 22441 38496  2 15 83  0  0
 1  0      0 4438924  61700 1724256    0    0     0     0 22701 38931  2 13 85  0  0
 1  0      0 4438448  61700 1724352    0    0     0   536 23356 39473  2 14 84  1  0
 0  0      0 4438448  61700 1724488    0    0     0  1476 24300 40222  2 14 83  1  0
 0  0      0 4438200  61700 1724588    0    0     0   368 23499 39468  2 15 83  0  0
 2  2      0 4435400  61700 1724896    0    0   176   964 24446 41392  4 18 77  1  0
 3  1      0 4397936  61720 1728572    0    0  2656  1728 28951 52010 15 27 55  4  0
 6  1      0 4368432  61744 1739244    0    0  8380  1828 25064 44875 19 25 50  6  0
 3  0      0 4203100  61752 1752152    0    0 12148   384 21922 38804 25 20 50  5  0
 2  0      0 4015344  61800 1752408    0    0   216   576 19911 36855 33 18 47  2  0
 1  1      0 3992304  61840 1754188    0    0  1216   392 19283 35934 33 15 51  1  0
 2  0      0 3968640  61944 1757736    0    0  3004    60 20178 37100 30 14 53  2  0
 3  0      0 3937568  61956 1758924    0    0   828     0 20757 36628 30 15 54  1  0
procs -----------memory---------- ---swap-- -----io---- -system-- ------cpu-----
 r  b   swpd   free   buff  cache   si   so    bi    bo   in   cs us sy id wa st
 2  0      0 3917152  62000 1761704    0    0  2820   824 20332 37712 31 14 52  3  0
 2  0      0 3733024  62000 1777236    0    0  2368   272 28969 45877 18 23 55  4  0
 6  0      0 3698764  62000 1778492    0    0   760  1576 20165 36232 28 15 53  4  0
 2  0      0 3680128  62008 1781456    0    0  2592   136 20956 36640 31 14 54  2  0
 4  0      0 3661240  62012 1781876    0    0   148     0 18408 35032 34 13 53  0  0
 3  0      0 3644872  62020 1782284    0    0   216  1116 18983 36030 33 14 52  1  0
 2  0      0 3632776  62024 1782748    0    0   120   576 18549 35230 34 13 53  0  0
 2  0      0 3305920  62028 1798636    0    0 15800   276 19690 36238 28 17 52  4  0
 6  0      0 3090756  62040 1805892    0    0  6596   284 21201 37314 28 16 54  2  0
 0  1      0 3011004  62040 1808076    0    0   460    88 21612 38488 26 17 55  2  0
 3  0      0 2893116  62052 1813328    0    0     0   988 23781 40774 23 17 56  4  0
 2  0      0 2881992  62052 1814928    0    0     0    76 22336 38667 20 15 62  3  0
 6  0      0 2856060  62052 1816716    0    0     0   276 23654 39598 21 16 60  3  0
 3  0      0 2874304  62052 1818688    0    0     0   272 22863 39481 22 16 58  3  0
 2  0      0 2867348  62060 1821876    0    0     0   728 23754 40659 24 18 55  3  0
 4  1      0 2822448  62088 1825284    0    0     0  2172 25636 46234 31 27 37  5  0
 6  0      0 2760092  62128 1831840    0    0     0  1892 21416 39708 40 28 28  4  0
 6  0      0 2608700  62136 1834004    0    0     0  1004 16906 31060 50 20 28  3  0
 4  0      0 2498056  62136 1835332    0    0     0   288 16382 29812 57 16 25  2  0
 7  0      0 2508340  62136 1836188    0    0     0   292 15744 28676 63 15 22  0  0
 4  0      0 3855360  62136 1836992    0    0     0  1576 17436 31612 38 21 41  0  0
procs -----------memory---------- ---swap-- -----io---- -system-- ------cpu-----
 r  b   swpd   free   buff  cache   si   so    bi    bo   in   cs us sy id wa st
 4  0      0 3823364  62136 1837212    0    0     0    16 18322 34570 33 13 53  0  0
 1  0      0 3654412  62140 1850880    0    0     0   696 25419 41557 25 21 53  2  0
 2  0      0 2877564  62140 1862336    0    0  5428   200 22285 38915 22 21 55  2  0
 0 65      0 2765604  62140 1868008    0    0     0  1844 24007 41308 27 19 47  7  0
 3 18      0 2743080  62152 1875592    0    0     0  4268 28668 46936 24 21 26 29  0
 2  0      0 2659584  62168 1886148    0    0     0   396 26195 44992 26 18 46 10  0
 1  1      0 2599088  62168 1893364    0    0     0    44 22342 38382 21 16 60  2  0
 1  0      0 2544352  62168 1896216    0    0     0     0 21957 37647 24 16 59  1  0
 4  0      0 2472412  62168 1900952    0    0     0     0 21139 37049 27 15 57  1  0
 0  1      0 2417236  62168 1912080    0    0     0     0 22707 38250 23 15 60  2  0
 2  0      0 2235084  62172 1922672    0    0     0  1816 23563 39412 24 17 57  2  0
 2  0      0 1995604  62192 1929020    0    0     0   636 21772 37145 23 16 59  2  0
 4  0      0 1835852  62192 1937812    0    0     0     0 22859 38675 24 17 58  2  0
 3  0      0 1611028  62192 1949236    0    0     0     0 20454 35744 25 24 49  1  0
 3  0      0 1522936  62192 1963372    0    0     0     0 23652 40273 22 22 54  1  0
 2  0      0 1363260  62192 1974700    0    0     0   288 21624 38373 23 22 54  1  0
 3  0      0 1094396  62200 1982992    0    0     0  1800 21840 38708 19 26 51  4  0
 3  0      0 979188  62200 1992800    0    0     0     0 21528 38321 21 24 54  1  0
 5  0      0 788572  62200 2012520    0    0  5806     0 22062 39141 23 25 50  2  0
 4  0      0 613864  62364 2027612    0    0  1524   388 21635 38582 23 23 52  2  0
 4  0      0 390964  62364 2041412    0    0   678   176 21740 38023 20 24 54  2  0
procs -----------memory---------- ---swap-- -----io---- -system-- ------cpu-----
 r  b   swpd   free   buff  cache   si   so    bi    bo   in   cs us sy id wa st
 5  0      0 327368  62160 2037828    0    0   165  3212 24475 41207 26 23 44  7  0
 1  1      0 278540  60248 1930548    0    0     0    84 21318 38198 23 28 47  1  0
 3  0      0 363988  60072 1849456    0    0     0     0 21158 37185 22 29 47  2  0
 4  0      0 199272  59488 1770928    0    0   200     0 20521 37261 22 32 45  1  0
 2  0      0 2450852  57364 1677332    0    0  3636    16 19668 37444 11 38 49  1  0
 5  0      0 2335848  57424 1681544    0    0    24  5480 29088 47419 16 24 29 31  0
 2  0      0 2183180  57448 1688048    0    0   972    56 23365 41088 19 18 62  1  0
 1  0      0 2069320  57460 1694032    0    0    48    44 21324 37818 15 15 69  1  0
 2  1      0 1975084  57464 1701512    0    0     4     0 21320 37496 15 15 69  1  0
 1  0      0 1843280  57464 1708020    0    0     0     0 21770 37711 14 14 70  1  0
 2  0      0 1873872  57472 1715904    0    0     0   424 22112 38690 14 14 70  2  0
 1  0      0 1844192  57472 1720264    0    0     0   832 21788 38683 17 15 68  1  0
 3  0      0 1831212  57472 1723580    0    0     0     0 21902 38149 15 14 69  1  0
 3  0      0 1769400  57472 1730332    0    0     0     0 23873 40713 14 17 68  1  0
 5  0      0 1635692  57472 1740556    0    0     4   240 23722 40348 15 25 57  3  0
 2  1      0 1506080  57484 1751540    0    0     0   660 22995 39329 15 17 66  2  0
 4  0      0 3837248  57484 1754128    0    0   256   668 21528 37684 13 17 69  1  0
 2  1      0 3834872  57484 1772080    0    0 17756   392 27021 44854 12 17 65  6  0
 0  0      0 4566528  57488 1788140    0    0 16004     0 24841 41840  3 18 73  7  0
 1  0      0 4566552  57488 1788312    0    0     0     0 23391 39451  2 14 84  0  0
 3  2      0 4557792  57488 1789096    0    0   912   484 23725 40386  6 16 77  1  0
