procs -----------memory---------- ---swap-- -----io---- -system-- ------cpu-----
 r  b   swpd   free   buff  cache   si   so    bi    bo   in   cs us sy id wa st
 7  0      0 4602984  42892 1270832    0    0     7    11   24   49  1  2 96  0  0
 0  0      0 4607448  42904 1270828    0    0     0   452 13303 21933 15 16 68  1  0
 1  0      0 4607200  42904 1270876    0    0     0   332 9912 16156  2  7 92  0  0
 0  0      0 4607200  42904 1270912    0    0     0    40 9293 15301  2  7 91  0  0
 0  0      0 4607200  42904 1270940    0    0     0   564 8552 14160  2  6 92  0  0
 0  0      0 4607200  42904 1270968    0    0     0    12 8194 13297  1  5 93  0  0
 4  0      0 4607200  42912 1271008    0    0     0   292 8379 13592  2  7 91  0  0
 0  0      0 4606952  42912 1271028    0    0     0    24 8742 14103  1  7 92  0  0
 0  0      0 4606952  42912 1271072    0    0     0    52 8799 14645  1  6 93  0  0
 0  0      0 4606952  42912 1271096    0    0     0    16 7887 13010  1  6 93  0  0
 0  0      0 4606952  42912 1271128    0    0     0     0 7270 11905  2  5 93  0  0
 2  0      0 4606952  42920 1271164    0    0     0   388 8159 13470  1  7 92  0  0
 0  0      0 4606952  42920 1271188    0    0     0    64 9099 15085  2  7 92  0  0
 0  0      0 4606952  42920 1271232    0    0     0    20 8912 14593  2  8 89  0  0
 0  0      0 4606952  42928 1271248    0    0     0   148 9274 15278  2  7 91  0  0
 1  1      0 4592508  42936 1271336    0    0     0   812 12966 22116  8 15 76  2  0
 1  0      0 4593852  42976 1272776    0    0     0  1268 13845 23128 10 17 71  2  0
 1  0      0 4556844  42976 1273084    0    0     0    12 8264 14193 17  8 76  0  0
 1  0      0 4395304  42976 1273172    0    0     0   104 8139 13883 16  8 76  0  0
 2  0      0 4383716  42976 1273480    0    0     0   700 8041 13392 17  6 77  0  0
 1  0      0 4369060  42976 1273708    0    0     0     8 11002 16710 16  8 76  0  0
procs -----------memory---------- ---swap-- -----io---- -system-- ------cpu-----
 r  b   swpd   free   buff  cache   si   so    bi    bo   in   cs us sy id wa st
 1  0      0 4361752  42984 1273936    0    0     0   220 9817 15385 16  7 76  0  0
 1  0      0 4341508  42984 1274028    0    0     0    32 11357 17941 17  7 76  0  0
 1  0      0 4337236  42984 1274076    0    0     0    32 10674 17108 17  8 75  0  0
 1  0      0 4322632  42984 1274356    0    0     0    84 10013 15704 16  8 76  0  0
 1  0      0 4319356  42984 1274496    0    0     0    36 10207 15694 18  6 76  0  0
 1  0      0 4313308  42988 1274620    0    0     0   220 10880 16644 17  6 76  0  0
 1  0      0 4306000  42988 1274752    0    0     0   256 10584 16109 17  7 76  0  0
 2  0      0 4298440  42988 1274924    0    0     0    24 10629 16330 17  7 75  0  0
 1  0      0 4287552  42988 1275064    0    0     0    28 9925 15355 18  6 76  0  0
 1  0      0 4281756  42988 1275724    0    0   524   112 10135 16031 16  8 76  0  0
 2  0      0 4236104  43000 1275836    0    0     0   216 10634 16312 16  8 76  0  0
 1  0      0 3932512  43000 1290020    0    0  2036    24 14254 20973 12 14 73  2  0
 1  0      0 3919672  43000 1290148    0    0     0    28 10550 16655 18  7 75  0  0
 2  0      0 3862756  43000 1295888    0    0     0   272 9416 14923 15  8 77  1  0
 1  0      0 3859644  43000 1299684    0    0     0   396 9070 14578 15  6 79  1  0
 1  0      0 3852176  43008 1304244    0    0     0   380 9501 15007 15  8 77  1  0
 1  0      0 3792808  43008 1309956    0    0     0   360 11236 17201 16  8 75  1  0
 1  0      0 3792000  43008 1312608    0    0     0     8 11233 17063 16  8 76  1  0
 2  0      0 3832400  43016 1312768    0    0     0   248 10623 16518 18  7 75  0  0
 4  0      0 3821224  43036 1312836    0    0     0   720 14763 25084 24 14 61  1  0
 2  0      0 4537152  43060 1314696    0    0   148  1404 14532 25140 22 20 57  2  0
procs -----------memory---------- ---swap-- -----io---- -system-- ------cpu-----
 r  b   swpd   free   buff  cache   si   so    bi    bo   in   cs us sy id wa st
 1  0      0 4503568  43060 1315200    0    0     0    44 11379 18046 16  9 75  0  0
 1  0      0 4343340  43060 1315348    0    0     0     4 11317 17631 16  9 75  0  0
 2  0      0 4331748  43080 1315624    0    0     0  1096 11876 19104 20 11 69  0  0
 3  0      0 4298876  43100 1316440    0    0     0  1180 15729 26840 24 18 55  3  0
 2  0      0 4285784  43124 1318304    0    0     0   716 10984 18813 29 12 59  1  0
 4  0      0 4121444  43124 1318524    0    0     0   120 8218 13900 32 10 59  0  0
 3  0      0 4067324  43124 1318764    0    0     0    12 7597 12910 32  7 61  0  0
 2  0      0 4042668  43124 1319260    0    0     0    32 7810 13040 32  7 61  0  0
 3  0      0 4024724  43124 1319484    0    0     0    72 7790 13136 33  7 60  0  0
 2  0      0 4001748  43136 1319732    0    0     0   364 7654 12894 32  7 60  0  0
 2  0      0 3987900  43136 1319916    0    0     0    32 8326 14252 33  7 60  0  0
 2  0      0 3973536  43136 1320208    0    0     0    80 8582 14577 33  8 60  0  0
 2  0      0 3943016  43136 1320540    0    0     0    28 7918 13332 32  8 61  0  0
 3  0      0 3941504  43136 1320736    0    0     0    12 7692 12902 32  7 61  0  0
 5  0      0 3927140  43144 1320924    0    0     0   296 7971 13633 33  7 60  0  0
 3  1      0 3635324  43160 1321176    0    0     0   364 10755 18624 32 16 51  1  0
 3  0      0 3545528  43184 1321908    0    0     0  1232 13482 24580 41 20 37  2  0
 3  0      0 3518340  43216 1324468    0    0     0   880 9756 16981 44 13 43  1  0
 3  0      0 3320320  43216 1327440    0    0     0  1240 9216 15043 46 10 44  0  0
 4  0      0 3271316  43216 1329228    0    0     0     0 8848 14976 47  9 44  0  0
 3  0      0 3005644  43216 1344604    0    0     0    24 12987 19421 42 15 43  1  0
procs -----------memory---------- ---swap-- -----io---- -system-- ------cpu-----
 r  b   swpd   free   buff  cache   si   so    bi    bo   in   cs us sy id wa st
 4  0      0 2737188  43216 1349600    0    0     0   560 9807 15972 39 13 47  0  0
 4  0      0 2710588  43228 1354936    0    0     0   448 9528 15138 42  8 49  1  0
 4  0      0 2703292  43228 1359604    0    0     0   252 9093 14367 43  9 48  0  0
 2  0      0 2703720  43228 1365064    0    0     0   284 9392 14918 42  7 50  1  0
 2  0      0 3373228  43228 1369784    0    0     0  7304 10010 15394 28 11 61  1  0
 2  0      0 3348872  43228 1375460    0    0     0    36 9757 15319 27  7 66  1  0
 2  0      0 3324040  43236 1379592    0    0     0   616 9927 15777 28  7 64  1  0
 2  0      0 3320524  43236 1379940    0    0     0   124 7811 13102 34  5 62  0  0
 3  0      0 3410912  43236 1380136    0    0     0     8 8017 13573 33  7 60  0  0
 1  0      0 4140504  43236 1380280    0    0     0  2552 9039 15184 22  9 69  0  0
 1  0      0 4132112  43236 1380448    0    0     0    28 8530 14405 18  5 77  0  0
 1  0      0 4046164  43244 1393780    0    0     0   304 11962 17209 13 12 74  2  0
 1  0      0 3641252  43528 1394740    0    0   588   808 10944 16779 11 12 77  0  0
 1  0      0 3624928  43528 1396924    0    0     0    68 10892 16618 11  9 80  0  0
 1  0      0 3610312  43528 1398900    0    0     0     8 10156 15696 11  7 81  0  0
 1  0      0 3599224  43528 1400584    0    0     0    20 10779 16530 12  7 82  0  0
 1  0      0 3591916  43536 1401432    0    0     0   236 9769 15473 13  8 78  0  0
 2  0      0 3576836  43536 1403596    0    0     0    52 10494 16183 11  6 82  0  0
 0  0      0 3565004  43536 1405136    0    0     0    64 10669 16353 12  8 80  0  0
 0  0      0 3557700  43536 1406344    0    0     0    60 9903 16372 14  7 79  0  0
 1  0      0 3545100  43536 1408388    0    0     0    28 11317 17518 12  8 80  0  0
procs -----------memory---------- ---swap-- -----io---- -system-- ------cpu-----
 r  b   swpd   free   buff  cache   si   so    bi    bo   in   cs us sy id wa st
 1  0      0 3544624  43544 1408596    0    0     0   204 8426 13435 17  5 78  0  0
 1  0      0 3544624  43544 1408636    0    0     0    36 7983 12707 16  6 78  0  0
 1  0      0 4431112  43544 1408660    0    0     0   228 9156 14493 13 11 76  1  0
 0  0      0 4431112  43544 1408676    0    0     0     4 10120 16275  2  9 89  0  0
 5  0      0 4430884  43544 1408716    0    0     0    84 8292 13801  1  6 93  0  0
 0  0      0 4430884  43552 1408748    0    0     0   200 8579 13968  1  6 93  1  0
 0  0      0 4430888  43552 1408796    0    0     0    40 8725 13942  1  6 92  0  0
 0  0      0 4430388  43552 1408824    0    0     0    24 8372 13867  1  7 92  0  0
 0  0      0 4429908  43552 1408856    0    0     0  6348 9337 14756  3  8 89  0  0
 0  0      0 4429656  43552 1408888    0    0     0     8 9735 16134  2  7 90  0  0
 0  1      0 4429432  43552 1408932    0    0     0 27856 8885 14434  1  8 53 38  0
 0  1      0 4429432  43552 1408956    0    0     0    36 6853 10293  1  5 79 15  0
 0  1      0 4429432  43552 1408992    0    0     0   248 8737 14551  1  7 76 15  0
 0  3      0 4428984  43552 1409004    0    0     0  3144 9000 14439  2  7 71 20  0
 1  3      0 4428984  43552 1409052    0    0     0     4 9317 15220  1  7 46 45  0
 0  3      0 4428984  43552 1409080    0    0     0     8 7706 12103  1  5 47 46  0
