2026-06-27 00:44:01.776 procs -----------memory---------- ---swap-- -----io---- -system-- ------cpu-----
2026-06-27 00:44:01.776 r  b   swpd   free   buff  cache   si   so    bi    bo   in   cs us sy id wa st
2026-06-27 00:44:01.777 1  0      0 2969012 112352 2954752    0    0   207    33  202  282  1  1 97  1  0
2026-06-27 00:44:02.779 0  0      0 2966240 112352 2954784    0    0     0     0 2989 4828  3  4 93  0  0
2026-06-27 00:44:03.779 0  0      0 2966240 112352 2954784    0    0     0     0 1827 2539  1  1 98  0  0
2026-06-27 00:44:04.780 0  0      0 2965992 112352 2954788    0    0     0     0 1124 1587  0  1 99  0  0
2026-06-27 00:44:05.781 0  0      0 2965992 112352 2954788    0    0     0     0 1394 1893  0  1 99  0  0
2026-06-27 00:44:06.781 1  0      0 2965992 112352 2954788    0    0     0     0 1641 2463  0  1 99  0  0
2026-06-27 00:44:07.781 0  0      0 2965520 112360 2954788    0    0     0    20 1570 2065  0  1 98  0  0
2026-06-27 00:44:08.782 1  0      0 2965520 112360 2954788    0    0     0     0 1627 2259  0  2 98  0  0
2026-06-27 00:44:09.782 0  0      0 2965520 112360 2954792    0    0     0     0 2332 3271  1  2 97  0  0
2026-06-27 00:44:10.783 0  0      0 2965520 112360 2954792    0    0     0     0 1679 2074  1  1 98  0  0
2026-06-27 00:44:11.782 0  0      0 2965520 112360 2954792    0    0     0    48 1634 2044  1  1 98  0  0
2026-06-27 00:44:12.784 0  0      0 2965520 112368 2954784    0    0     0    36 1850 2201  1  2 97  0  0
2026-06-27 00:44:13.784 0  0      0 2964804 112384 2954800    0    0     0   136 3353 4936  4  4 92  0  0
2026-06-27 00:44:14.785 2  0      0 2945932 112404 2954920    0    0     0  1044 8687 13838  8 10 80  2  0
2026-06-27 00:44:15.786 1  0      0 2937200 112448 2956236    0    0     0   972 6597 10416 12  8 79  1  0
2026-06-27 00:44:16.786 4  0      0 2781648 112468 2957012    0    0     0   984 8544 14353 23 11 64  2  0
2026-06-27 00:44:17.787 2  0      0 2733148 112496 2958952    0    0     0  1476 5362 7783 26  8 65  1  0
2026-06-27 00:44:18.787 2  0      0 2594356 112496 2959452    0    0     0    12 2005 2142 31  4 65  0  0
2026-06-27 00:44:19.787 2  0      0 2526580 112496 2959824    0    0     0     4 2496 3355 32  4 65  0  0
2026-06-27 00:44:20.788 2  0      0 2503428 112496 2960180    0    0     0     8 1739 1702 31  3 66  0  0
2026-06-27 00:44:21.789 3  0      0 2082356 112496 2975544    0    0  2692     0 7713 8145 24  9 64  3  0
2026-06-27 00:44:22.789 procs -----------memory---------- ---swap-- -----io---- -system-- ------cpu-----
2026-06-27 00:44:22.792 r  b   swpd   free   buff  cache   si   so    bi    bo   in   cs us sy id wa st
2026-06-27 00:44:22.795 1  1      0 2037668 112504 2978988    0    0     0   184 4481 4898 26  5 68  2  0
2026-06-27 00:44:23.790 1  0      0 1613376 112504 2999160    0    0  3396     0 9692 10277 16 10 69  4  0
2026-06-27 00:44:24.790 2  0      0 1498740 112504 3001896    0    0     0     4 5581 5963 18  4 75  2  0
2026-06-27 00:44:25.791 0  0      0 1471344 112504 3006948    0    0     0     4 5929 6534 18  5 73  3  0
2026-06-27 00:44:26.791 2  0      0 1450736 112504 3010836    0    0     0     0 6199 7104 20  5 73  3  0
2026-06-27 00:44:27.792 4  0      0 1427464 112532 3015016    0    0     0   336 8802 11111 20  9 68  3  0
2026-06-27 00:44:28.793 4  0      0 1376760 112560 3020708    0    0     0  1012 12625 19586 23 14 59  4  0
2026-06-27 00:44:29.794 3  0      0 1346296 112588 3027004    0    0     0   624 8921 11872 30 10 57  3  0
2026-06-27 00:44:30.794 2  0      0 1164164 112588 3031808    0    0     0     0 5818 6267 33  7 57  3  0
2026-06-27 00:44:31.795 2  0      0 1133092 112588 3036696    0    0     0     0 6018 6498 33  6 59  3  0
2026-06-27 00:44:32.795 3  0      0 1207652 112588 3038752    0    0     0     4 3169 3132 41  4 53  2  0
2026-06-27 00:44:33.796 1  1      0 1802792 112588 3040328    0    0     0     8 3477 3923 25  6 67  1  0
2026-06-27 00:44:34.796 2  0      0 1776592 112596 3041484    0    0     0   136 3054 3449 28  3 68  1  0
2026-06-27 00:44:35.797 0  1      0 2242368 112596 3067440    0    0 12696     0 7858 8311 17 14 65  4  0
2026-06-27 00:44:36.796 1  1      0 2086952 112596 3094584    0    0 22888     4 3783 4503  9  3 83  6  0
2026-06-27 00:44:37.798 1  0      0 2044164 112596 3098848    0    0     0     0 5171 6751 14  3 82  1  0
2026-06-27 00:44:38.798 2  0      0 2032440 112596 3102796    0    0     0     0 3436 3854 11  3 85  1  0
2026-06-27 00:44:39.799 1  0      0 1979384 112604 3107908    0    0     0   100 4577 5653 10  3 85  2  0
2026-06-27 00:44:40.799 2  0      0 1961680 112604 3111216    0    0     0     0 3286 3616 11  2 86  1  0
2026-06-27 00:44:41.799 1  0      0 1932468 112604 3115688    0    0     0    60 4051 4693 10  3 85  2  0
2026-06-27 00:44:42.800 2  0      0 1877240 112604 3118412    0    0     0     0 2399 2659 14  3 83  0  0
2026-06-27 00:44:43.799 procs -----------memory---------- ---swap-- -----io---- -system-- ------cpu-----
2026-06-27 00:44:43.801 r  b   swpd   free   buff  cache   si   so    bi    bo   in   cs us sy id wa st
2026-06-27 00:44:43.803 1  0      0 1865836 112604 3122848    0    0     0     0 3524 4110 14  3 82  1  0
2026-06-27 00:44:44.802 1  0      0 1751592 112612 3130796    0    0     0    52 3891 4207 12  3 84  1  0
2026-06-27 00:44:45.802 2  0      0 1688996 112612 3134204    0    0     0     0 3182 3583 12  2 85  1  0
2026-06-27 00:44:46.803 0  1      0 1588712 112612 3140040    0    0     0     0 3595 4250 13  3 84  1  0
2026-06-27 00:44:47.807 0  1      0 1498292 112612 3146004    0    0     0  1072 3025 3220 14  2 84  1  0
2026-06-27 00:44:48.804 1  0      0 1394956 112612 3153820    0    0     0     0 3879 4147 12  4 83  1  0
2026-06-27 00:44:49.804 1  0      0 1303068 112612 3162712    0    0     0     0 4759 5781 13  4 82  1  0
2026-06-27 00:44:50.805 1  0      0 1171680 112620 3168448    0    0     0    40 3511 3760 12  3 84  1  0
2026-06-27 00:44:51.805 1  0      0 1083352 112620 3175044    0    0     0     0 3716 4068 12  3 83  1  0
2026-06-27 00:44:52.806 1  0      0 981468 112620 3182964    0    0     0     0 3968 4257 13  4 82  1  0
2026-06-27 00:44:53.806 1  0      0 882484 112620 3193296    0    0     0    32 4952 5569 13  4 81  2  0
2026-06-27 00:44:54.807 1  0      0 805588 112620 3199992    0    0     0     0 2934 3096 13  3 84  1  0
2026-06-27 00:44:55.807 1  0      0 657160 112628 3207416    0    0     0    48 3555 3640 12  3 84  1  0
2026-06-27 00:44:56.808 1  0      0 599960 112628 3218708    0    0     0     0 4725 5269 13  4 82  1  0
2026-06-27 00:44:57.808 2  0      0 492868 112628 3224344    0    0     0     0 3118 3196 12  5 83  1  0
2026-06-27 00:44:58.809 0  0      0 360804 112628 3230336    0    0     0    76 4430 4929 12  6 81  1  0
2026-06-27 00:44:59.810 0  0      0 268780 112628 3236088    0    0     0     0 4535 5920 13  4 82  1  0
2026-06-27 00:45:00.810 2  0      0 191188 112636 3237028    0    0     0    32 2963 3096 12  3 83  1  0
2026-06-27 00:45:01.812 2  1      0 150628 112636 3205284    0    0    72     0 3152 3532 11  6 83  1  0
2026-06-27 00:45:02.816 1  0      0 143444 108092 3149704    0    0   416     0 4005 5060 13  6 80  1  0
2026-06-27 00:45:03.816 1  0      0 153656 107768 3080576    0    0   688    16 3530 4174 12  7 81  1  0
2026-06-27 00:45:04.817 procs -----------memory---------- ---swap-- -----io---- -system-- ------cpu-----
2026-06-27 00:45:04.820 r  b   swpd   free   buff  cache   si   so    bi    bo   in   cs us sy id wa st
2026-06-27 00:45:04.822 1  0      0 169436 107768 3024244    0    0     0     0 3502 3834 11  6 82  1  0
2026-06-27 00:45:05.817 1  0      0 189652 107776 3029668    0    0     0    40 4023 4446 11  3 85  1  0
2026-06-27 00:45:06.818 1  0      0 160924 107776 3033356    0    0     0     0 2888 3578 13  2 84  1  0
2026-06-27 00:45:07.819 1  0      0 156304 107776 3036588    0    0     0     0 2846 3049 12  2 85  1  0
2026-06-27 00:45:08.820 2  0      0 125540 107776 3041280    0    0     0     0 4322 4993 11  3 85  1  0
2026-06-27 00:45:09.820 2  0      0 141288 107412 2996948    0    0    36    24 4062 5449 13  5 81  1  0
2026-06-27 00:45:10.820 2  0      0 118192 107284 2956940    0    0     0    28 4655 5066 11  5 83  2  0
2026-06-27 00:45:11.820 1  0      0 158032 106428 2891044    0    0     0     0 4290 4467 11  6 82  1  0
2026-06-27 00:45:12.822 9  0      0 166112 106040 2858896    0    0     0    16 3571 3872 14  6 79  1  0
2026-06-27 00:45:13.822 2  0      0 3051252 106040 2859264    0    0    16     0 2425 2699 14  5 80  0  0
2026-06-27 00:45:14.823 1  0      0 3240132 106040 2859564    0    0   480    12 1915 2483  1  3 96  0  0
2026-06-27 00:45:15.823 1  1      0 3238384 106040 2860876    0    0  1316     0 2306 3213  1  2 97  1  0
