2026-07-14 20:16:27.681 procs -----------memory---------- ---swap-- -----io---- -system-- ------cpu-----
2026-07-14 20:16:27.684 r  b   swpd   free   buff  cache   si   so    bi    bo   in   cs us sy id wa st
2026-07-14 20:16:27.688 5 101      0 3789824  68460 2183968    0    0     6    33    6    5  2  9 89  0  0
2026-07-14 20:16:28.681 1 230      0 3782836  68464 2184024    0    0     0    92 17672 26130  7 28  0 65  0
2026-07-14 20:16:29.682 1 220      0 3782836  68464 2184024    0    0     0   596 5665 4120  2 19  0 79  0
2026-07-14 20:16:30.683 0  2      0 3782596  68476 2184036    0    0     0   988 4849 2862  1 16 19 65  0
2026-07-14 20:16:31.683 2  0      0 3779696  68488 2183624    0    0     0   476 17171 28429  4 25 39 32  0
2026-07-14 20:16:32.683 1 16      0 3787852  68488 2183536    0    0     0  1080 20980 34029  3 30 16 51  0
2026-07-14 20:16:33.683 3 193      0 3787852  68488 2183580    0    0     0  1288 21440 33977  2 29  9 61  0
2026-07-14 20:16:34.684 1 232      0 3787152  68488 2183580    0    0     0    16 7276 8719  1 11  0 88  0
2026-07-14 20:16:35.685 0 232      0 3787152  68488 2183580    0    0     0     0 1435 1614  0  1  0 98  0
2026-07-14 20:16:36.686 0 232      0 3786904  68488 2183580    0    0     0     0 2428 3382  2  2  0 97  0
2026-07-14 20:16:37.686 1 42      0 3786904  68492 2183736    0    0     0   928 9161 14555  2 11  0 87  0
2026-07-14 20:16:38.686 1 206      0 3786904  68492 2183780    0    0     0   672 20007 29930  2 28  3 67  0
2026-07-14 20:16:39.686 1  1      0 3786904  68492 2183804    0    0     0   428 8290 8075  2 21  5 72  0
2026-07-14 20:16:40.688 7  0      0 3803808  68496 2183944    0    0     0   728 18022 29096  6 32 24 38  0
2026-07-14 20:16:41.688 2  0      0 3794152  68500 2183652    0    0     0  1060 24550 39906  8 32 48 11  0
2026-07-14 20:16:42.688 3  0      0 3802504  68512 2183104    0    0     0   912 26978 43787  5 34 50 10  0
2026-07-14 20:16:43.689 5  0      0 3798360  68532 2184412    0    0     0  1356 25412 41513  6 34 54  6  0
2026-07-14 20:16:44.689 2  0      0 3692032  68532 2184880    0    0     0    28 22152 36182 16 30 53  0  0
2026-07-14 20:16:45.689 2  0      0 3618624  68532 2185008    0    0     0   608 21784 36758 17 26 57  0  0
2026-07-14 20:16:46.690 1  0      0 3605532  68532 2185356    0    0     0     0 22705 38884 18 15 67  0  0
2026-07-14 20:16:47.690 9  0      0 3581140  68540 2185752    0    0     0   728 23616 40863 19 16 64  1  0
2026-07-14 20:16:48.691 procs -----------memory---------- ---swap-- -----io---- -system-- ------cpu-----
2026-07-14 20:16:48.694 r  b   swpd   free   buff  cache   si   so    bi    bo   in   cs us sy id wa st
2026-07-14 20:16:48.696 8  0      0 3566804  68552 2185916    0    0     0  1228 25203 44601 23 21 55  2  0
2026-07-14 20:16:49.689 3  0      0 3506536  68572 2188024    0    0     0   876 25498 43805 22 24 54  1  0
2026-07-14 20:16:50.692 2  0      0 3329640  68572 2188644    0    0     0   468 19144 35606 31 17 52  0  0
2026-07-14 20:16:51.692 5  0      0 3260768  68572 2189008    0    0     0   184 19300 36468 33 16 51  0  0
2026-07-14 20:16:52.692 3  0      0 3244400  68572 2189404    0    0     0     0 18310 34824 34 13 53  0  0
2026-07-14 20:16:53.691 4  0      0 3212936  68572 2189840    0    0     0     0 18099 34447 34 14 52  0  0
2026-07-14 20:16:54.691 4  0      0 3197816  68580 2190056    0    0     0   584 18300 34756 34 14 52  0  0
2026-07-14 20:16:55.694 2  0      0 2881900  68580 2190384    0    0     0   232 20296 36230 28 19 53  0  0
2026-07-14 20:16:56.692 5  0      0 2515656  68580 2191240    0    0     0   496 20460 36252 27 15 57  1  0
2026-07-14 20:16:57.694 2  0      0 2452616  68580 2194032    0    0     0     0 22281 39446 22 16 60  3  0
2026-07-14 20:16:58.695 2  0      0 2410844  68580 2197364    0    0     0     0 22789 39071 20 17 61  2  0
2026-07-14 20:16:59.695 2  0      0 2400952  68584 2199724    0    0     0  1648 23375 39314 18 19 59  4  0
2026-07-14 20:17:00.697 3  0      0 2389804  68584 2202120    0    0     0    20 22872 38710 19 18 61  2  0
2026-07-14 20:17:01.696 2  0      0 2377104  68584 2204632    0    0     0   572 23940 39717 20 17 61  2  0
2026-07-14 20:17:02.697 4  0      0 2366348  68584 2207440    0    0     0   104 23293 39046 18 18 62  3  0
2026-07-14 20:17:03.697 4  0      0 2337016  68584 2210620    0    0     0     0 21571 37423 22 15 60  3  0
2026-07-14 20:17:04.697 2  0      0 2307520  68588 2212928    0    0     0   476 22748 38612 19 18 60  3  0
2026-07-14 20:17:05.698 2  0      0 2370492  68588 2214840    0    0     0    16 21948 37120 22 17 59  2  0
2026-07-14 20:17:06.699 2  0      0 3060652  68588 2215408    0    0     0   188 19436 35351 28 15 57  0  0
2026-07-14 20:17:07.699 0  0      0 3764744  68600 2215512    0    0     0  1184 22268 39855 17 20 63  1  0
2026-07-14 20:17:08.699 1  0      0 3742072  68608 2216692    0    0     0  1260 27238 48553 10 24 64  2  0
2026-07-14 20:17:09.700 procs -----------memory---------- ---swap-- -----io---- -system-- ------cpu-----
2026-07-14 20:17:09.703 r  b   swpd   free   buff  cache   si   so    bi    bo   in   cs us sy id wa st
2026-07-14 20:17:09.707 8  0      0 3716380  68628 2218424    0    0     0   880 22204 38490 17 20 62  1  0
2026-07-14 20:17:10.700 1  0      0 3567520  68628 2218624    0    0     0  1536 23495 39707 18 17 65  0  0
2026-07-14 20:17:11.700 1  0      0 3554932  68628 2218900    0    0     0    20 23044 39713 18 15 66  0  0
2026-07-14 20:17:12.699 1  0      0 3534784  68628 2227492    0    0     0   336 24006 40457 18 15 67  0  0
2026-07-14 20:17:13.702 2  0      0 3515140  68628 2227688    0    0     0   300 23115 39890 18 16 66  0  0
2026-07-14 20:17:14.702 1  0      0 3506724  68636 2228068    0    0     0   980 22672 39376 16 15 68  1  0
2026-07-14 20:17:15.703 3  0      0 3098440  68636 2242028    0    0     0  1580 28402 44294  9 21 68  2  0
2026-07-14 20:17:16.702 3  0      0 3044872  68636 2243716    0    0     0    20 22557 38905 10 15 73  2  0
2026-07-14 20:17:17.703 2  0      0 3034804  68636 2245340    0    0     0   100 23943 40096 10 16 72  1  0
2026-07-14 20:17:18.703 1  0      0 3025704  68636 2247188    0    0     0   552 23134 39539 11 15 72  1  0
2026-07-14 20:17:19.704 4  0      0 3018708  68636 2248664    0    0     0   560 22741 38846 11 17 70  2  0
2026-07-14 20:17:20.704 1  0      0 3011748  68636 2249852    0    0     0   144 22088 38232 12 16 72  1  0
2026-07-14 20:17:21.704 2  0      0 3001432  68636 2251528    0    0     0    16 23206 39641 12 17 70  1  0
2026-07-14 20:17:22.705 2  0      0 2991704  68636 2252668    0    0     0    12 23018 39094 12 15 72  1  0
2026-07-14 20:17:23.705 3  0      0 2983908  68636 2254004    0    0     0   284 21997 38496 13 14 72  1  0
2026-07-14 20:17:24.706 0  0      0 2972716  68640 2255956    0    0     0   732 23163 39435 10 16 72  2  0
2026-07-14 20:17:25.706 1  0      0 3130392  68640 2256520    0    0     0     0 19599 35534 16 15 69  0  0
2026-07-14 20:17:26.708 1  0      0 3720880  68640 2256620    0    0     0    64 22547 38555  2 19 79  0  0
2026-07-14 20:17:27.708 2  0      0 3720880  68640 2256712    0    0     0    12 23038 39282  2 14 83  0  0
2026-07-14 20:17:28.706 1  0      0 3720908  68640 2256796    0    0     0    68 23852 40534  2 14 83  0  0
2026-07-14 20:17:29.708 0  0      0 3720656  68644 2256860    0    0     0   900 24084 39982  3 16 81  0  0
2026-07-14 20:17:30.708 procs -----------memory---------- ---swap-- -----io---- -system-- ------cpu-----
2026-07-14 20:17:30.711 r  b   swpd   free   buff  cache   si   so    bi    bo   in   cs us sy id wa st
2026-07-14 20:17:30.714 2  0      0 3720432  68644 2256924    0    0     0    28 23572 39724  2 15 83  0  0
2026-07-14 20:17:31.709 0  0      0 3717552  68644 2256972    0    0     0   464 25745 43672  4 18 77  1  0
2026-07-14 20:17:32.708 1  0      0 3717300  68644 2257056    0    0     0    72 23683 39841  2 16 82  0  0
2026-07-14 20:17:33.711 2  0      0 3716796  68644 2257152    0    0     0    52 23549 39855  2 15 84  0  0
2026-07-14 20:17:34.710 0  0      0 3716332  68656 2257248    0    0     0   900 23780 40123  3 15 82  1  0
2026-07-14 20:17:35.711 1  0      0 3716332  68656 2257324    0    0     0   312 23309 39307  2 15 83  0  0
2026-07-14 20:17:36.711 1  0      0 3716332  68656 2257404    0    0     0    92 23632 40350  3 15 83  0  0
2026-07-14 20:17:37.712 0  0      0 3716332  68656 2257504    0    0     0     8 23522 39550  2 15 83  0  0
2026-07-14 20:17:38.712 2  0      0 3715828  68656 2257588    0    0     0    12 23201 39642  3 16 82  0  0
2026-07-14 20:17:39.713 5  0      0 3715576  68660 2257672    0    0     0   552 23329 39655  3 16 81  0  0
2026-07-14 20:17:40.713 0  0      0 3715576  68660 2257772    0    0     0   636 24034 40286  2 16 82  0  0
2026-07-14 20:17:41.713 2  0      0 3714820  68660 2257836    0    0     0  1020 24846 41684  2 16 82  0  0
2026-07-14 20:17:42.714 4  0      0 3714820  68660 2257900    0    0     0   208 23459 39196  2 16 82  0  0
2026-07-14 20:17:43.715 0  0      0 3714568  68660 2257976    0    0     0    12 23452 39338  2 15 82  0  0
2026-07-14 20:17:44.715 1  0      0 3714568  68664 2258048    0    0     0   896 23688 39888  2 14 83  1  0
2026-07-14 20:17:45.716 0  0      0 3714568  68664 2258156    0    0     0   300 23507 39423  2 13 85  0  0
2026-07-14 20:17:46.717 10  0      0 3714568  68664 2258260    0    0     0   304 23874 40041  2 15 84  0  0
2026-07-14 20:17:47.717 2  0      0 3714568  68664 2258332    0    0     0    16 23247 39307  2 13 85  0  0
2026-07-14 20:17:48.719 0  0      0 3714488  68664 2258408    0    0     0     8 23045 39622  4 16 81  0  0
2026-07-14 20:17:49.719 0  0      0 3714596  68672 2258488    0    0     0  1568 23974 40317  3 17 81  0  0
2026-07-14 20:17:50.721 0  0      0 3714596  68672 2258600    0    0     0   128 23520 39613  2 15 83  0  0
2026-07-14 20:17:51.719 procs -----------memory---------- ---swap-- -----io---- -system-- ------cpu-----
2026-07-14 20:17:51.722 r  b   swpd   free   buff  cache   si   so    bi    bo   in   cs us sy id wa st
2026-07-14 20:17:51.725 0  0      0 3714344  68672 2258688    0    0     0   504 25758 42982  3 15 82  0  0
2026-07-14 20:17:52.721 2  0      0 3714120  68672 2258784    0    0     0    20 23579 39857  2 16 81  0  0
2026-07-14 20:17:53.721 1  0      0 3713868  68672 2258860    0    0     0     4 23460 39352  3 14 83  0  0
2026-07-14 20:17:54.721 0  0      0 3713868  68688 2258896    0    0     0   708 23354 39723  2 14 83  1  0
2026-07-14 20:17:55.722 0  0      0 3713616  68688 2258992    0    0     0    16 23694 39992  2 16 83  0  0
2026-07-14 20:17:56.722 0  0      0 3713616  68688 2259060    0    0     0   336 23529 39630  1 16 83  0  0
2026-07-14 20:17:57.723 2  0      0 3699312  68688 2259172    0    0     0   288 23819 40196  3 16 81  0  0
