procs -----------memory---------- ---swap-- -----io---- -system-- ------cpu-----
 r  b   swpd   free   buff  cache   si   so    bi    bo   in   cs us sy id wa st
 6  0      0 4283460  18648 1511440    0    0     9     5    6   14  1  6 93  0  0
 1  0      0 4279096  18648 1511520    0    0     0    20 22338 38103 11 17 72  0  0
 0  0      0 4278844  18648 1511560    0    0     0    12 19603 32530  2 11 87  0  0
 3  0      0 4278844  18648 1511600    0    0     0    20 20048 33156  2 11 87  0  0
 0  0      0 4278844  18656 1511668    0    0     0   168 19861 32442  1 12 87  0  0
 0  0      0 4278844  18656 1511728    0    0     0   396 19494 32440  2 11 87  0  0
 0  0      0 4278592  18656 1511772    0    0     0   264 19866 32716  1 12 87  0  0
 1  0      0 4278592  18656 1511836    0    0     0    20 20373 34109  3 14 83  0  0
 0  0      0 4278592  18656 1511884    0    0     0    16 19900 32815  1 12 87  0  0
 1  0      0 4278592  18668 1511956    0    0     0   516 20282 33402  1 12 87  0  0
 1  0      0 4278592  18668 1511984    0    0     0    56 20082 33093  1 13 86  0  0
 0  0      0 4278592  18668 1512040    0    0     0   176 20577 33549  2 12 86  0  0
 0  0      0 4278592  18668 1512116    0    0     0    20 20094 33493  5 12 83  0  0
 0  0      0 4278592  18668 1512172    0    0     0    20 19559 32256  1 10 89  0  0
 0  0      0 4278592  18676 1512208    0    0     0   156 19219 31976  1 12 87  0  0
 0  0      0 4278592  18676 1512280    0    0     0   400 19854 32851  1 12 87  0  0
 0  0      0 4277128  18692 1512352    0    0     0   316 21314 35217  3 16 81  0  0
 7  0      0 4251788  18712 1512488    0    0     0  1268 25513 44706  9 22 67  2  0
 3  0      0 4253828  18736 1513892    0    0     0   836 20857 35280 12 17 71  1  0
 1  0      0 4118288  18736 1514100    0    0     0   852 20619 34083 17 13 70  0  0
 1  0      0 4080372  18736 1514204    0    0     0    32 19007 31901 17 12 71  0  0
procs -----------memory---------- ---swap-- -----io---- -system-- ------cpu-----
 r  b   swpd   free   buff  cache   si   so    bi    bo   in   cs us sy id wa st
 3  0      0 4067040  18736 1514708    0    0     0    44 20173 33698 17 12 71  0  0
 1  0      0 4050156  18736 1514836    0    0     0    44 19754 32560 17 14 70  0  0
 2  0      0 4038076  18744 1514916    0    0     0   384 18362 31479 18 10 72  0  0
 1  0      0 3937908  18744 1527032    0    0     0    20 23239 36509 13 15 70  1  0
 2  0      0 3917016  18744 1527248    0    0     0     0 19429 32363 17 12 71  0  0
 1  0      0 3905692  18744 1527444    0    0     0   208 19171 31416 17 13 70  0  0
 2  0      0 3898636  18744 1527556    0    0     0    16 20536 34487 18 13 69  0  0
 2  0      0 3891592  18752 1527732    0    0     0   380 19539 32338 16 13 71  0  0
 1  0      0 3865824  18752 1527928    0    0     0   136 19787 32766 17 12 71  0  0
 8  0      0 3643060  18752 1528184    0    0     0     4 19609 32636 16 14 70  0  0
 2  0      0 3627364  18752 1531044    0    0     0   116 18916 32631 13 11 74  2  0
 1  0      0 3594380  18752 1536144    0    0     0    24 21900 35369 12 14 72  2  0
 1  0      0 3592816  18768 1538572    0    0     0   720 21790 35572 13 13 72  2  0
 1  2      0 3574108  18784 1542700    0    0     0   492 21875 37131 16 15 64  5  0
 4  0      0 3506644  18792 1548224    0    0     0   848 24645 42687 18 20 57  5  0
 2  0      0 3488516  18816 1552408    0    0     0  1116 19935 33250 23 16 57  3  0
 2  0      0 3337136  18816 1553664    0    0     0   204 16350 30318 32 14 53  1  0
 3  0      0 4026388  18816 1553844    0    0     0    32 15738 28772 31 13 56  0  0
 2  0      0 4014984  18816 1554292    0    0     0   540 16415 29610 18 10 71  1  0
 2  0      0 3997348  18816 1554408    0    0     0     4 15566 28459 17 10 73  0  0
 1  0      0 3986536  18828 1554480    0    0     0   528 19268 32744 18 11 70  0  0
procs -----------memory---------- ---swap-- -----io---- -system-- ------cpu-----
 r  b   swpd   free   buff  cache   si   so    bi    bo   in   cs us sy id wa st
 0  1      0 3579028  18828 1571492    0    0  2896    56 24847 38210  9 19 71  2  0
 2  0      0 3526464  18828 1574396    0    0     0    44 20874 34294  9 14 76  1  0
 4  0      0 3514008  18828 1577968    0    0     0   224 21556 34780 11 12 75  2  0
 3  0      0 3499796  18828 1581684    0    0     0    24 21364 34548  9 13 76  2  0
 3  0      0 3492372  18836 1584016    0    0     0   304 19926 33353 11 13 74  2  0
 2  0      0 3479996  18844 1586936    0    0     0   368 21205 35619 13 15 72  1  0
 3  0      0 3452764  18860 1589768    0    0     0   700 23394 40026 15 19 64  2  0
 2  1      0 3433204  18896 1595328    0    0     0  1276 23553 40444 18 22 58  3  0
 1  1      0 3307936  18896 1597268    0    0     0    32 18454 31056 26 15 58  1  0
 2  0      0 3229468  18896 1600856    0    0     0    12 19841 33221 25 14 59  1  0
 4  0      0 3206860  18896 1604944    0    0     0    80 20440 33648 26 13 59  2  0
 5  0      0 3310400  18896 1605548    0    0     0   156 17307 29407 31 12 57  0  0
 2  0      0 3922332  18900 1605724    0    0     0   920 19493 32270 17 14 67  1  0
 1  0      0 3818304  18900 1619372    0    0     0    20 23374 36645 13 16 69  2  0
 1  1      0 3422440  18928 1619948    0    0     0   772 22692 38106 15 22 62  1  0
 1  0      0 3368968  19196 1624088    0    0     0  1384 23409 41230 16 24 57  3  0
 4  0      0 3272812  19204 1626264    0    0     0    92 20688 34828 26 16 57  1  0
 4  0      0 3182280  19204 1627956    0    0     0    44 20234 33411 26 13 60  1  0
 1  0      0 3158632  19204 1629452    0    0     0    40 19783 32737 26 12 61  1  0
 2  1      0 3125944  19204 1631304    0    0     0    16 20118 33811 26 14 60  1  0
 1  0      0 3106992  19204 1632768    0    0     0    36 19513 32606 25 14 60  1  0
procs -----------memory---------- ---swap-- -----io---- -system-- ------cpu-----
 r  b   swpd   free   buff  cache   si   so    bi    bo   in   cs us sy id wa st
 3  0      0 3019204  19236 1634016    0    0     0   252 18073 31377 23 14 62  1  0
 0  1      0 2653808  19236 1637760    0    0  2692   752 19794 32766 17 16 64  2  0
 4  1      0 2633544  19236 1641392    0    0     0    96 21937 35269 18 15 64  3  0
 7  0      0 2608636  19236 1643568    0    0     0    32 21514 34696 18 16 64  2  0
 2  0      0 2692692  19240 1645948    0    0     0   352 17495 31018 26 13 59  2  0
 1  0      0 3399536  19252 1647396    0    0     0   484 18909 32369 12 19 68  1  0
 2  0      0 3392088  19252 1648340    0    0     0   356 19862 32741 12 13 74  1  0
 0  1      0 3380860  19252 1649940    0    0     0    48 19421 32418 10 13 76  2  0
 1  0      0 3371940  19252 1651144    0    0     0    44 20081 33458 12 13 74  1  0
 0  0      0 3363496  19252 1652256    0    0     0    32 17802 30894 13 12 75  1  0
 0  0      0 3353572  19264 1653988    0    0     0   236 20299 33847 11 13 74  2  0
 2  0      0 3482948  19264 1654900    0    0     0    12 17453 30565 15 12 72  1  0
 0  0      0 4097380  19264 1654920    0    0     0   356 19231 32257  3 14 83  0  0
 2  0      0 4097380  19264 1654968    0    0     0    36 19457 32498  2 12 86  0  0
 0  0      0 4097384  19264 1655028    0    0     0    28 20567 33860  1 12 87  0  0
 1  0      0 4096880  19272 1655100    0    0     0   200 20909 34661  2 13 85  0  0
 1  0      0 4096632  19272 1655144    0    0     0    28 20341 33612  1 11 88  0  0
 0  0      0 4096632  19272 1655208    0    0     0     8 19748 32926  2 12 87  0  0
 1  0      0 4096404  19272 1655260    0    0     0    64 20283 33670  2 12 86  0  0
 1  0      0 4096072  19272 1655284    0    0     0    24 20309 33308  1 12 87  0  0
 0  0      0 4096440  19280 1655372    0    0     0   360 20039 32969  2 12 86  0  0
procs -----------memory---------- ---swap-- -----io---- -system-- ------cpu-----
 r  b   swpd   free   buff  cache   si   so    bi    bo   in   cs us sy id wa st
 1  0      0 4096440  19280 1655420    0    0     0    44 19778 32921  2 11 87  0  0
 0  0      0 4096440  19280 1655480    0    0     0   284 20623 33944  2 12 87  0  0
 0  0      0 4099472  19280 1655508    0    0     0    36 20900 34369  3 11 86  0  0
 5  0      0 4098560  19280 1655600    0    0     0    24 20337 33488  1 12 87  0  0
 0  0      0 4098560  19292 1655660    0    0     0   468 20808 34511  2 12 86  0  0
 0  0      0 4098560  19292 1655716    0    0     0    32 20201 33081  2 12 86  0  0
 1  0      0 4098560  19292 1655772    0    0     0   168 20051 32956  2 11 87  0  0
 4  0      0 4098312  19292 1655836    0    0     0    32 20369 33966  2 11 87  0  0
 0  0      0 4097856  19292 1655880    0    0     0    32 20312 33301  2 12 86  0  0
 0  0      0 4097624  19304 1655920    0    0     0   216 20416 33902  2 13 85  0  0
 0  0      0 4097372  19304 1655980    0    0     0    16 20052 33140  1 12 87  0  0
 1  0      0 4097628  19304 1656044    0    0     0   148 20336 33639  2 10 88  0  0
 1  0      0 4097628  19304 1656080    0    0     0    76 20119 33112  2 13 86  0  0
 1  0      0 4097376  19308 1656164    0    0     0   160 20053 33143  2 13 85  0  0
 0  0      0 4097376  19320 1656220    0    0     0   532 21155 35418  2 14 84  0  0
 0  0      0 4097376  19320 1656268    0    0     0   160 19924 32860  2 13 86  0  0
 1  0      0 4097376  19320 1656324    0    0     0   120 20220 33022  1 11 88  0  0
 1  0      0 4097124  19320 1656384    0    0     0    28 20877 34624  2 12 86  0  0
 0  0      0 4096872  19320 1656428    0    0     0    36 19724 32601  1 12 87  0  0
 0  0      0 4096872  19332 1656504    0    0     0   228 20274 33369  2 12 86  0  0
 1  0      0 4096872  19332 1656552    0    0     0    52 19872 33236  1 11 87  0  0
procs -----------memory---------- ---swap-- -----io---- -system-- ------cpu-----
 r  b   swpd   free   buff  cache   si   so    bi    bo   in   cs us sy id wa st
 0  0      0 4096872  19332 1656620    0    0     0    16 20635 33866  2 11 87  0  0
 0  0      0 4096872  19332 1656660    0    0     0    24 19735 32720  2 13 86  0  0
