procs -----------memory---------- ---swap-- -----io---- -system-- ------cpu-----
 r  b   swpd   free   buff  cache   si   so    bi    bo   in   cs us sy id wa st
 2  0      0 4424380  42936 1461948    0    0     4     7   17   13  1  1 98  0  0
 0  0      0 4425344  42936 1461980    0    0     0   100 6419 10641  9  7 84  0  0
 0  0      0 4425096  42944 1461992    0    0     0    80 1352 1550  0  1 98  0  0
 0  0      0 4425096  42944 1461992    0    0     0     0 1305 1333  0  1 98  0  0
 0  0      0 4425096  42944 1461996    0    0     0     0 1166 1176  0  1 99  0  0
 0  0      0 4425096  42944 1462004    0    0     0    24  996 1007  0  1 99  0  0
 0  0      0 4425096  42944 1462004    0    0     0    24 1175 1286  1  1 98  0  0
 0  0      0 4424848  42952 1462004    0    0     0   132 1642 1862  1  2 97  0  0
 0  0      0 4424848  42952 1462016    0    0     0     0 1169 1172  1  1 98  0  0
 0  0      0 4424848  42952 1462020    0    0     0     0 1188 1355  1  1 99  0  0
 0  0      0 4424848  42952 1462028    0    0     0     0 1032 1016  1  1 99  0  0
 0  0      0 4424848  42952 1462028    0    0     0    16 2259 3270  1  2 97  0  0
 0  0      0 4424848  42952 1462036    0    0     0    28 1500 1708  0  2 98  0  0
 0  0      0 4424848  42960 1462036    0    0     0    32 1309 1368  0  1 99  0  0
 0  0      0 4424848  42960 1462040    0    0     0     0  979  993  1  1 99  0  0
 0  0      0 4424848  42960 1462040    0    0     0     0  951  944  0  1 99  0  0
 0  0      0 4424848  42960 1462048    0    0     0     0  970  968  0  1 99  0  0
 0  0      0 4424848  42960 1462052    0    0     0    16 1459 1616  1  1 97  0  0
 0  0      0 4424848  42968 1462060    0    0     0    56 1437 1701  0  1 98  0  0
 0  0      0 4424848  42968 1462060    0    0     0     0 1160 1305  0  1 99  0  0
 0  0      0 4424848  42976 1462068    0    0     0    60 1355 1495  1  1 98  0  0
procs -----------memory---------- ---swap-- -----io---- -system-- ------cpu-----
 r  b   swpd   free   buff  cache   si   so    bi    bo   in   cs us sy id wa st
 0  1      0 4415820  42988 1462148    0    0     0   820 7673 12667  7  7 84  2  0
 1  0      0 4397112  43024 1463872    0    0     0   816 6049 9539 10 10 79  1  0
 1  0      0 4229032  43024 1464048    0    0     0     8 1972 2279 15  4 82  0  0
 1  0      0 4203608  43024 1464252    0    0     0    40 1486 1671 16  2 82  0  0
 3  0      0 4183836  43040 1464512    0    0     0   436 4000 5809 19  4 76  1  0
 2  0      0 4157136  43072 1466376    0    0     0  1320 8515 14260 23 13 61  2  0
 2  0      0 4006612  43072 1466904    0    0     0     4 2347 2645 32  4 64  0  0
 2  0      0 3935620  43072 1467432    0    0     0    12 1652 1568 31  3 66  0  0
 2  0      0 3915256  43072 1467868    0    0     0     8 1575 1388 32  2 66  0  0
 2  0      0 3886300  43072 1468196    0    0     0    40 1552 1484 32  2 66  0  0
 2  0      0 3856728  43072 1468308    0    0     0    16 2733 3664 33  4 64  0  0
 2  0      0 3845136  43080 1468540    0    0     0   264 1703 1693 33  2 64  0  0
 2  0      0 3818120  43080 1468808    0    0     0   960 2091 2066 32  3 65  1  0
 2  0      0 3809564  43080 1469040    0    0     0     0 1678 1662 33  2 66  0  0
 2  0      0 3791948  43080 1469420    0    0     0    36 1467 1376 32  2 66  0  0
 2  0      0 3773324  43080 1469704    0    0     0     8 1487 1342 32  3 66  0  0
 2  0      0 3724808  43088 1469940    0    0     0   144 2002 2133 32  3 65  0  0
 1  0      0 3210336  43088 1485096    0    0  1032    32 7425 7707 25  9 64  2  0
 2  0      0 3177572  43088 1488600    0    0     0     0 3464 3572 27  3 70  0  0
 1  0      0 3152900  43088 1492124    0    0     0     0 3341 3360 27  3 70  0  0
 1  0      0 3127896  43088 1495804    0    0     0    36 4494 5642 28  4 68  0  0
procs -----------memory---------- ---swap-- -----io---- -system-- ------cpu-----
 r  b   swpd   free   buff  cache   si   so    bi    bo   in   cs us sy id wa st
 2  0      0 2912412  43096 1511648    0    0     0  5660 8760 9759 19  8 71  2  0
 2  0      0 2483608  43096 1520028    0    0  2004     0 4722 5047 19  7 74  1  0
 1  0      0 2420352  43096 1528820    0    0     0     8 4890 4970 24  4 71  1  0
 1  0      0 2391384  43096 1536496    0    0     0     0 5300 5416 23  4 72  1  0
 2  0      0 2324388  43096 1545504    0    0     0     0 5053 5148 22  4 73  1  0
 3  0      0 2290184  43108 1551504    0    0     0 13016 6474 7914 27  6 64  3  0
 4  0      0 2142248  43132 1557920    0    0     0  1544 9046 14884 39 13 45  3  0
 2  0      0 2997092  43136 1561356    0    0     0    52 2821 2649 39 11 50  0  0
 2  0      0 2825012  43136 1567820    0    0     0     0 3063 2829 29  3 68  0  0
 2  0      0 2752960  43136 1574788    0    0     0     0 4039 4951 31  3 66  0  0
 3  0      0 2650628  43136 1581072    0    0     0     4 3363 3357 29  3 67  0  0
 2  0      0 2420888  43136 1586448    0    0     0    60 2997 2627 29  4 67  0  0
 1  0      0 2352208  43144 1595772    0    0     0   144 2692 2450 31  3 66  1  0
 2  0      0 2245600  43144 1605324    0    0     0     4 3420 3983 30  4 66  1  0
 2  0      0 2104656  43144 1612712    0    0     0     0 2589 2470 30  3 67  0  0
 2  0      0 1986448  43144 1621612    0    0     0   552 3934 4195 30  4 64  1  0
 2  0      0 1825372  43144 1631196    0    0     0     0 3537 3174 29  4 67  1  0
 2  0      0 1734652  43148 1640132    0    0     0   208 2887 2520 30  3 67  1  0
 2  0      0 1651244  43148 1649324    0    0     0    40 3149 2860 30  3 66  0  0
 2  0      0 1489592  43148 1657676    0    0     0     4 5239 6433 30  4 65  1  0
 1  0      0 1377212  43148 1667536    0    0     0     0 2859 2647 29  4 67  1  0
procs -----------memory---------- ---swap-- -----io---- -system-- ------cpu-----
 r  b   swpd   free   buff  cache   si   so    bi    bo   in   cs us sy id wa st
 1  0      0 1223772  43148 1675020    0    0     0   120 3275 3229 30  3 67  0  0
 2  0      0 775140  43152 1681880    0    0     0   100 3257 3363 26  6 68  0  0
 2  1      0 374308  43152 1692268    0    0     0    40 3614 3598 26  5 69  0  0
 3  0      0 244536  43152 1702108    0    0     0    12 2687 2324 25  4 71  1  0
 2  0      0 104240  43152 1711576    0    0     0     0 3642 3832 25  5 70  0  0
 0  1      0 319952  41024 1587912    0    0     0 106520 4792 5819 22 10 53 15  0
 3  0      0 342868  41028 1594456    0    0     0  4888 3609 4044 14  3 40 43  0
 2  0      0 293052  41028 1600996    0    0     0     0 4095 4225 22  3 74  1  0
 1  2      0 269836  40776 1575892    0    0  1116 28724 6246 7935 17  4 60 19  0
 2  0      0 254068  40776 1584804    0    0  4912     0 3994 4221 24  4 70  2  0
 2  0      0 240112  39800 1514264    0    0     0     0 5019 5306 23  5 71  1  0
 2  0      0 221536  37788 1415884    0    0     0 14748 4626 5109 24  9 65  2  0
 2  0      0 240912  34220 1244824    0    0     0     0 4740 5133 22 11 66  1  0
 0  0      0 262924  30792 1048284    0    0     0     0 4824 5264 20 15 64  1  0
 3  0      0 278088  28232 946940    0    0 10632     0 6352 9306 24 13 54  9  0
 2  0      0 2428828  28232 962828    0    0  3968     0 4796 4980 28  5 65  2  0
 1  1      0 2287652  28240 991512    0    0 20608   144 4405 5036 26  4 63  7  0
 2  0      0 3142788  28244 1031984    0    0 34680   156 6435 7905 19  9 64  8  0
 1  0      0 3058380  28248 1040548    0    0   812     0 3942 5442 14  3 83  1  0
 1  0      0 2910448  28248 1049444    0    0     0     0 3008 3021 14  3 82  1  0
 1  0      0 2810136  28248 1061268    0    0   280     0 2860 3113 14  3 82  1  0
procs -----------memory---------- ---swap-- -----io---- -system-- ------cpu-----
 r  b   swpd   free   buff  cache   si   so    bi    bo   in   cs us sy id wa st
 1  0      0 2715048  28256 1069312    0    0     0    72 2782 2725 14  2 83  1  0
 1  0      0 2627296  28256 1080984    0    0     0    36 3163 3324 14  3 83  0  0
 1  0      0 2499164  28256 1089404    0    0  1184    40 3013 3158 13  3 83  1  0
 1  0      0 2369220  28256 1097572    0    0   848     0 3366 3915 15  4 80  1  0
 0  0      0 2221348  28260 1102632    0    0     0     0 2191 1996 13  3 84  0  0
 1  0      0 2103876  28268 1110612    0    0  1660    76 2628 2671 13  3 83  1  0
 1  0      0 1996560  28268 1118048    0    0     0    40 2608 2386 14  3 82  1  0
 0  0      0 1859196  28268 1124240    0    0     0     0 3685 5053 14  4 82  0  0
 1  0      0 1865520  28268 1131332    0    0     0    44 2743 2741 13  2 84  0  0
 1  0      0 1840496  28268 1135468    0    0     0     0 2708 2820 14  2 84  0  0
 1  0      0 1830856  28280 1139032    0    0   304    72 1771 1754 15  1 84  0  0
 1  0      0 1805152  28292 1142536    0    0    12 10408 2449 2664 12  2 84  2  0
 1  0      0 1701868  28292 1147280    0    0     0     8 1629 1653 14  1 84  0  0
 0  0      0 1621224  28296 1154552    0    0     0     0 2556 3071 13  3 84  0  0
 1  0      0 1449888  28296 1160300    0    0     0    36 1762 1747 15  2 84  0  0
 1  0      0 3726040  28304 1162148    0    0     0   116 2333 2675 16  3 81  0  0
 1  1      0 3826404  28324 1162188    0    0    16 69436 2078 2115 17  2 73  9  0
 0  1      0 4833104  28340 1162268    0    0    64 31672 3989 5303  2  8 75 15  0
