procs -----------memory---------- ---swap-- -----io---- -system-- ------cpu-----
 r  b   swpd   free   buff  cache   si   so    bi    bo   in   cs us sy id wa st
 2  0      0 3938716 143944 2361096    0    0     7    41    1    3  2 10 87  1  0
 1  0      0 3944256 143944 2361148    0    0     8     0 10211 17497 13 12 75  0  0
 1  0      0 3944008 143944 2361168    0    0     0     0 5748 9442  1  4 95  0  0
 0  0      0 3944008 143948 2361188    0    0     0   948 6468 10089  1  4 90  5  0
 1  0      0 3943756 143948 2361212    0    0     0   144 5934 9729  2  5 93  0  0
 0  0      0 3943756 143948 2361224    0    0     0    12 4344 7050  1  4 95  0  0
 0  0      0 3943756 143948 2361244    0    0     0    44 4999 8138  1  4 95  0  0
 0  0      0 3943756 143948 2361272    0    0     0     0 6933 11701  2  6 92  0  0
 0  0      0 3943756 143952 2361292    0    0     0   136 5941 9981  2  4 94  0  0
 0  0      0 3943756 143952 2361328    0    0     0    96 5245 8622  3  4 93  0  0
 0  0      0 3943756 143952 2361364    0    0     0    24 5202 8393  1  4 95  0  0
 0  0      0 3943756 143952 2361384    0    0     0    16 5524 9058  1  5 95  0  0
 1  0      0 3935040 143960 2361668    0    0   199   668 9967 16764  7 14 78  1  0
 2  0      0 3905128 143984 2363812    0    0   668  1316 15090 26329 13 21 64  2  0
 4  0      0 3885404 144024 2366560    0    0    24  1596 11740 20588 22 18 58  2  0
 2  0      0 3686476 144024 2367016    0    0    28   140 5250 8434 29  9 62  0  0
 2  0      0 3506680 144024 2367224    0    0     0     4 5098 8041 31  7 63  0  0
 4  0      0 3488560 144024 2367716    0    0     0    20 7047 11461 34  6 60  0  0
 2  0      0 3464140 144024 2368188    0    0     0    72 5091 7972 32  6 62  0  0
 4  0      0 3436104 144028 2368492    0    0     0   248 5296 8332 32  6 62  0  0
 3  0      0 3416436 144028 2368596    0    0     0   120 5205 8226 33  5 63  0  0
procs -----------memory---------- ---swap-- -----io---- -system-- ------cpu-----
 r  b   swpd   free   buff  cache   si   so    bi    bo   in   cs us sy id wa st
 3  0      0 3404868 144028 2368828    0    0     0    16 4894 7760 32  5 63  0  0
 3  0      0 3383964 144028 2369284    0    0     0    16 5097 8144 32  5 63  0  0
 2  0      0 3370360 144028 2369572    0    0     0     8 4999 7940 33  5 63  0  0
 2  0      0 3290536 144032 2382416    0    0   544   604 9950 13358 30  8 60  2  0
 2  0      0 3185160 144032 2394712    0    0     0     0 10590 14536 29  9 60  1  0
 3  0      0 3322628 144032 2394844    0    0     0   156 5278 7658 32  5 63  0  0
 1  0      0 3500372 144032 2394948    0    0     0     8 7300 11790 18  7 74  0  0
 1  0      0 3489536 144032 2395064    0    0     0     0 7132 10899 17  5 78  0  0
 1  0      0 3485264 144032 2395232    0    0     0    16 7127 10759 17  5 79  0  0
 1  0      0 3476948 144040 2395356    0    0     0   216 7202 10900 18  5 77  0  0
 1  0      0 3475384 144040 2395440    0    0     0   252 8392 13135 18  6 75  1  0
 1  0      0 3466816 144040 2395544    0    0     0    92 6947 10429 16  6 78  0  0
 1  0      0 3228172 144040 2395680    0    0     0   228 7923 12242 16 10 74  0  0
13  1      0 3170868 144072 2400868    0    0     0  2972 15421 26187 25 19 53  3  0
 3  0      0 3112484 144152 2406380    0    0     0  1380 13478 24225 31 23 44  2  0
 3  0      0 2972448 144208 2410064    0    0     0   804 8422 13982 40 14 45  1  0
 3  0      0 2774596 144212 2412568    0    0     0   120 7442 11763 44 10 45  0  0
 3  0      0 2699780 144212 2416204    0    0     0    12 6758 10109 44  8 48  1  0
 3  0      0 2637828 144212 2420488    0    0     0     0 6494 9675 45  8 47  0  0
 3  0      0 2611488 144224 2422788    0    0     0   308 8093 12887 47 10 43  0  0
 8  0      0 2550132 144268 2424932    0    0     0  1520 12063 23001 55 22 21  2  0
procs -----------memory---------- ---swap-- -----io---- -system-- ------cpu-----
 r  b   swpd   free   buff  cache   si   so    bi    bo   in   cs us sy id wa st
 7  0      0 2537884 144616 2428128    0    0   208  1432 11324 22037 63 23 13  1  0
 8  0      0 2426024 144704 2430160    0    0     0   784 6318 11106 73 15 12  0  0
 8 18      0 2215064 144720 2427756    0    0     0 12112 5293 9005 79 12  6  3  0
 5  0      0 2354276 144752 2427740    0    0     0  1140 6588 11512 77 14  5  4  0
 4  0      0 2844924 144760 2428408    0    0     0     4 4697 8087 65 12 24  0  0
 4  0      0 2742880 144768 2441616    0    0     0     0 9564 13420 62 13 24  1  0
 4  0      0 2604048 144796 2454620    0    0     0     0 9784 13099 60 12 27  1  0
 4  0      0 2907308 144796 2454892    0    0     0     0 4822 7758 63  8 29  0  0
 3  0      0 2893872 144808 2455200    0    0     0   572 5455 8526 48  8 44  0  0
 3  0      0 2869956 144808 2455584    0    0     0     8 5371 7932 47  7 46  0  0
 3  0      0 2849076 144808 2455964    0    0     0     0 4945 7849 48  7 46  0  0
 7  0      0 2760212 144820 2464996    0    0     0     0 7345 10104 46  9 45  1  0
 6  0      0 2721044 144828 2470028    0    0     0     0 7409 10808 47  8 44  1  0
 3  0      0 2554356 144856 2483884    0    0     0   372 10005 13429 45 12 42  2  0
 6  0      0 2859428 144856 2484000    0    0     0    96 5464 8648 37  8 55  0  0
 2  0      0 2605252 144864 2484728    0    0     0     4 7446 11508 31 10 60  0  0
 2  0      0 2375268 144864 2488892    0    0     0     0 6151 8793 30  6 64  0  0
 1  0      0 2359276 144868 2496160    0    0     0     0 6777 10217 31  6 63  0  0
 5  0      0 2299156 144872 2502700    0    0     0   256 6479 9681 29  6 64  0  0
 1  0      0 2258564 144876 2507908    0    0     0   112 6761 10066 30  6 64  0  0
 2  0      0 2222848 144876 2510064    0    0     0 16772 5876 8845 31  5 64  0  0
procs -----------memory---------- ---swap-- -----io---- -system-- ------cpu-----
 r  b   swpd   free   buff  cache   si   so    bi    bo   in   cs us sy id wa st
 3  0      0 1940608 144884 2515136    0    0     0     4 6043 8980 28  7 65  0  0
 1  1      0 1741600 144884 2524504    0    0   248     0 7681 11230 16  6 65 13  0
 0 35      0 1740000 144888 2527428    0    0     0   668 7848 11452  8  5 34 53  0
 1  0      0 1671944 144896 2531112    0    0     0 16616 18197 27823 11  7 12 70  0
 4  0      0 1442648 144900 2542024    0    0     0    56 9825 13952 24 14 61  1  0
 3  0      0 1346488 144900 2554492    0    0     0    44 9931 14276 25 11 63  1  0
 3  0      0 1235640 144900 2566504    0    0     0     0 8717 11925 22  8 69  1  0
 2  0      0 1121316 144900 2575340    0    0     0     0 8510 12311 22 12 66  0  0
 2 10      0 1012508 144904 2582064    0    0     0 34688 9567 14285 23 13 52 12  0
 4  0      0 908872 144932 2591772    0    0     0  4320 23774 35660  4  3  7 85  0
 3  0      0 795924 144932 2605012    0    0     0    44 8303 11827 26 10 64  1  0
 3  0      0 736600 144932 2617584    0    0     0     0 9278 12927 23  9 67  1  0
 3  0      0 660692 144932 2625304    0    0     0     0 7259 10730 27  9 64  0  0
 3  0      0 609352 144932 2635444    0    0     0     0 7606 11799 28 10 62  1  0
 3  0      0 496604 144940 2639600    0    0     0   520 6095 9450 27  9 63  1  0
 2  0      0 1103420 144940 2646736    0    0     0    68 8012 12549 24 13 63  0  0
 2  0      0 1004368 144940 2653448    0    0     0     0 7008 10423 15  7 78  0  0
 2  0      0 915132 144940 2659184    0    0     0     0 7940 11879 13 10 77  0  0
 2  0      0 804240 144940 2663756    0    0     0     0 7415 11035 11 11 78  0  0
 4  0      0 730600 144948 2668564    0    0     0   716 9367 14683 12 14 71  3  0
 2  0      0 632852 144948 2674944    0    0     0   216 6373 10130 13  8 79  1  0
procs -----------memory---------- ---swap-- -----io---- -system-- ------cpu-----
 r  b   swpd   free   buff  cache   si   so    bi    bo   in   cs us sy id wa st
 2  0      0 613620 144948 2682036    0    0     0    64 6155 9475 13  7 80  0  0
 2  0      0 575124 144948 2686280    0    0     0   140 6702 10448 16  5 79  1  0
 2  0      0 572412 144948 2690220    0    0     0     0 5372 8428 15  4 80  0  0
 2  0      0 536236 144960 2696008    0    0     0   784 7068 10576 14  4 81  1  0
 2  0      0 457460 144960 2703928    0    0     0    60 8672 13269 14  9 77  0  0
 3  0      0 369896 144752 2701232    0    0     0    60 8928 12761 14  7 78  1  0
 2  0      0 409132 144092 2619872    0    0    72    68 5271 8643 12 12 76  0  0
 4  0      0 2750116 144092 2621952    0    0   308     0 6227 10382 14  8 77  0  0
 2  0      0 2750376 144100 2621972    0    0     0   148 5861 9852 18  4 78  0  0
 2  0      0 2750376 144100 2621988    0    0     0    48 4941 8225 17  3 80  0  0
 1  0      0 3675720 144100 2624036    0    0  2028    80 6251 9812  9 10 80  1  0
