procs -----------memory---------- ---swap-- -----io---- -system-- ------cpu-----
 r  b   swpd   free   buff  cache   si   so    bi    bo   in   cs us sy id wa st
 2  0      0 4445580 121296 1351380    0    0     5     6   39   34  1  2 97  0  0
 0  0      0 4444508 121296 1351440    0    0     4    32 10481 17927 13 14 72  0  0
 2  0      0 4444508 121296 1351456    0    0     0     8 5854 9214  1  4 95  0  0
 1  0      0 4444260 121296 1351472    0    0     0   180 6000 9042  1  3 96  0  0
 1  0      0 4443756 121296 1351484    0    0     0    36 6023 9140  1  5 94  0  0
 0  0      0 4443756 121296 1351516    0    0     0    48 5880 9180  2  4 95  0  0
 0  0      0 4443756 121296 1351536    0    0     0    84 5336 8085  1  4 95  0  0
 0  0      0 4443756 121296 1351556    0    0     0    16 6294 9684  3  4 94  0  0
 0  0      0 4443756 121300 1351572    0    0     0    92 5770 8645  1  4 95  0  0
 0  0      0 4443756 121300 1351580    0    0     0   120 5851 9083  2  4 94  0  0
 0  0      0 4443756 121300 1351592    0    0     0     0 5802 9144  1  4 95  0  0
 1  0      0 4443756 121300 1351612    0    0     0    56 6667 10019  1  5 93  0  0
 1  0      0 4443756 121300 1351640    0    0     0    64 6527 9796  1  3 96  0  0
 1  0      0 4443756 121300 1351656    0    0     0   148 5377 8065  1  4 96  0  0
 0  0      0 4443756 121300 1351676    0    0     0     0 6173 9511  2  6 93  0  0
 0  0      0 4443756 121300 1351700    0    0     0    36 5762 8907  1  3 96  0  0
 1  0      0 4443756 121300 1351724    0    0     0    28 5911 8956  1  4 95  0  0
 0  0      0 4443756 121300 1351744    0    0     0    24 6237 9164  2  4 93  0  0
 0  0      0 4443756 121300 1351764    0    0     4   144 6294 9449  1  4 95  0  0
 0  0      0 4443504 121300 1351776    0    0     0     0 6170 9212  2  4 94  0  0
 2  0      0 4443504 121300 1351816    0    0     0     0 5767 8716  1  4 95  0  0
procs -----------memory---------- ---swap-- -----io---- -system-- ------cpu-----
 r  b   swpd   free   buff  cache   si   so    bi    bo   in   cs us sy id wa st
 0  0      0 4443504 121300 1351832    0    0     0    44 5133 7801  1  4 95  0  0
 3  0      0 4436576 121332 1351876    0    0     8   544 9581 15625  5  9 85  1  0
 1  0      0 4426900 121712 1353348    0    0  1420   976 12233 20575  9 15 72  4  0
 1  1      0 4378560 121864 1397764    0    0 44556    72 8599 13714  4 10 74 12  0
 0  1      0 4338504 121864 1437408    0    0 39444     0 7229 11651  1  7 78 13  0
 0  1      0 4283580 121888 1491912    0    0 52348     8 6831 10267  1  7 78 14  0
 0  1      0 4223616 121900 1551424    0    0 61372    40 7367 11096  1  6 79 14  0
 1  1      0 4166688 121900 1610112    0    0 58700   504 6917 10539  1  7 78 14  0
 2  1      0 4102692 121928 1673252    0    0 62868    12 7869 12125  2  8 77 13  0
 1  0      0 4061600 122208 1722456    0    0 49024   748 9659 15808  5 12 71 12  0
 2  1      0 4002992 122248 1736276    0    0 13024  1108 13750 23470 18 16 59  7  0
 1  1      0 3949904 122364 1781972    0    0 44072   740 12820 20735 12 16 58 15  0
 4  0      0 3674688 122364 1802688    0    0 20464     8 6631 9963 26  8 62  4  0
 2  0      0 3570820 122372 1805820    0    0  2872     8 5989 9568 30  7 62  2  0
 2  0      0 3552928 122384 1809084    0    0  2944    80 6240 9786 28  7 63  3  0
 2  0      0 3528784 122408 1812300    0    0  2864    48 6311 9887 27  7 62  4  0
 2  0      0 3514180 122428 1812736    0    0    52   268 5778 9047 32  6 62  0  0
 3  0      0 3470292 122472 1813036    0    0   216     0 5313 8221 31  5 63  1  0
 2  0      0 3461776 122812 1813276    0    0   408    32 5971 9445 31  6 63  1  0
 2  0      0 3452224 122936 1815032    0    0  1460   128 5664 8858 30  5 63  1  0
 2  0      0 3422224 122976 1815344    0    0    64     8 5156 7926 32  5 63  0  0
procs -----------memory---------- ---swap-- -----io---- -system-- ------cpu-----
 r  b   swpd   free   buff  cache   si   so    bi    bo   in   cs us sy id wa st
 2  0      0 3418216 123004 1815536    0    0    24   244 5835 9469 34  4 62  0  0
 3  0      0 3399820 123052 1815696    0    0    56    32 5337 8270 32  5 63  0  0
 2  0      0 3386992 123116 1815980    0    0    64    16 5573 8753 33  6 61  0  0
 2  0      0 3377416 123184 1816284    0    0   120    12 5343 8258 31  6 63  0  0
 2  0      0 3364436 123196 1816496    0    0    84    40 4972 7925 32  5 63  0  0
 2  0      0 3342260 123216 1821080    0    0  4396   224 7847 12425 35  8 56  2  0
 3  0      0 3209468 123228 1830184    0    0  8367  1236 12323 21447 34 18 43  5  0
 3  1      0 2433376 123232 1865776    0    0  6504   788 17210 22214 25 25 43  7  0
 3  0      0 2040472 123232 1880164    0    0  7700  1848 8125 11407 34 11 54  2  0
 3  0      0 1953460 123232 1895448    0    0  5208     0 7806 10825 37  7 55  1  0
 2  0      0 1901880 123232 1904524    0    0  1256     4 9824 14053 37  8 54  1  0
 4  0      0 1825012 123232 1915444    0    0     0    92 9100 12599 38  8 54  1  0
 3  0      0 1760216 123232 1924008    0    0     0  1836 10036 14301 38 14 47  1  0
 3  0      0 1703996 123232 1930124    0    0     0    12 8686 11778 39  7 54  1  0
 6  1      0 1586268 123240 1938336    0    0     0   608 9474 13849 40 11 48  1  0
 5  0      0 1498028 123252 1948568    0    0     4  1168 11067 18872 52 14 33  2  0
 5  0      0 2112176 123256 1956072    0    0   500   724 7525 12805 54 12 33  1  0
 2  0      0 2083324 123256 1961808    0    0     4    28 6687 9625 43 14 43  0  0
 3  0      0 1838172 123256 1967360    0    0     0    24 6268 8942 46  6 48  0  0
 2  0      0 1762716 123256 1980576    0    0  3588     0 7001 9881 46  8 45  1  0
 5  0      0 1646472 123256 1989936    0    0     0     4 6684 9770 45  8 47  0  0
procs -----------memory---------- ---swap-- -----io---- -system-- ------cpu-----
 r  b   swpd   free   buff  cache   si   so    bi    bo   in   cs us sy id wa st
 2  0      0 1417996 123256 1996904    0    0     0   336 6308 9461 44  9 46  1  0
 1  0      0 828484 123256 2003648    0    0     0    20 6887 9979 39 10 50  0  0
 3  0      0 738220 123256 2014372    0    0     0 58788 7571 10915 38  8 52  2  0
 3  2      0 584900 123256 2027816    0    0     0  3768 7479 10500 40  7 34 19  0
 2  2      0 511668 123256 2037468    0    0     0   804 6347 9476 40  6 31 24  0
 1 19      0 343088 123260 2045512    0    0     0   596 6744 9686 35  6 16 43  0
 2  0      0 150172 123260 2072348    0    0     0 10272 31111 41170 15  4 12 69  0
 3  8      0 140412 102764 1658716    0    0  4708 15096 10457 14600 22 21 31 25  0
 4  1      0 170944  88408 1395040    0    0  5488 24712 9308 13002 25 21 51  3  0
 4  0      0 139800  86812 1375624    0    0  3192  9356 7757 11407 35  9 45 12  0
 7  0      0 126060  84748 1378232    0    0 33904  5076 9991 14622 29  9 52  9  0
 5  1      0 108492  72720 1307084    0    0 35968 10000 9829 12952 20 14 44 22  0
 2  1      0  87744  62192 1232176    0    0 56812     0 10080 13492 26 14 43 16  0
 2  1      0  91192  54620 1176556    0    0 52600     0 13393 16405 20 14 37 29  0
 2  0      0 852904  50024 1146712    0    0 30264   220 11583 17311 24 17 40 19  0
 3  0      0 768752  50316 1161736    0    0  7028     0 8262 12033 22  8 68  3  0
 2  0      0 781548  50320 1168592    0    0   108    36 8783 12492 23  6 70  1  0
 1  0      0 755420  50324 1174440    0    0  1716   144 6104 8990 31  4 65  0  0
 2  0      0 1595084  50324 1205092    0    0 27664     0 7894 11358 21  9 65  6  0
 1  0      0 1499892  50336 1212372    0    0  1868   228 8563 12318 14  4 81  1  0
 2  0      0 1454420  50336 1220748    0    0     0     0 9419 13105 12  6 81  1  0
procs -----------memory---------- ---swap-- -----io---- -system-- ------cpu-----
 r  b   swpd   free   buff  cache   si   so    bi    bo   in   cs us sy id wa st
 1  0      0 1332472  50336 1229444    0    0    84     0 8439 12200 13  5 81  1  0
 1  0      0 2261764  50364 1245360    0    0  8488    92 7779 11208 16  6 74  5  0
 1  0      0 3258784  50364 1248888    0    0  3876    12 7964 11674 17  6 75  2  0
 5  0      0 3250112  50372 1257752    0    0  8384   252 9199 13860 19  5 75  2  0
 1  0      0 4577576  50372 1260696    0    0  3268     0 8098 12192 13 11 73  2  0
 1  0      0 4576820  50372 1261520    0    0   464     0 6541 9939  1  4 95  0  0
 1  0      0 4576820  50376 1261632    0    0     4  7504 5677 8746  1  4 95  0  0
 2  0      0 4576320  50376 1261656    0    0     0    24 6295 9791  2  4 94  0  0
 1  0      0 4576080  50384 1261664    0    0     0   392 5707 9239  1  4 95  1  0
 2  0      0 4576080  50384 1261684    0    0     0     0 5493 8520  1  4 95  0  0
 1  0      0 4576080  50384 1261716    0    0     0     0 5644 8673  1  5 94  0  0
 1  0      0 4574568  50384 1263620    0    0  2048    32 5689 8702  1  3 96  0  0
 1  0      0 4574316  50384 1263800    0    0     0    32 5562 8772  2  6 91  0  0
 4  0      0 4574068  50392 1263804    0    0     4    72 7771 12791  3  6 92  0  0
 1  0      0 4574068  50392 1263848    0    0     0   352 5879 8759  2  7 91  0  0
 2  0      0 4560916  50392 1266608    0    0  2820     0 6641 10147  3  6 89  2  0
