procs -----------memory---------- ---swap-- -----io---- -system-- ------cpu-----
 r  b   swpd   free   buff  cache   si   so    bi    bo   in   cs us sy id wa st
 2  0      0 4188376 170212 1771424    0    0     2     7    2   11  1  1 98  0  0
 0  0      0 4188700 170212 1771464    0    0     0   180 6447 11294 12  8 79  0  0
 0  0      0 4188700 170212 1771464    0    0     0     0 1260 1525  1  1 99  0  0
 0  0      0 4188448 170212 1771472    0    0     0     0 1376 1637  0  1 98  0  0
 0  0      0 4188448 170212 1771472    0    0     0     0 1301 1629  0  1 99  0  0
 0  0      0 4188448 170212 1771472    0    0     0    24 1567 2058  1  2 97  0  0
 0  0      0 4188448 170212 1771484    0    0     0    72 2439 3767  2  2 97  0  0
 0  0      0 4188448 170212 1771484    0    0     0     0 1119 1346  0  1 99  0  0
 0  0      0 4188448 170212 1771492    0    0     0     0 1633 2046  1  1 98  0  0
 0  0      0 4188620 170212 1771492    0    0     0     0 1255 1480  1  1 99  0  0
 0  0      0 4188460 170212 1771500    0    0     0     0 2032 2957  1  1 98  0  0
 0  0      0 4188460 170212 1771504    0    0     0    88 1994 2617  1  1 98  0  0
 2  0      0 4188460 170212 1771512    0    0     0    28 1424 1739  0  1 99  0  0
 1  0      0 4188460 170212 1771512    0    0     0     0 1455 1722  1  1 98  0  0
 0  0      0 4188460 170212 1771516    0    0     0     0 1174 1372  1  1 99  0  0
 0  0      0 4188460 170212 1771516    0    0     0     0 1315 1546  1  2 98  0  0
 0  0      0 4188460 170212 1771524    0    0     0    40 1423 1782  1  1 98  0  0
 0  0      0 4188460 170212 1771528    0    0     0    16 1209 1336  0  1 99  0  0
 0  0      0 4188460 170212 1771536    0    0     0    24 2231 3033  1  2 97  0  0
 0  0      0 4188460 170212 1771536    0    0     0     0 1301 1532  1  1 99  0  0
 2  0      0 4188180 170212 1771544    0    0     0     0 4498 6914  7  5 88  0  0
procs -----------memory---------- ---swap-- -----io---- -system-- ------cpu-----
 r  b   swpd   free   buff  cache   si   so    bi    bo   in   cs us sy id wa st
 1  0      0 4188524 170216 1771556    0    0     0    84 7313 12263 11  7 81  0  0
 0  0      0 4184472 170216 1771560    0    0     0     4 4533 7495  8  5 87  0  0
 0  0      0 4188280 170216 1771572    0    0     0    12 3460 5193  5  4 91  0  0
 0  0      0 4188280 170216 1771576    0    0     0    36 1177 1319  0  1 99  0  0
 0  0      0 4188280 170216 1771576    0    0     0     0 1325 1619  1  2 98  0  0
 0  0      0 4190268 170216 1771592    0    0     0    80 1628 2067  1  1 98  0  0
 1  0      0 4190268 170216 1771592    0    0     0     8 1269 1535  1  1 98  0  0
 0  0      0 4190268 170216 1771592    0    0     0     0 1730 2227  1  2 98  0  0
 0  0      0 4190268 170216 1771600    0    0     0    12 1433 1735  1  1 99  0  0
 0  0      0 4190268 170216 1771600    0    0     0    24 2125 3058  1  2 97  0  0
 0  0      0 4190268 170216 1771612    0    0     0   128 2018 2729  1  2 97  0  0
 0  0      0 4190268 170216 1771612    0    0     0     0 1362 1656  1  1 99  0  0
 0  0      0 4190016 170216 1771616    0    0     0     8 1760 2083  1  2 98  0  0
 1  0      0 4190016 170216 1771620    0    0     0     4 1300 1549  0  1 99  0  0
 0  0      0 4190016 170216 1771632    0    0     0    32 1323 1593  1  2 97  0  0
 0  0      0 4189768 170216 1771632    0    0     0    64 2630 3943  1  2 97  0  0
 2  0      0 4187028 170216 1771636    0    0     0     0 1746 2128  3  2 95  0  0
 0  0      0 4186196 170216 1771652    0    0     0     4 6359 10532 12 10 79  0  0
 0  0      0 4186124 170216 1771664    0    0     0     0 4927 8216 10  7 83  0  0
 0  0      0 4187984 170216 1771672    0    0     0    36 3742 5862  5  4 91  0  0
 0  0      0 4187984 170220 1771672    0    0     0   116 2342 3354  1  1 98  0  0
procs -----------memory---------- ---swap-- -----io---- -system-- ------cpu-----
 r  b   swpd   free   buff  cache   si   so    bi    bo   in   cs us sy id wa st
 0  0      0 4187984 170220 1771680    0    0     0     0 1247 1494  0  1 99  0  0
 0  0      0 4187984 170220 1771684    0    0     0    12 1692 2135  1  1 98  0  0
 0  0      0 4187984 170220 1771692    0    0     0     8 1207 1422  0  1 99  0  0
 0  0      0 4187984 170220 1771696    0    0     0     0 1396 1684  1  2 97  0  0
 0  0      0 4187984 170220 1771700    0    0     0   108 1420 1772  1  1 98  0  0
 0  0      0 4187984 170220 1771704    0    0     0     8 1159 1307  1  1 99  0  0
 0  0      0 4187984 170220 1771704    0    0     0     0 1915 2577  1  2 98  0  0
 0  0      0 4187984 170220 1771716    0    0     0     8 1291 1569  0  1 98  0  0
 0  0      0 4187984 170220 1771720    0    0     0     0 2098 3032  1  2 98  0  0
 0  0      0 4187736 170220 1771724    0    0     0   152 2690 4155  1  2 97  0  0
 0  0      0 4187512 170220 1771724    0    0     0     4 1596 1976  1  1 98  0  0
 0  0      0 4187512 170220 1771732    0    0     0     8 1567 1906  1  2 98  0  0
 1  0      0 4187512 170220 1771736    0    0     0     4 1649 1974  1  1 97  0  0
 0  0      0 4190900 170220 1771752    0    0     0     0 7252 11949 15 10 74  0  0
 0  0      0 4195736 170224 1771756    0    0     0    88 5524 8827 10  7 83  0  0
 0  0      0 4197964 170224 1771768    0    0     0     0 2990 4455  4  5 92  0  0
 0  0      0 4197724 170224 1771772    0    0     0     4 2006 2622  1  2 98  0  0
 0  0      0 4197724 170224 1771776    0    0     0     8 1260 1506  1  1 99  0  0
 0  0      0 4197724 170224 1771784    0    0     0    20 2310 3406  1  2 97  0  0
 0  0      0 4197724 170224 1771788    0    0     0   172 1870 2489  2  1 97  0  0
 0  0      0 4197724 170224 1771792    0    0     0     0 1266 1407  0  1 99  0  0
procs -----------memory---------- ---swap-- -----io---- -system-- ------cpu-----
 r  b   swpd   free   buff  cache   si   so    bi    bo   in   cs us sy id wa st
 0  0      0 4197724 170224 1771792    0    0     0     0 1670 1997  1  1 98  0  0
 0  0      0 4197484 170224 1771796    0    0     0     4 1355 1633  0  1 99  0  0
 0  0      0 4197484 170224 1771808    0    0     0    20 1440 1606  2  2 97  0  0
 0  0      0 4197484 170232 1771812    0    0     0    88 2436 3495  1  2 97  0  0
 0  0      0 4197484 170232 1771816    0    0     0     0 1154 1213  0  1 98  0  0
 1  0      0 4197484 170232 1771816    0    0     0     0 1874 2293  2  1 97  0  0
 0  0      0 4197484 170232 1771820    0    0     0     0 1306 1484  1  1 98  0  0
 0  0      0 4197484 170232 1771828    0    0     0     4 1881 2596  1  1 98  0  0
 0  0      0 4197232 170236 1771832    0    0     0   116 2194 2991  1  2 97  0  0
 1  0      0 4189208 170236 1771844    0    0     0     0 8018 13179 18 11 71  0  0
 0  0      0 4190568 170236 1771856    0    0     0     0 6000 9848 11  8 82  0  0
 0  0      0 4191072 170236 1771856    0    0     0     0 2941 4455  5  4 92  0  0
 0  0      0 4191072 170236 1771864    0    0     0     0 1415 1681  1  2 97  0  0
 0  0      0 4191324 170240 1771868    0    0     0    96 1593 2005  1  1 98  0  0
 0  0      0 4191324 170240 1771872    0    0     0    16 1206 1385  1  1 99  0  0
 0  0      0 4191324 170240 1771872    0    0     0     0 2280 3064  1  2 98  0  0
 0  0      0 4191324 170240 1771876    0    0     0     0 1478 1828  1  1 98  0  0
 0  0      0 4191084 170240 1771884    0    0     0     0 2220 3275  1  1 98  0  0
 0  0      0 4191084 170248 1771892    0    0     0   156 3044 4713  2  2 96  1  0
 0  0      0 4191084 170248 1771896    0    0     0    12 1613 2122  1  1 98  0  0
 0  0      0 4193296 170248 1771896    0    0     0     8 1716 2068  1  2 98  0  0
procs -----------memory---------- ---swap-- -----io---- -system-- ------cpu-----
 r  b   swpd   free   buff  cache   si   so    bi    bo   in   cs us sy id wa st
 0  0      0 4193296 170248 1771900    0    0     0     0 1264 1419  0  1 99  0  0
 0  0      0 4193296 170248 1771908    0    0     0     0 1507 1918  1  2 97  0  0
 0  0      0 4193296 170248 1771912    0    0     0    84 1488 1894  1  1 98  0  0
 0  0      0 4193296 170248 1771916    0    0     0     4 1097 1204  0  1 99  0  0
 0  0      0 4193296 170248 1771916    0    0     0     4 1959 2525  1  2 97  0  0
 0  0      0 4196728 170248 1771944    0    0     0     8 6607 10804 13 10 76  0  0
 0  0      0 4190172 170248 1771956    0    0     0     0 6144 10685 12  7 81  0  0
 1  0      0 4194340 170248 1771952    0    0     0    96 3670 6060  6  4 90  0  0
 0  0      0 4194340 170248 1771960    0    0     0     8 1573 2045  1  1 98  0  0
 0  0      0 4194380 170248 1771960    0    0     0     0 1920 2511  1  1 98  0  0
 0  0      0 4194156 170248 1771964    0    0     0    20 1286 1517  1  1 99  0  0
 0  0      0 4194156 170248 1771972    0    0     0    12 1325 1528  1  2 98  0  0
 0  0      0 4193428 170248 1771976    0    0     0    76 2413 3561  2  1 97  0  0
 0  0      0 4193428 170248 1771984    0    0     0    48 1082 1229  1  1 99  0  0
 0  0      0 4193428 170248 1771988    0    0     0     8 1882 2372  2  2 97  0  0
 1  0      0 4193428 170248 1771988    0    0     0     0 1573 2041  1  1 98  0  0
 0  0      0 4193428 170248 1771996    0    0     0     4 1942 2743  1  1 98  0  0
 0  0      0 4193188 170256 1772000    0    0     0   128 2128 3001  1  2 97  0  0
 0  0      0 4193188 170256 1772004    0    0     0    20 1129 1294  0  1 99  0  0
 0  0      0 4193188 170256 1772008    0    0     0     0 1645 1999  0  1 98  0  0
 0  0      0 4193188 170256 1772012    0    0     0     4 1370 1613  0  1 98  0  0
procs -----------memory---------- ---swap-- -----io---- -system-- ------cpu-----
 r  b   swpd   free   buff  cache   si   so    bi    bo   in   cs us sy id wa st
 0  0      0 4193188 170256 1772016    0    0     0     0 1426 1746  1  2 98  0  0
 0  0      0 4198100 170256 1772036    0    0     0    60 6709 10907 15  9 77  0  0
 0  0      0 4194784 170256 1772048    0    0     0    40 5027 8016 10  7 83  0  0
 3  0      0 4196492 170256 1772048    0    0     0     0 3014 4614  4  4 92  0  0
 0  0      0 4196268 170256 1772052    0    0     0     8 1915 2617  2  2 96  0  0
 0  0      0 4196268 170256 1772060    0    0     0     0 2093 3059  2  2 97  0  0
 0  0      0 4196268 170260 1772064    0    0     0   156 3057 4706  2  2 96  0  0
 0  0      0 4196268 170260 1772068    0    0     0    32 1467 1798  1  1 98  0  0
 0  0      0 4196284 170260 1772068    0    0     0     8 1673 2037  1  2 98  0  0
 0  0      0 4196284 170260 1772076    0    0     0     8 1269 1522  0  1 99  0  0
 1  0      0 4196284 170260 1772084    0    0     0     0 1344 1605  1  2 97  0  0
 0  0      0 4196284 170260 1772088    0    0     0    60 1584 1960  1  1 98  0  0
 0  0      0 4196284 170260 1772092    0    0     0    20 1053 1182  1  0 99  0  0
 0  0      0 4196032 170260 1772092    0    0     0     4 2230 3067  1  2 97  0  0
 0  0      0 4195792 170260 1772096    0    0     0     8 1049 1118  0  1 99  0  0
 0  0      0 4195792 170260 1772104    0    0     0     4 2013 2863  1  1 98  0  0
 0  0      0 4195552 170260 1772108    0    0     0    84 1742 2368  1  1 97  0  0
 0  0      0 4195552 170260 1772116    0    0     0    20 1252 1507  0  1 99  0  0
 2  0      0 4193144 170260 1772116    0    0     0     0 4608 7341 11  7 83  0  0
 2  0      0 4187584 170260 1772124    0    0     0     4 6092 10503 11  7 82  0  0
 0  0      0 4187696 170260 1772144    0    0     0    20 4128 6550  7  5 88  0  0
procs -----------memory---------- ---swap-- -----io---- -system-- ------cpu-----
 r  b   swpd   free   buff  cache   si   so    bi    bo   in   cs us sy id wa st
 0  0      0 4189224 170260 1772148    0    0     0    72 4360 7025  6  4 90  0  0
 0  0      0 4189224 170260 1772152    0    0     0    32 1077 1156  0  1 99  0  0
 1  0      0 4189224 170260 1772156    0    0     0     8 2066 2836  1  2 98  0  0
 0  0      0 4188984 170260 1772160    0    0     0     0 1542 1840  1  1 98  0  0
 0  0      0 4188496 170260 1772168    0    0     0     4 1993 2798  1  2 97  0  0
 0  0      0 4188244 170260 1772172    0    0     0   136 2115 2833  1  1 95  2  0
 0  0      0 4188244 170260 1772176    0    0     0    20 1314 1586  0  1 99  0  0
 0  0      0 4188244 170260 1772180    0    0     0     0 1307 1557  0  1 99  0  0
 0  0      0 4188020 170260 1772188    0    0     0     0 1931 2548  1  2 98  0  0
 0  0      0 4188020 170260 1772192    0    0     0     0 1393 1744  1  1 97  0  0
 0  0      0 4188020 170260 1772196    0    0     0    68 1574 2040  1  1 98  0  0
 2  0      0 4184928 170260 1772208    0    0     0     8 5483 8882 12  8 80  0  0
 4  0      0 4185032 170260 1772220    0    0     0    28 6578 10826 11  7 81  0  0
 0  0      0 4184828 170260 1772240    0    0     0     0 2637 4041  2  3 95  0  0
 0  1      0 4184100 170260 1772228    0    0     0   120 5442 8581  8  5 86  1  0
 1  0      0 4172052 170264 1772512    0    0     0  1048 9959 16712  8  9 74  8  0
 1  0      0 4149984 170264 1774532    0    0     0   588 4806 7221 12  7 80  1  0
 1  0      0 3983216 170264 1774620    0    0     0     8 1840 1955 15  3 82  0  0
 1  0      0 3967856 170264 1774880    0    0     0    40 1797 2130 16  2 82  0  0
 1  0      0 3950420 170264 1775204    0    0     0     4 1547 1841 16  3 81  0  0
 1  0      0 3937356 170264 1775324    0    0     0   404 1695 1925 16  2 82  0  0
procs -----------memory---------- ---swap-- -----io---- -system-- ------cpu-----
 r  b   swpd   free   buff  cache   si   so    bi    bo   in   cs us sy id wa st
 1  0      0 3922168 170264 1775344    0    0     0   144 1424 1489 16  2 82  0  0
 1  0      0 3914104 170264 1775596    0    0     0     8 2197 2702 16  2 82  0  0
 1  0      0 3907816 170264 1775824    0    0     0    12 2079 2119 17  2 81  0  0
 1  0      0 3899500 170264 1775924    0    0     0    28 2766 3374 17  2 81  0  0
 1  0      0 3885844 170264 1776088    0    0     0    32 2398 2613 17  2 81  0  0
 2  0      0 3883612 170268 1776152    0    0     0   288 5500 9934 28  9 63  0  0
 1  0      0 3862840 170268 1776256    0    0     0    28 4677 8087 25  7 67  0  0
 1  0      0 3856832 170268 1777480    0    0  1064    80 3770 6529 22  5 73  1  0
 2  0      0 3821876 170268 1777936    0    0     0   976 7300 11712 22  9 66  3  0
 2  0      0 3815900 170272 1780196    0    0     0   624 6473 10104 29  9 62  1  0
 2  0      0 3533316 170272 1794040    0    0     0     0 7008 7146 28  7 64  2  0
 2  0      0 3072048 170272 1795972    0    0     0     8 3909 4336 26  7 67  0  0
 2  0      0 3036340 170272 1799776    0    0     0     0 3745 3781 26  4 70  0  0
 1  0      0 3005860 170272 1803116    0    0     0  3048 4302 5031 27  3 70  0  0
 2  0      0 2976964 170272 1806884    0    0     0   196 4337 4941 27  3 69  1  0
 2  0      0 2957948 170272 1810364    0    0     0    36 3642 3504 26  3 70  0  0
 2  0      0 2934312 170272 1813952    0    0     0     8 3303 3067 26  4 71  0  0
 2  0      0 2912512 170272 1817096    0    0     0     0 3555 3760 27  3 70  0  0
 4  0      0 2880940 170272 1820928    0    0     0   580 4920 6180 30  8 61  1  0
 5  0      0 2857132 170272 1825184    0    0     0   196 6790 10260 34  8 57  1  0
 2  0      0 2841244 170272 1825460    0    0     0     8 3990 6876 42  7 52  0  0
procs -----------memory---------- ---swap-- -----io---- -system-- ------cpu-----
 r  b   swpd   free   buff  cache   si   so    bi    bo   in   cs us sy id wa st
 2  0      0 3009096 170272 1825604    0    0     0    40 3981 6278 38  5 57  0  0
 1  0      0 3786584 170272 1825740    0    0     0     4 2101 2012 17  8 76  0  0
 1  0      0 3781344 170272 1825860    0    0     0    12 2932 3769 17  2 81  0  0
 0  0      0 3735512 170276 1825968    0    0     0   152 3799 5324 17  3 80  0  0
 1  0      0 3185076 170276 1839744    0    0     0     4 7722 8232 10  9 80  2  0
 1  0      0 3113376 170276 1846164    0    0     0     8 2719 2915 14  2 83  0  0
 1  0      0 3098640 170276 1851724    0    0     0     8 4090 5072 13  2 84  0  0
 1  0      0 3042836 170276 1856996    0    0     0   144 3230 3539 12  3 85  0  0
 1  0      0 3024648 170276 1861556    0    0     0   144 3109 3377 12  2 85  1  0
 1  0      0 2983388 170276 1864784    0    0     0     0 2566 2728 13  2 85  0  0
 1  0      0 2945740 170276 1867500    0    0     0     4 2414 2780 16  2 82  0  0
 0  0      0 2859364 170276 1876936    0    0     0    20 3404 3640 12  3 84  0  0
 1  0      0 2824224 170276 1882108    0    0     0    84 3764 5019 13  3 84  0  0
 2  0      0 2665840 170276 1887796    0    0     0   132 3118 3702 14  3 83  1  0
 1  1      0 2568496 170276 1896520    0    0     0     0 2873 2944 15  2 83  0  0
 1  0      0 2430504 170276 1905212    0    0     0     0 3378 3617 14  3 83  0  0
 1  0      0 2292412 170276 1913496    0    0     0     8 2863 3099 13  3 84  0  0
 1  0      0 2207068 170276 1920064    0    0     0    92 2979 3295 14  5 81  1  0
 1  1      0 2101596 170276 1930484    0    0     0    88 4886 6310 14  4 81  1  0
 1  0      0 2000260 170276 1939316    0    0     0     0 2340 2267 15  2 83  0  0
 1  0      0 1800520 170276 1947844    0    0     0     0 3295 3712 14  3 82  1  0
procs -----------memory---------- ---swap-- -----io---- -system-- ------cpu-----
 r  b   swpd   free   buff  cache   si   so    bi    bo   in   cs us sy id wa st
 1  0      0 1716116 170276 1956804    0    0     0     0 3230 3623 14  3 83  0  0
 1  0      0 1700288 170276 1969828    0    0     0    48 4020 4908 14  3 82  0  0
 0  0      0 1487304 170276 1975640    0    0     0  1320 3400 4162 15  3 82  1  0
 0  0      0 1371620 170276 1983068    0    0     0     0 2635 3021 14  2 84  0  0
 1  0      0 1274356 170276 1989028    0    0     0     0 2408 2555 14  2 83  0  0
 1  0      0 1137548 170276 1997280    0    0     0     0 3147 3449 15  3 82  0  0
 1  0      0 1008828 170276 2002496    0    0     0     0 2780 3166 14  4 83  0  0
 1  1      0 904776 170276 2009976    0    0     0 64744 3075 3668 14  4 82  1  0
 1  0      0 907480 170276 2017796    0    0     0  2680 3459 3499 13  3 82  2  0
 1  0      0 876556 170276 2022984    0    0     0     0 3179 3729 15  2 83  0  0
 1  0      0 871880 170276 2026228    0    0     0     0 2863 3265 13  2 85  0  0
 1  0      0 805396 170276 2031024    0    0     0   128 4200 5457 13  3 84  0  0
 1  0      0 745788 170276 2039004    0    0     0  1392 4483 6214 15  3 82  1  0
 1  0      0 664200 170276 2050696    0    0     0 56312 4585 5307 12  3 84  0  0
 1  0      0 496724 170276 2056596    0    0     0     8 2494 2569 15  2 83  0  0
 1  0      0 2841900 170276 2058452    0    0     0     0 1775 1934 17  2 81  0  0
 1  0      0 3627696 170276 2058456    0    0     0    32 2492 3075 16  4 80  0  0
 0  0      0 3872848 170280 2058464    0    0     0   532 1996 2422  1  4 94  1  0
