procs -----------memory---------- ---swap-- -----io---- -system-- ------cpu-----
 r  b   swpd   free   buff  cache   si   so    bi    bo   in   cs us sy id wa st
 3  0      0 4725108  69372 1664772    0    0     6    33    8    7  2  9 89  0  0
 6  0      0 4720004  69372 1664504    0    0     0     0 24401 43561 12 19 69  0  0
 0  0      0 4722000  69380 1664704    0    0   144     0 23290 39862  2 14 84  0  0
 0  0      0 4721528  69380 1664852    0    0     0     0 22575 38503  2 14 84  0  0
 1  0      0 4721276  69380 1664932    0    0     0     0 23368 39500  2 14 84  0  0
 2  0      0 4721276  69388 1665040    0    0     0  1520 24006 40375  3 15 82  0  0
 1  0      0 4721052  69388 1665120    0    0     0   104 23289 39639  2 16 82  0  0
 0  0      0 4721052  69388 1665204    0    0     0     0 23536 39808  1 16 83  0  0
 1  0      0 4720812  69388 1665304    0    0     0     0 23895 40717  3 16 82  0  0
 1  0      0 4720320  69388 1665392    0    0     0     0 22712 38930  2 16 82  0  0
 0  0      0 4720320  69392 1665476    0    0     0  1840 23847 40265  2 15 76  7  0
 1  0      0 4720320  69392 1665628    0    0     0   416 23856 40060  1 15 84  0  0
 0  0      0 4720320  69392 1665796    0    0     0     8 23499 39827  2 15 83  0  0
 1  0      0 4717156  69404 1665856    0    0    12   236 25189 41852  3 16 80  1  0
 1  0      0 4717156  69416 1665988    0    0    12    44 23527 39811  3 15 82  0  0
 1  0      0 4716692  69424 1666088    0    0     0   756 23695 39405  3 16 81  1  0
 2  0      0 4716228  69424 1666176    0    0     0   472 23267 39328  2 14 84  0  0
 0  0      0 4716228  69424 1666272    0    0     0   220 23455 39714  2 15 82  0  0
 0  0      0 4715740  69424 1666360    0    0     0     4 23429 39890  2 15 83  0  0
 0  0      0 4715740  69424 1666444    0    0     0     0 23010 39226  2 15 84  0  0
 0  0      0 4715740  69428 1666536    0    0     0   588 22984 38904  2 16 81  1  0
procs -----------memory---------- ---swap-- -----io---- -system-- ------cpu-----
 r  b   swpd   free   buff  cache   si   so    bi    bo   in   cs us sy id wa st
 0  0      0 4715740  69428 1666684    0    0     0   324 23453 39437  2 15 84  0  0
 2  0      0 4699716  69444 1669916    0    0  3144  1452 26291 45001  9 22 63  6  0
 3  1      0 4664764  69692 1675496    0    0  5064  2100 29615 53837 13 29 53  5  0
 1  2      0 4608244  69832 1724612    0    0 48136     8 25741 43432  5 21 53 21  0
 0  2      0 4565176  69832 1769892    0    0 44744  1192 25195 41857  3 18 52 27  0
 0  2      0 4513048  69832 1820744    0    0 50220   212 25385 42199  2 18 53 27  0
 0  3      0 4499948  69860 1860972    0    0 39232  1928 26532 43924  3 20 51 26  0
 6  2      0 4440292  69932 1870412    0    0  8676   212 22454 39608 24 18 49  9  0
 5  0      0 4402012  69952 1893136    0    0 22496    40 28047 45584  8 18 52 22  0
 2  0      0 4109116  69952 1894320    0    0   864   308 18630 34740 31 16 53  1  0
 2  0      0 4081672  69960 1894840    0    0   228   600 18567 34976 32 14 53  1  0
 2  1      0 4060796  69984 1895692    0    0   280  1020 21904 38657 31 17 51  1  0
 5  0      0 4015984  70016 1896328    0    0    92  1348 23502 41391 37 20 41  2  0
14  0      0 3947308  70064 1909100    0    0  2780  2468 24243 45771 41 27 27  5  0
 4  2      0 3778912  70084 1927900    0    0  6992  1408 25101 43212 38 30 26  5  0
 6  0      0 2794324  70088 1960116    0    0 27100   108 17953 32360 44 24 26  6  0
 5  0      0 2681560  70088 1962676    0    0     0   992 18522 33333 47 19 33  2  0
 4  2      0 2635328  70088 1966268    0    0     0  2236 19183 33197 49 17 32  2  0
 5  0      0 2588060  70088 1969276    0    0     0   140 18376 32166 48 20 31  2  0
 4  0      0 2537796  70096 1972556    0    0     0   744 18774 32309 46 19 32  3  0
 4  0      0 2298116  70096 1992932    0    0  3288    16 26517 40657 38 24 34  4  0
procs -----------memory---------- ---swap-- -----io---- -system-- ------cpu-----
 r  b   swpd   free   buff  cache   si   so    bi    bo   in   cs us sy id wa st
 2  0      0 1101304  70096 2009596    0    0 13676    96 20161 33298 32 33 31  5  0
 0  0      0 841012  70096 2013124    0    0     0   268 24521 38151 26 21 49  3  0
 8  0      0 786512  70096 2016440    0    0     0   264 24872 39650 25 23 48  4  0
 0  0      0 753804  70104 2019468    0    0     0   652 25048 39097 28 22 47  4  0
 3  0      0 725680  70104 2023192    0    0     0   168 24555 38871 25 22 49  4  0
 4  1      0 691668  70104 2026988    0    0     0    68 24760 39852 27 21 48  4  0
 4  0      0 545944  70104 2029836    0    0     0   212 23355 38175 32 21 42  4  0
 4  0      0 1919560  70104 2031220    0    0     0   312 19305 34060 40 23 34  3  0
 6  0      0 1902648  70104 2032808    0    0     0   788 24804 41704 18 19 59  3  0
 3  0      0 1889632  70104 2033864    0    0     0    44 23954 39829 17 17 62  4  0
 2  0      0 1874180  70104 2034920    0    0     0     8 25159 41557 18 18 61  3  0
 2  0      0 1857404  70104 2036332    0    0     0    92 24234 39766 18 18 60  4  0
 4  0      0 1709992  70104 2037640    0    0     0   264 24431 40040 19 18 60  4  0
 3  0      0 3324776  70104 2037980    0    0     0   728 19384 35499 32 19 49  0  0
 2  0      0 3663192  70104 2038048    0    0     0   996 23463 39253  2 19 77  2  0
 2  0      0 3663192  70104 2038156    0    0     0    32 23031 39049  2 14 84  0  0
 1 34      0 3655212  70104 2036880    0    0     0  3132 24967 42560  4 17 63 16  0
 1  0      0 3660948  70116 2036700    0    0     0  2928 28254 47256  5 21 40 34  0
 0  0      0 3660456  70116 2036760    0    0     0    56 20223 31790  2 25 73  0  0
 1  0      0 3658452  70116 2036812    0    0     0    44 23290 39529  3 14 82  0  0
 0  0      0 3658212  70116 2036756    0    0     0     0 23446 39562  3 14 83  0  0
procs -----------memory---------- ---swap-- -----io---- -system-- ------cpu-----
 r  b   swpd   free   buff  cache   si   so    bi    bo   in   cs us sy id wa st
 1  0      0 3658212  70116 2036836    0    0     0     0 23197 39224  2 15 83  0  0
 4  0      0 3657972  70124 2036916    0    0     0   508 23796 40360  2 16 81  0  0
11  2      0 3666352  70144 2034868    0    0     0  4064 26898 44969  4 19 61 15  0
 2  0      0 3669956  70156 2034296    0    0     0   380 27149 45825  5 21 66  9  0
 2  0      0 3669720  70156 2034392    0    0     0     0 23387 39118  2 15 83  0  0
 1  0      0 3669984  70156 2034480    0    0     0     0 24631 41260  3 15 81  0  0
 1  0      0 3669484  70156 2034620    0    0     0     0 23326 39410  1 15 84  0  0
 2  0      0 3669484  70156 2034760    0    0     0     0 22930 39306  2 15 83  0  0
 1  0      0 3669484  70160 2034896    0    0     0  1532 23888 39847  2 14 81  3  0
 2  0      0 3669508  70160 2034988    0    0     0     0 23974 40791  3 14 83  0  0
 1  0      0 3670808  70160 2035080    0    0     0   272 24343 41114  2 17 80  1  0
 1  0      0 3670568  70160 2035192    0    0     0     0 23384 39814  2 16 82  0  0
 1  0      0 3670568  70160 2035280    0    0     0     0 22884 39127  2 13 84  0  0
 1  0      0 3669856  70168 2035352    0    0     0  1752 24338 41569  2 16 79  3  0
 1  0      0 3669856  70168 2035440    0    0     0   440 23683 39688  2 15 83  0  0
 1  0      0 3669616  70168 2035552    0    0     0     0 23899 40715  3 15 82  0  0
 1  0      0 3669616  70168 2035648    0    0     0     0 22915 38988  2 14 83  0  0
 3  0      0 3671508  70168 2036480    0    0   704     0 23381 39842  3 15 82  0  0
 2  0      0 3673720  70172 2036640    0    0     0   616 23111 39290  2 15 82  1  0
 1  0      0 3673720  70172 2036760    0    0     0   464 23905 40179  3 17 80  0  0
 8  0      0 3673720  70172 2036852    0    0     0   284 23106 39577  2 14 84  0  0
procs -----------memory---------- ---swap-- -----io---- -system-- ------cpu-----
 r  b   swpd   free   buff  cache   si   so    bi    bo   in   cs us sy id wa st
 1  0      0 3673720  70172 2036956    0    0     0     0 23699 39961  2 15 83  0  0
 1  0      0 3673720  70172 2037080    0    0     0     0 23485 39365  1 16 82  0  0
 3  0      0 3673496  70176 2037172    0    0     0   632 23240 39406  2 15 83  1  0
 3  0      0 3673496  70176 2037260    0    0     0   324 23236 39351  2 15 83  0  0
 4  0      0 3673496  70176 2037344    0    0     0   368 23625 40570  3 16 81  0  0
 2  0      0 3673496  70176 2037428    0    0     0    52 23504 39834  1 15 84  0  0
 1  0      0 3673496  70176 2037536    0    0     0     0 23004 39001  2 14 84  0  0
 1  0      0 3673496  70180 2037644    0    0     0  1228 24286 40774  2 15 82  0  0
 1  0      0 3673496  70180 2037768    0    0     0   132 23674 40452  2 15 83  0  0
 2  0      0 3673272  70180 2037928    0    0     0   356 23511 39699  2 15 83  0  0
 1  0      0 3673272  70180 2038032    0    0     0   328 23281 39688  2 16 82  0  0
 3  0      0 3673272  70180 2038132    0    0     0    24 23558 39590  2 15 83  0  0
 3  0      0 3673272  70192 2038212    0    0     0  1592 23495 39646  2 15 81  1  0
 2  0      0 3673272  70192 2038360    0    0     0   592 23838 40051  2 13 85  0  0
 2  0      0 3673272  70192 2038444    0    0     0   276 24305 41048  2 16 82  0  0
 2  0      0 3673048  70192 2038524    0    0     0   348 24386 40472  2 16 82  0  0
 2  0      0 3673048  70192 2038612    0    0     0    80 23346 39664  2 16 82  0  0
 2  0      0 3673048  70204 2038712    0    0     0  1224 23503 39637  2 15 82  1  0
 2  0      0 3673048  70204 2038828    0    0     0    56 24005 40443  2 14 84  0  0
 2  0      0 3673048  70204 2038944    0    0     0    96 23273 39371  2 15 83  0  0
 1  0      0 3673048  70204 2039092    0    0     0   328 23857 40145  2 17 81  0  0
procs -----------memory---------- ---swap-- -----io---- -system-- ------cpu-----
 r  b   swpd   free   buff  cache   si   so    bi    bo   in   cs us sy id wa st
 2  0      0 3673048  70208 2039220    0    0     0   300 23395 39631  2 17 81  0  0
 3  0      0 3673048  70208 2039332    0    0     0  1440 24534 41669  2 16 80  2  0
 1  0      0 3673048  70208 2039440    0    0     0    32 22865 39091  2 15 83  0  0
 2  0      0 3672800  70208 2039536    0    0     0   120 24167 40810  3 16 82  0  0
 1  0      0 3672800  70208 2039632    0    0     0   260 23179 39349  2 15 83  0  0
 2  1      0 3672560  70212 2039720    0    0     0   712 23507 39915  2 14 85  0  0
