procs -----------memory---------- ---swap-- -----io---- -system-- ------cpu-----
 r  b   swpd   free   buff  cache   si   so    bi    bo   in   cs us sy id wa st
 4  0      0 1117220 147564 5284968    0    0     8    19    6   44  2  5 93  0  0
 0  0      0 1116588 147564 5285072    0    0     0     8 16534 28589 11 13 76  0  0
 0  0      0 1116588 147564 5285108    0    0     0    24 14478 23683  1  7 92  0  0
 1  0      0 1116588 147564 5285172    0    0     0   156 14541 23906  1  7 92  0  0
 0  0      0 1116588 147564 5285212    0    0     0   336 14140 23816  1  7 91  0  0
 0  0      0 1116588 147564 5285296    0    0     0   324 15608 25998  1  9 90  0  0
 0  0      0 1116340 147564 5285364    0    0     0   880 15517 25379  2  9 89  0  0
 4  0      0 1116340 147564 5285428    0    0     0     8 15132 24557  2  8 90  0  0
 0  0      0 1116340 147568 5285492    0    0     0   552 15172 24567  1  8 90  1  0
 0  0      0 1116340 147568 5285564    0    0     0   384 14475 23616  2  8 91  0  0
 0  0      0 1116340 147568 5285576    0    0     0     8 14787 24154  1  9 90  0  0
 0  0      0 1116092 147568 5285672    0    0     0    36 14877 24469  1  9 90  0  0
 1  0      0 1116092 147568 5285692    0    0     0    84 14239 23434  1  7 92  0  0
 8  0      0 1116092 147568 5285780    0    0     0   320 13684 23112  1  8 91  0  0
 0  0      0 1116092 147568 5285848    0    0     0   140 14401 23695  1  7 92  0  0
 1  0      0 1116092 147568 5285916    0    0     0    12 14935 24904  1  9 90  0  0
 1  0      0 1097204 147568 5285944    0    0     0   160 15770 27194 11 12 77  0  0
 6  0      0 1109644 147568 5286004    0    0     0    16 16653 28952 11 15 75  0  0
 0  0      0 1107596 147568 5286084    0    0     0   656 16398 27687  7 13 79  1  0
 0  0      0 1107596 147568 5286136    0    0     0   132 15802 25898  5 12 83  0  0
 1  0      0 1107596 147568 5286192    0    0     0    64 15164 25044  1  8 91  0  0
procs -----------memory---------- ---swap-- -----io---- -system-- ------cpu-----
 r  b   swpd   free   buff  cache   si   so    bi    bo   in   cs us sy id wa st
 1  0      0 1107596 147568 5286228    0    0     0    60 14691 23874  1  8 91  0  0
 1  0      0 1107596 147568 5286316    0    0     0    20 14469 23730  1  9 90  0  0
 0  0      0 1107596 147568 5286380    0    0     0   284 14807 24093  1  7 92  0  0
 1  0      0 1107596 147568 5286460    0    0     0   176 14492 23563  1  8 91  0  0
 1  0      0 1107596 147568 5286512    0    0     0    88 14705 24806  2  9 89  0  0
 0  0      0 1107348 147568 5286580    0    0     0    40 14152 23199  1  7 92  0  0
 0  0      0 1107348 147568 5286636    0    0     0     8 15077 24156  2  8 90  0  0
 1  0      0 1107348 147568 5286692    0    0     0   572 14403 23498  1  8 91  0  0
 0  0      0 1107348 147568 5286724    0    0     0    60 14873 24160  1  7 92  0  0
 0  0      0 1107348 147568 5286820    0    0     0   168 15130 24712  1  7 91  0  0
 0  0      0 1107348 147568 5286868    0    0     0    64 14956 24697  1  8 91  0  0
 0  0      0 1107348 147568 5286956    0    0     0     8 14692 23925  1  8 91  0  0
 1  0      0 1090964 147576 5286980    0    0     0   256 14556 23884  2  8 90  0  0
 0  0      0 1103128 147576 5287088    0    0     0    48 17033 30045 11 16 72  0  0
 0  0      0 1104736 147576 5287152    0    0     0    92 17600 30742 11 14 75  0  0
 1  0      0 1104736 147576 5287192    0    0     0   188 16454 27584  7 13 80  0  0
 0  0      0 1104736 147576 5287236    0    0     0   800 14737 24182  2  9 90  0  0
 0  0      0 1104736 147576 5287320    0    0     0   852 14557 23667  1  8 91  1  0
 1  0      0 1104736 147576 5287356    0    0     0    32 14526 24045  1  7 92  0  0
 0  0      0 1104736 147576 5287468    0    0     0   100 15094 24693  2  8 91  0  0
 0  0      0 1104736 147576 5287504    0    0     0   100 14697 24374  1  8 91  0  0
procs -----------memory---------- ---swap-- -----io---- -system-- ------cpu-----
 r  b   swpd   free   buff  cache   si   so    bi    bo   in   cs us sy id wa st
 0  0      0 1104736 147576 5287588    0    0     0   128 14269 23283  1  8 91  0  0
 2  0      0 1104736 147580 5287620    0    0     0   292 14349 23616  1  8 91  0  0
 0  0      0 1104736 147580 5287688    0    0     0     8 14356 23370  1  8 91  0  0
 2  0      0 1104736 147580 5287732    0    0     0    56 14683 24486  1  8 91  0  0
 0  0      0 1104736 147580 5287808    0    0     0    72 14045 23442  1  8 91  0  0
 2  0      0 1104736 147580 5287900    0    0     0   180 14638 23979  2 10 88  0  0
 0  0      0 1104736 147584 5287924    0    0     0   536 14615 23947  1  8 91  0  0
 0  0      0 1104736 147584 5288012    0    0     0    16 14282 23766  1  8 92  0  0
 1  0      0 1105120 147584 5288056    0    0     0    24 16733 28118  9 12 79  0  0
 3  0      0 1101464 147584 5288144    0    0     0   368 17590 30339 11 15 74  0  0
 0  0      0 1100504 147584 5288200    0    0     0   124 15772 27130  8 12 80  0  0
 1  0      0 1102636 147588 5288248    0    0     0   396 15894 26325  5 11 83  0  0
 1  0      0 1102636 147588 5288324    0    0     0    12 14282 23411  1  8 91  0  0
 2  0      0 1102636 147588 5288352    0    0     0    24 14812 24654  1  8 91  0  0
 0  0      0 1102636 147588 5288464    0    0     0    48 14538 23999  1  8 91  0  0
 0  0      0 1102636 147588 5288504    0    0     0    92 14675 24168  2  8 90  0  0
 0  0      0 1102636 147588 5288572    0    0     0   588 14948 24424  1  8 90  1  0
 0  0      0 1102636 147588 5288608    0    0     0   100 14359 23779  1  7 92  0  0
 1  0      0 1102636 147588 5288684    0    0     0    12 15083 24883  2  9 88  0  0
 0  0      0 1102636 147588 5288712    0    0     0    48 14586 24082  2  9 90  0  0
 2  0      0 1102636 147588 5288804    0    0     0   188 13911 23039  1  7 92  0  0
procs -----------memory---------- ---swap-- -----io---- -system-- ------cpu-----
 r  b   swpd   free   buff  cache   si   so    bi    bo   in   cs us sy id wa st
 0  0      0 1102636 147588 5288884    0    0     0   340 14765 24051  1  7 91  0  0
 2  0      0 1102396 147588 5288920    0    0     0    44 15098 24722  4  9 87  0  0
 0  0      0 1102396 147588 5289004    0    0     0    88 14493 24499  2  7 91  0  0
 1  0      0 1104640 147588 5289060    0    0     0    20 14710 24600  2  8 90  0  0
 4  0      0 1103232 147588 5289112    0    0     0   112 15167 25266  6 11 84  0  0
 2  0      0 1102180 147588 5289192    0    0     0  1600 17285 29981 12 16 72  0  0
 3  0      0 1098904 147588 5289252    0    0     0    44 16076 27698 10 14 77  0  0
 5  0      0 1101336 147588 5289272    0    0     0    20 15842 26776  7 12 81  0  0
 1  0      0 1101420 147588 5289372    0    0     0   116 14762 24113  1  7 91  0  0
 4  0      0 1101420 147588 5289420    0    0     0    92 14845 24126  1  8 90  0  0
 0  0      0 1101420 147588 5289504    0    0     0   420 14692 24079  1  9 90  0  0
 1  0      0 1101420 147588 5289568    0    0     0    80 14082 23497  1  7 92  0  0
 0  0      0 1101420 147588 5289632    0    0     0    20 14380 23546  1  7 92  0  0
 0  0      0 1101420 147588 5289680    0    0     0    44 16042 26527  2 10 88  0  0
 0  0      0 1101420 147588 5289732    0    0     0    72 15137 24758  2 10 89  0  0
 0  0      0 1101420 147592 5289812    0    0     0   624 14900 23934  2  9 89  0  0
 0  0      0 1101420 147592 5289880    0    0     0    96 14393 23429  1  7 91  0  0
 7  0      0 1101420 147592 5289916    0    0     0    40 15330 25308  2  8 90  0  0
 0  0      0 1101672 147592 5290000    0    0     0    20 15048 24369  2  8 90  0  0
 0  0      0 1101672 147592 5290056    0    0     0   100 14720 23925  1  8 91  0  0
 1  0      0 1101672 147596 5290088    0    0     0   320 14203 23424  1  8 90  1  0
procs -----------memory---------- ---swap-- -----io---- -system-- ------cpu-----
 r  b   swpd   free   buff  cache   si   so    bi    bo   in   cs us sy id wa st
12  0      0 1105992 147596 5290180    0    0     0   112 14923 25257  6 11 84  0  0
 1  0      0 1102684 147596 5290244    0    0     0    68 16646 29219 10 15 75  0  0
 0  0      0 1102584 147596 5290324    0    0     0    16 16456 28856 10 14 76  0  0
 1  0      0 1104708 147596 5290368    0    0     0    72 14948 25405  5 11 84  0  0
 0  0      0 1104708 147596 5290444    0    0     0   572 14771 24066  1  8 90  1  0
 0  0      0 1104460 147596 5290512    0    0     0    60 14222 23515  1  8 91  0  0
 0  0      0 1104712 147596 5290576    0    0     0   116 15563 25170  2  9 90  0  0
 0  0      0 1104712 147596 5290612    0    0     0    48 14487 23717  1  7 91  0  0
 0  0      0 1104712 147596 5290672    0    0     0    76 14648 23979  1 10 90  0  0
 0  0      0 1104712 147596 5290724    0    0     0   316 14361 23785  2  7 91  0  0
 1  0      0 1104712 147596 5290812    0    0     0    68 14452 23711  2  8 90  0  0
 0  0      0 1104712 147596 5290876    0    0     0   116 15025 24778  2  8 90  0  0
 0  0      0 1104460 147596 5290928    0    0     0    56 15355 25725  2  9 90  0  0
 0  0      0 1104460 147596 5291012    0    0     0    76 14836 24158  1  9 89  0  0
 0  0      0 1104460 147596 5291052    0    0     0   544 15249 24805  1  8 89  1  0
 0  0      0 1104460 147596 5291144    0    0     0   696 14976 24150  1  8 91  0  0
 0  0      0 1104460 147596 5291200    0    0     0   132 14960 24423  1  7 91  0  0
 2  0      0 1104208 147596 5291224    0    0     0    76 14583 23822  2  9 90  0  0
 2  0      0 1101820 147596 5291308    0    0     0    48 18074 31683 15 18 66  0  0
 0  0      0 1101496 147596 5291360    0    0     0   908 17147 29545 12 14 73  1  0
 2  0      0 1103628 147596 5291428    0    0     0    32 15190 25790  5 10 85  0  0
procs -----------memory---------- ---swap-- -----io---- -system-- ------cpu-----
 r  b   swpd   free   buff  cache   si   so    bi    bo   in   cs us sy id wa st
 1  0      0 1103628 147596 5291524    0    0     0    92 14339 23759  2  9 90  0  0
 0  0      0 1103628 147596 5291536    0    0     0    72 14958 25232  1  8 91  0  0
 0  0      0 1103628 147596 5291636    0    0     0    72 14840 24319  1  8 90  0  0
 0  1      0 1103380 147596 5291656    0    0     0   748 14124 23535  1  8 87  4  0
 1  0      0 1103380 147596 5291736    0    0     0    72 14377 23401  1  8 90  0  0
 0  0      0 1103380 147596 5291788    0    0     0    44 15050 25033  1  8 91  0  0
 1  0      0 1103380 147596 5291864    0    0     0    76 14895 24089  1 10 89  0  0
 0  0      0 1103380 147596 5291948    0    0     0    96 14741 24380  2  9 89  0  0
 2  0      0 1103380 147596 5291976    0    0     0   440 14795 24103  1  8 89  2  0
 0  0      0 1103380 147596 5292064    0    0     0    20 14577 23527  1  7 91  0  0
 0  0      0 1103380 147596 5292108    0    0     0    60 14201 23407  1  8 91  0  0
 1  0      0 1103380 147596 5292176    0    0     0    76 15070 25314  1  8 91  0  0
 2  0      0 1103380 147596 5292232    0    0     0    88 14733 24011  2  9 90  0  0
 1  2      0 1103380 147596 5292268    0    0     0   628 14462 23830  1  9 80 10  0
 1  0      0 1098480 147596 5292352    0    0     0    16 17155 29746 14 16 64  6  0
 0  0      0 1100648 147596 5292396    0    0     0    60 16769 29290 11 15 75  0  0
 1  0      0 1100648 147596 5292500    0    0     0    40 14699 24473  4  9 88  0  0
 0  0      0 1100648 147596 5292564    0    0     0   124 15636 26227  5 10 86  0  0
 1  0      0 1100648 147596 5292632    0    0     0   316 14738 24081  1  8 89  1  0
 1  0      0 1100648 147596 5292672    0    0     0    20 14263 23728  1  7 91  0  0
 1  0      0 1100648 147596 5292736    0    0     0    52 15150 25104  2  8 90  0  0
procs -----------memory---------- ---swap-- -----io---- -system-- ------cpu-----
 r  b   swpd   free   buff  cache   si   so    bi    bo   in   cs us sy id wa st
 1  0      0 1100648 147596 5292812    0    0     0    40 14878 24842  2  8 90  0  0
 1  0      0 1100648 147596 5292860    0    0     0   132 14552 23907  2 10 88  0  0
 0  0      0 1100648 147596 5292936    0    0     0   548 14774 24191  1  9 87  3  0
 1  0      0 1100648 147596 5292972    0    0     0    44 14031 23023  1  7 92  0  0
 0  0      0 1100648 147596 5293048    0    0     0   688 15355 24993  2  8 89  0  0
 1  0      0 1100396 147596 5293136    0    0     0    12 14929 24470  1  9 90  0  0
 0  0      0 1100396 147596 5293204    0    0     0    92 14755 24028  1  8 91  0  0
 3  0      0 1100396 147596 5293236    0    0     0   520 14561 23826  1  9 81 10  0
 1  0      0 1100396 147596 5293276    0    0     0    44 14147 23525  1  9 90  0  0
 0  0      0 1100396 147596 5293348    0    0     0    12 12649 21021  2  7 91  0  0
 5  0      0 1097512 147596 5293444    0    0     0    48 17782 31104 14 18 68  0  0
 0  0      0 1098284 147596 5293512    0    0     0    84 16765 28628 11 15 74  0  0
 2  5      0 1102252 147596 5293544    0    0     0   976 14965 25207  6 11 81  3  0
 0  0      0 1102252 147596 5293612    0    0     0    56 14374 23319  1  9 88  2  0
 0  0      0 1102252 147596 5293684    0    0     0    28 15614 25706  2  8 90  0  0
 1  0      0 1102252 147596 5293724    0    0     0    24 14348 23511  1  9 90  0  0
 0  0      0 1102252 147596 5293788    0    0     0    64 14833 24652  1  7 92  0  0
 2  0      0 1102252 147596 5293868    0    0     0   360 14724 24176  1  9 90  1  0
 0  0      0 1102252 147596 5293940    0    0     0    64 14418 23608  1  8 91  0  0
 0  0      0 1102252 147596 5293960    0    0     0    20 15452 24608  1  8 91  0  0
 1  0      0 1102252 147596 5294072    0    0     0    32 15392 25347  1  9 90  0  0
procs -----------memory---------- ---swap-- -----io---- -system-- ------cpu-----
 r  b   swpd   free   buff  cache   si   so    bi    bo   in   cs us sy id wa st
 2  0      0 1102252 147596 5294132    0    0     0    20 14922 24219  2  9 89  0  0
 0  0      0 1102252 147596 5294168    0    0     0   584 14846 24524  3  7 86  4  0
 4  0      0 1097764 147596 5294212    0    0     0   604 17034 29223 11 16 73  0  0
 3  0      0 1097904 147596 5294284    0    0     0    28 17519 30678 12 16 72  0  0
 0  0      0 1097680 147596 5294388    0    0     0    32 14649 24566  2  9 89  0  0
 1  0      0 1099516 147596 5294436    0    0     0    20 15855 27206  8 12 80  0  0
 1  0      0 1099516 147596 5294492    0    0     0   324 14205 23613  1  8 91  1  0
 3  0      0 1099516 147596 5294548    0    0     0   128 14544 24138  1  7 92  0  0
 1  0      0 1099516 147596 5294636    0    0     0    32 14582 24449  1  8 91  0  0
 0  0      0 1099516 147596 5294684    0    0     0    44 14969 24692  2  8 90  0  0
 0  0      0 1099516 147596 5294736    0    0     0    44 14351 23926  2  9 90  0  0
 0  0      0 1099268 147596 5294776    0    0     0   604 14817 24143  1  8 80 11  0
 0  0      0 1099268 147596 5294848    0    0     0    92 14861 24395  1  8 91  0  0
 0  0      0 1099268 147596 5294928    0    0     0    40 15079 24763  2  9 90  0  0
 2  0      0 1099268 147596 5294980    0    0     0   696 14530 23499  1  8 91  0  0
 0  0      0 1099268 147596 5295068    0    0     0    56 14752 24077  1  8 91  0  0
 4  0      0 1095152 147596 5295088    0    0     0   424 16230 27688 12 15 72  1  0
 2  0      0 1097256 147596 5295180    0    0     0    48 17376 29872 10 14 76  0  0
 0  0      0 1096028 147596 5295240    0    0     0   112 15034 25479  4 10 86  0  0
 1  0      0 1098096 147596 5295292    0    0     0    52 16926 29579 11 11 79  0  0
 4  0      0 1098096 147596 5295344    0    0     0    56 14673 24297  2  9 89  0  0
procs -----------memory---------- ---swap-- -----io---- -system-- ------cpu-----
 r  b   swpd   free   buff  cache   si   so    bi    bo   in   cs us sy id wa st
 0  0      0 1098096 147596 5295428    0    0     0   624 14412 23765  1  8 89  1  0
 0  0      0 1098096 147596 5295480    0    0     0    72 14522 23855  1  8 87  4  0
 0  0      0 1097848 147596 5295560    0    0     0    96 15451 25702  2  8 90  0  0
 0  0      0 1097848 147596 5295588    0    0     0    40 14575 24004  1  9 90  0  0
 1  0      0 1097848 147596 5295684    0    0     0    60 14504 23927  2  8 91  0  0
 0  0      0 1097848 147596 5295740    0    0     0   268 14362 23610  1  7 90  2  0
 0  0      0 1097848 147596 5295772    0    0     0    60 14530 23876  2  8 91  0  0
 0  0      0 1097848 147596 5295868    0    0     0    64 14435 23563  1  8 92  0  0
 1  0      0 1097848 147596 5295892    0    0     0    32 14590 24255  1  8 90  0  0
 1  0      0 1097848 147596 5295996    0    0     0    68 14747 24108  2  9 89  0  0
 0  1      0 1097848 147596 5296036    0    0     0   500 15077 24506  1  9 86  4  0
 0  0      0 1097848 147600 5296100    0    0     0   788 14551 23665  1  9 89  1  0
 0  0      0 1097848 147600 5296172    0    0     0    84 15128 24860  2  7 91  0  0
 0  0      0 1097848 147600 5296220    0    0     0    76 14284 23287  1  9 90  0  0
 0  0      0 1097848 147600 5296288    0    0     0    56 14848 24331  1  8 91  0  0
 0  0      0 1097848 147600 5296332    0    0     0   336 14357 23430  1  8 90  2  0
 0  0      0 1097848 147600 5296416    0    0     0    48 14807 24360  2  9 89  0  0
 1  0      0 1097608 147600 5296484    0    0     0    76 15395 25603  4 11 85  0  0
 2  0      0 1097360 147600 5296564    0    0     0    28 14577 24391  2  8 91  0  0
 0  0      0 1097360 147600 5296604    0    0     0    60 14920 24398  2  9 89  0  0
 1  0      0 1097360 147604 5296636    0    0     0   560 14654 23788  1  8 89  2  0
procs -----------memory---------- ---swap-- -----io---- -system-- ------cpu-----
 r  b   swpd   free   buff  cache   si   so    bi    bo   in   cs us sy id wa st
 2  0      0 1097360 147604 5296740    0    0     0    28 14299 23316  1  9 91  0  0
 2  0      0 1097360 147604 5296776    0    0     0    96 15378 25088  1  8 91  0  0
 3  0      0 1097360 147604 5296848    0    0     0    32 14505 23581  1  8 91  0  0
 1  0      0 1097360 147604 5296924    0    0     0   628 14733 24089  1  8 91  0  0
 1  0      0 1097360 147604 5297004    0    0     0   520 15743 24891  1  8 77 14  0
 4  0      0 1097360 147604 5297020    0    0     0    36 12161 19995  1  7 92  0  0
 1  0      0 1097360 147604 5297100    0    0     0    96 12608 20609  1  6 92  0  0
 0  0      0 1097360 147604 5297172    0    0     0    64 15459 25136  1  8 91  0  0
 0  0      0 1097360 147604 5297212    0    0     0    40 15345 24734  2  9 89  0  0
 0  1      0 1097360 147604 5297292    0    0     0   720 14708 23934  1  7 80 12  0
 0  0      0 1097360 147604 5297320    0    0     0    36 14380 23672  1  8 90  1  0
 4  0      0 1097360 147604 5297396    0    0     0    40 15088 25214  2  9 89  0  0
 0  0      0 1097360 147604 5297456    0    0     0    68 13990 22893  1  8 91  0  0
 1  0      0 1097360 147604 5297520    0    0     0    40 14230 23633  1  8 91  0  0
 2  0      0 1098464 147604 5297588    0    0     0   312 14080 23178  1  8 89  2  0
 1  0      0 1098464 147604 5297640    0    0     0    40 14290 23509  1  9 90  0  0
 0  0      0 1098464 147604 5297692    0    0     0    44 14419 23536  1  9 90  0  0
 1  0      0 1098464 147604 5297748    0    0     0    72 15032 24828  1  8 91  0  0
 0  0      0 1098464 147604 5297800    0    0     0    44 14460 23908  2  8 90  0  0
 2  0      0 1098464 147604 5297836    0    0     0   468 14183 23306  1  7 87  4  0
 1  0      0 1098464 147604 5297936    0    0     0    48 14258 23276  2  8 91  0  0
procs -----------memory---------- ---swap-- -----io---- -system-- ------cpu-----
 r  b   swpd   free   buff  cache   si   so    bi    bo   in   cs us sy id wa st
 0  0      0 1098216 147604 5298000    0    0     0   368 14815 24377  1  8 91  0  0
 1  0      0 1098216 147604 5298064    0    0     0   460 14384 23526  1  8 91  0  0
