procs -----------memory---------- ---swap-- -----io---- -system-- ------cpu-----
 r  b   swpd   free   buff  cache   si   so    bi    bo   in   cs us sy id wa st
 2  0      0 4358752 161928 1682896    0    0     2     8    8   19  1  1 98  0  0
 0  0      0 4357716 161928 1682924    0    0     0     0 6271 10567 10  8 81  0  0
 0  0      0 4357476 161928 1682924    0    0     0     4 1455 1802  1  1 98  0  0
 0  0      0 4357476 161928 1682928    0    0     0     0 1686 2107  1  1 98  0  0
 0  0      0 4357476 161928 1682928    0    0     0   100 1644 2057  1  2 97  0  0
 0  0      0 4357476 161928 1682936    0    0     0    12 1615 1973  0  1 99  0  0
 0  0      0 4357476 161928 1682940    0    0     0    24 1581 1894  1  1 98  0  0
 0  0      0 4357476 161928 1682944    0    0     0     0 1844 2391  1  2 97  0  0
 0  0      0 4357236 161928 1682948    0    0     0     0 1199 1462  0  1 99  0  0
 0  0      0 4357236 161928 1682952    0    0     0   104 1433 1622  1  1 98  0  0
 0  0      0 4357236 161928 1682960    0    0     0     8 2373 3465  1  1 98  0  0
 0  0      0 4357236 161928 1682964    0    0     0     8 1827 2526  1  2 98  0  0
 0  0      0 4357236 161928 1682968    0    0     0    28 1125 1250  0  1 99  0  0
 0  0      0 4357236 161928 1682968    0    0     0     0 1341 1556  0  1 99  0  0
 0  0      0 4357236 161928 1682972    0    0     0    88 1713 2260  1  2 97  0  0
 0  0      0 4357236 161928 1682980    0    0     0     0 2027 2864  1  1 98  0  0
 0  0      0 4357236 161928 1682984    0    0     0     4 1522 1865  0  2 98  0  0
 0  0      0 4357236 161928 1682992    0    0     0     8 1951 2588  1  2 97  0  0
 0  0      0 4357236 161928 1682992    0    0     0    24 1271 1491  1  1 99  0  0
 1  0      0 4357236 161932 1682996    0    0     0    44 1354 1590  1  1 98  0  0
 2  0      0 4353700 161932 1683004    0    0     0    24 3527 5176  4  3 93  0  0
procs -----------memory---------- ---swap-- -----io---- -system-- ------cpu-----
 r  b   swpd   free   buff  cache   si   so    bi    bo   in   cs us sy id wa st
 0  0      0 4356000 161932 1683224    0    0   204     0 7212 12039 13  8 79  0  0
 0  0      0 4356520 161932 1683232    0    0     0     8 4889 7894  8  7 85  0  0
 0  0      0 4356520 161932 1683228    0    0     0     8 3906 6118  7  5 88  0  0
 0  0      0 4356280 161932 1683232    0    0     0    88 1469 1817  1  2 97  0  0
 0  0      0 4356280 161932 1683244    0    0     0     8 1489 1822  1  1 98  0  0
 2  0      0 4356280 161932 1683248    0    0     0     0 1715 2202  1  1 98  0  0
 0  0      0 4356280 161932 1683252    0    0     0     8 1564 2051  1  1 98  0  0
 0  0      0 4356280 161932 1683252    0    0     0     0 1105 1255  0  1 99  0  0
 0  0      0 4356280 161932 1683256    0    0     0   108 1398 1685  1  1 98  0  0
 0  0      0 4356032 161932 1683264    0    0     0    28 3474 5408  1  2 96  0  0
 0  0      0 4356032 161932 1683268    0    0     0     0 2086 2899  2  1 97  0  0
 0  0      0 4358240 161932 1683272    0    0     0     4 1188 1279  0  1 99  0  0
 0  0      0 4358240 161932 1683280    0    0     0     0 1230 1412  1  1 99  0  0
 3  0      0 4358240 161932 1683284    0    0     0    56 1592 2114  2  2 96  0  0
 0  0      0 4358016 161932 1683288    0    0     0    64 1417 1761  1  1 99  0  0
 0  0      0 4358016 161932 1683292    0    0     0     4 1487 1822  1  1 98  0  0
 5  0      0 4354212 161932 1683296    0    0     0     0 2189 2769  3  2 95  0  0
 0  0      0 4351872 161932 1683316    0    0     0     8 6020 9891 13  8 79  0  0
 0  0      0 4355316 161932 1683320    0    0     0    72 5683 9307 10  8 82  0  0
 1  0      0 4357000 161932 1683324    0    0     0    32 4462 7123  5  5 91  0  0
 0  0      0 4357000 161932 1683336    0    0     0     8 2055 2791  1  1 98  0  0
procs -----------memory---------- ---swap-- -----io---- -system-- ------cpu-----
 r  b   swpd   free   buff  cache   si   so    bi    bo   in   cs us sy id wa st
 0  0      0 4356760 161932 1683336    0    0     0     4 1289 1574  1  1 99  0  0
 0  0      0 4356760 161932 1683340    0    0     0     8 1231 1459  0  1 99  0  0
 0  0      0 4356760 161932 1683348    0    0     0   120 1551 1967  1  2 97  0  0
 0  0      0 4356512 161932 1683360    0    0     0    24 2605 3692  1  1 98  0  0
 0  0      0 4356272 161932 1683360    0    0     0     0 1484 1821  1  1 98  0  0
 0  0      0 4356032 161932 1683364    0    0     0     8 1772 2219  1  1 98  0  0
 0  0      0 4356032 161932 1683368    0    0     0     8 1478 1822  1  1 98  0  0
 0  0      0 4356032 161936 1683376    0    0     0    60 1302 1505  1  1 98  0  0
 0  0      0 4356032 161936 1683380    0    0     0    28 2623 3887  1  2 97  0  0
 0  0      0 4356032 161936 1683388    0    0     0    16 2084 2816  1  1 98  0  0
 0  0      0 4356032 161936 1683388    0    0     0     0 1181 1384  0  1 99  0  0
 0  0      0 4356032 161936 1683392    0    0     0     8 1316 1524  1  1 99  0  0
 1  0      0 4352368 161936 1683400    0    0     0    80 3869 5903  8  7 86  0  0
 2  0      0 4350380 161936 1683416    0    0     0     4 5978 9733 11  8 81  0  0
 0  0      0 4347528 161936 1683420    0    0     0    28 4439 6837  8  6 86  0  0
 0  0      0 4350264 161936 1683432    0    0     0     0 4367 6941  6  5 89  0  0
 0  0      0 4349800 161936 1683436    0    0     0     0 1150 1307  0  1 99  0  0
 0  0      0 4349800 161936 1683440    0    0     0   216 1399 1738  0  1 98  1  0
 1  0      0 4349800 161936 1683448    0    0     0    12 3173 4955  2  2 96  0  0
 0  0      0 4349800 161936 1683452    0    0     0    28 2092 2847  1  2 97  0  0
 0  0      0 4349800 161936 1683456    0    0     0     0 1153 1331  0  1 99  0  0
procs -----------memory---------- ---swap-- -----io---- -system-- ------cpu-----
 r  b   swpd   free   buff  cache   si   so    bi    bo   in   cs us sy id wa st
 0  0      0 4349576 161936 1683460    0    0     0     0 1495 1832  1  1 98  0  0
 1  0      0 4349576 161936 1683460    0    0     0     0 1516 1919  1  2 97  0  0
 0  0      0 4349576 161936 1683472    0    0     0   168 1615 1963  0  1 98  0  0
 0  0      0 4349576 161936 1683476    0    0     0    28 1431 1782  1  1 98  0  0
 0  0      0 4349508 161936 1683480    0    0     0     0 1692 2210  1  1 98  0  0
 0  0      0 4349596 161936 1683484    0    0     0     0 1091 1230  0  1 99  0  0
 0  0      0 4349596 161936 1683484    0    0     0     0 1122 1186  0  1 98  0  0
 0  0      0 4349596 161936 1683492    0    0     0    64 2414 3551  1  2 98  0  0
 1  0      0 4350500 161936 1683496    0    0     0    44 2289 2947  3  2 95  0  0
 0  0      0 4356764 161936 1683448    0    0     0     4 5645 9125 10  8 81  0  0
 2  0      0 4356496 161936 1683460    0    0     0     0 5962 9544 11  7 82  0  0
 0  0      0 4356256 161936 1683456    0    0     0     0 3498 5391  7  4 89  0  0
 0  0      0 4356008 161940 1683468    0    0     0   140 2599 3675  1  1 97  0  0
 0  0      0 4355768 161940 1683468    0    0     0    40 1496 1793  2  1 97  0  0
 0  0      0 4355768 161940 1683472    0    0     0     8 1928 2543  1  1 98  0  0
 0  0      0 4355768 161940 1683476    0    0     0     4 1285 1574  1  1 98  0  0
 0  0      0 4355768 161940 1683480    0    0     0     0 1340 1598  1  1 98  0  0
 0  0      0 4355520 161940 1683488    0    0     0    68 2608 3906  1  2 97  0  0
 0  0      0 4355520 161940 1683496    0    0     0    32 2019 2617  1  2 98  0  0
 0  0      0 4355520 161940 1683500    0    0     0     0 1296 1572  0  1 98  0  0
 0  0      0 4355520 161940 1683500    0    0     0     8 1344 1585  0  1 99  0  0
procs -----------memory---------- ---swap-- -----io---- -system-- ------cpu-----
 r  b   swpd   free   buff  cache   si   so    bi    bo   in   cs us sy id wa st
 0  0      0 4355520 161940 1683504    0    0     0     4 1472 1736  1  2 97  0  0
 0  0      0 4355520 161940 1683512    0    0     0   116 1605 1848  0  2 98  0  0
 0  0      0 4355520 161940 1683516    0    0     0    28 1472 1720  1  1 98  0  0
 0  0      0 4355520 161940 1683520    0    0     0     4 1904 2585  1  1 97  0  0
 4  0      0 4354852 161940 1683520    0    0     0     0 2058 2773  4  3 94  0  0
 0  0      0 4351324 161940 1683544    0    0     0     8 5737 9223  9  6 84  0  0
 5  0      0 4349800 161940 1683560    0    0     0    84 5809 9834 11  7 82  0  0
 0  0      0 4352120 161940 1683556    0    0     0     0 4682 7505  6  4 91  0  0
 0  0      0 4351880 161940 1683564    0    0     0    36 1249 1438  1  1 99  0  0
 0  0      0 4353804 161940 1683568    0    0     0     0 1227 1475  0  1 99  0  0
 1  0      0 4353804 161940 1683568    0    0     0     0 1643 2103  1  2 97  0  0
 0  0      0 4354064 161940 1683576    0    0     0   100 1484 1834  1  1 98  0  0
 0  0      0 4354064 161940 1683580    0    0     0     4 1486 1864  1  1 98  0  0
 0  0      0 4354064 161940 1683588    0    0     0    32 1884 2477  1  1 98  0  0
 0  0      0 4354064 161940 1683592    0    0     0     0 1085 1313  1  1 99  0  0
 0  0      0 4354064 161940 1683592    0    0     0     0 1162 1297  1  1 99  0  0
 0  0      0 4354064 161940 1683600    0    0     0   100 1466 1842  1  1 98  0  0
 0  0      0 4353592 161940 1683604    0    0     0    16 3107 4739  2  2 96  0  0
 0  0      0 4353592 161940 1683608    0    0     0    24 1408 1629  0  1 99  0  0
 0  0      0 4353592 161940 1683608    0    0     0     4 1152 1305  0  1 99  0  0
 0  0      0 4353592 161940 1683612    0    0     0     0 1405 1761  1  2 97  0  0
procs -----------memory---------- ---swap-- -----io---- -system-- ------cpu-----
 r  b   swpd   free   buff  cache   si   so    bi    bo   in   cs us sy id wa st
 0  0      0 4353592 161940 1683620    0    0     0    68 2395 3468  1  2 97  0  0
 0  0      0 4348040 161940 1683640    0    0     0     0 6570 10673 15  8 77  0  0
 0  0      0 4352724 161940 1683644    0    0     0    32 6428 10486 12  7 81  0  0
 1  0      0 4354472 161940 1683652    0    0     0     4 2728 4165  5  3 92  0  0
 0  0      0 4354492 161940 1683652    0    0     0     8 2945 4836  4  3 93  0  0
 0  0      0 4354252 161944 1683656    0    0     0   132 1776 2195  1  2 98  0  0
 0  0      0 4354004 161944 1683660    0    0     0     0 2944 4421  1  2 97  0  0
 0  0      0 4354004 161944 1683664    0    0     0    32 1203 1325  0  1 99  0  0
 0  0      0 4354004 161944 1683668    0    0     0     8 1269 1445  0  1 99  0  0
 0  0      0 4353764 161944 1683676    0    0     0     8 1595 1917  1  2 97  0  0
 0  0      0 4353764 161944 1683684    0    0     0    48 1572 2041  1  1 98  0  0
 0  0      0 4353512 161944 1683684    0    0     0     0 1414 1698  1  1 98  0  0
 0  0      0 4353512 161944 1683688    0    0     0    20 1616 2043  1  1 98  0  0
 0  0      0 4355508 161944 1683692    0    0     0     0 1206 1418  1  0 99  0  0
 0  0      0 4355508 161944 1683696    0    0     0    16 1339 1621  1  1 98  0  0
 0  0      0 4355508 161944 1683704    0    0     0   108 2389 3499  2  2 96  0  0
 0  0      0 4355428 161944 1683708    0    0     0     0 2465 3697  2  2 97  0  0
 0  0      0 4355516 161944 1683712    0    0     0    24 1247 1511  1  1 99  0  0
 2  0      0 4354912 161944 1683728    0    0     0     0 7479 12210 17 10 73  0  0
 1  0      0 4352216 161944 1683728    0    0     0     0 6036 9660 13  8 79  0  0
 1  0      0 4354016 161944 1683748    0    0     0    88 2448 3437  3  2 95  0  0
procs -----------memory---------- ---swap-- -----io---- -system-- ------cpu-----
 r  b   swpd   free   buff  cache   si   so    bi    bo   in   cs us sy id wa st
 2  0      0 4353776 161944 1683748    0    0     0     4 3415 5252  5  4 92  0  0
 0  0      0 4353776 161944 1683748    0    0     0    32 1848 2441  1  1 98  0  0
 0  0      0 4353552 161944 1683752    0    0     0     0 1431 1749  1  1 98  0  0
 0  0      0 4353552 161944 1683760    0    0     0     0 1310 1601  0  1 99  0  0
 0  0      0 4353552 161944 1683768    0    0     0   140 1576 1953  1  2 98  0  0
 0  0      0 4353552 161944 1683772    0    0     0     8 2613 4029  1  2 97  0  0
 0  0      0 4355524 161944 1683772    0    0     0    24 1509 1828  1  1 98  0  0
 0  0      0 4355524 161944 1683776    0    0     0     0 1256 1414  1  1 98  0  0
 0  0      0 4355524 161944 1683784    0    0     0     0 1570 1906  1  2 97  0  0
 0  0      0 4355524 161948 1683792    0    0     0    56 2395 3472  1  2 97  0  0
 0  0      0 4355272 161948 1683796    0    0     0     4 1258 1489  1  1 98  0  0
 0  0      0 4351752 161948 1683812    0    0     0    16 7696 12805 14 10 76  0  0
 0  0      0 4347780 161948 1683820    0    0     0    40 5718 9576 11  7 82  0  0
 0  0      0 4352172 161948 1683836    0    0     0    92 3399 5266  5  4 91  0  0
 1  0      0 4336960 161952 1684144    0    0     0  1204 9470 15494  7 13 78  2  0
 1  0      0 4305004 161952 1688248    0    0  2272   588 5789 8884 15  7 77  1  0
 1  0      0 4138708 161952 1689040    0    0   672     0 2254 2348 16  3 81  0  0
 1  0      0 4129396 161952 1689280    0    0    88     8 1862 1715 16  2 82  1  0
 1  0      0 4113972 161952 1689688    0    0    24     8 1966 1889 16  3 80  0  0
 1  0      0 4091476 161952 1689816    0    0     0    32 2001 1904 16  3 82  0  0
 1  0      0 4085680 161952 1689868    0    0     0   148 1865 1720 17  1 82  0  0
procs -----------memory---------- ---swap-- -----io---- -system-- ------cpu-----
 r  b   swpd   free   buff  cache   si   so    bi    bo   in   cs us sy id wa st
 1  0      0 4075364 161952 1690012    0    0     0    12 2399 3105 16  3 81  0  0
 1  0      0 4069568 161952 1690836    0    0   680     0 1769 1878 16  1 82  1  0
 1  0      0 4060772 161952 1690940    0    0     0    12 1939 1756 16  2 82  0  0
 3  0      0 4038168 161952 1690932    0    0     0     4 5032 8649 24  7 69  0  0
 5  0      0 4040384 161952 1691040    0    0     0   128 6209 10314 26  8 66  0  0
 1  0      0 4023548 161952 1691148    0    0     0    40 4234 6803 22  6 71  0  0
 1  0      0 4015484 161956 1691324    0    0     0    80 4356 6372 21  6 73  0  0
 2  1      0 3999680 161964 1693408    0    0     0  1528 9829 16600 25 15 58  3  0
 2  0      0 3862960 161964 1694260    0    0     0    12 2576 2702 31  4 65  0  0
 2  0      0 3567604 161964 1708248    0    0     0     4 7754 7889 28  7 64  2  0
 1  0      0 3205904 161964 1710400    0    0     0     0 3842 4153 26  6 67  0  0
 1  0      0 3165796 161964 1714348    0    0     0    32 3535 3473 26  3 71  0  0
 1  0      0 3136728 161964 1717452    0    0     0  2720 3434 3413 26  3 70  0  0
 1  0      0 3113584 161968 1721224    0    0     0   200 3680 3770 26  3 71  1  0
 4  0      0 3091960 161968 1725112    0    0     0    12 4650 5617 26  4 70  0  0
 2  0      0 3073704 161968 1729016    0    0     0     4 4601 5379 26  4 70  0  0
 2  0      0 3054012 161968 1732228    0    0     0     8 3483 3436 26  3 71  1  0
 4  2      0 3020484 161968 1735896    0    0     0   236 4709 5822 31  8 61  1  0
 7  0      0 2950048 161968 1739332    0    0     0     8 7001 11162 37  9 54  0  0
 2  0      0 2941272 161968 1739588    0    0     0    28 4595 7954 43  8 49  0  0
 1  0      0 3916392 161968 1739716    0    0     0    12 4688 7456 32 11 57  0  0
procs -----------memory---------- ---swap-- -----io---- -system-- ------cpu-----
 r  b   swpd   free   buff  cache   si   so    bi    bo   in   cs us sy id wa st
 1  0      0 3908592 161968 1739852    0    0     0    16 1588 1919 17  1 82  0  0
 1  0      0 3899268 161968 1739940    0    0     0    12 1562 1802 16  2 82  0  0
 1  0      0 3774064 161968 1753192    0    0     0   300 7356 7954 12  6 80  2  0
 2  0      0 3256780 161968 1757748    0    0     0   904 4224 5372 11  5 84  0  0
 1  0      0 3213388 161968 1761952    0    0     0     0 3080 3958 14  3 83  0  0
 1  0      0 3193248 161968 1766828    0    0     0    20 3192 3613 12  2 86  0  0
 0  0      0 3145592 161968 1772852    0    0     0     8 4382 5506 12  3 85  0  0
 1  0      0 3110364 161968 1777360    0    0     0 14176 3162 3395 13  2 85  1  0
 1  0      0 3048236 161968 1781384    0    0     0     0 2184 2136 15  2 83  0  0
 1  0      0 3045352 161968 1784424    0    0     0     0 2766 3336 15  2 84  0  0
 1  0      0 2925164 161968 1794020    0    0     0     4 2763 2761 13  2 84  0  0
 1  0      0 2808620 161968 1797332    0    0     0 10184 2846 3060 13  2 85  0  0
 1  0      0 2725752 161968 1803504    0    0     0   148 3833 5189 14  3 82  1  0
 1  0      0 2615956 161968 1810612    0    0     0     0 3688 4669 14  3 82  0  0
 1  0      0 2512228 161968 1821808    0    0     0     0 3491 4161 14  3 82  1  0
 1  0      0 2386608 161968 1830596    0    0     0     0 3618 4202 14  3 82  1  0
 0  0      0 2254860 161968 1836888    0    0     0    12 2854 2917 14  4 82  0  0
 1  0      0 2160880 161968 1845292    0    0     0   160 2695 2664 13  3 83  1  0
 0  0      0 2026336 161968 1856116    0    0     0     0 3039 3199 15  3 83  0  0
 1  0      0 1935372 161968 1865652    0    0     0     0 3246 3832 15  2 83  0  0
 1  0      0 1789312 161968 1875404    0    0     0     0 3128 3325 14  3 83  0  0
procs -----------memory---------- ---swap-- -----io---- -system-- ------cpu-----
 r  b   swpd   free   buff  cache   si   so    bi    bo   in   cs us sy id wa st
 1  1      0 1735132 161968 1884468    0    0     0    76 2398 2598 13  3 84  0  0
 1  0      0 1588816 161968 1891516    0    0     0    12 2510 2797 14  2 83  0  0
 1  0      0 1448764 161968 1898808    0    0     0    36 3429 4331 14  3 82  0  0
 0  0      0 1330604 161968 1904632    0    0     0     0 3231 3983 14  4 82  0  0
 1  0      0 1220288 161968 1911476    0    0     0     0 2522 2718 13  3 83  0  0
 1  0      0 1082348 161968 1919120    0    0     0     0 2677 2745 14  4 82  0  0
 1  0      0 942276 161968 1924704    0    0     0    72 4185 5486 14  3 83  0  0
 1  0      0 1012616 161968 1932428    0    0     0    32 2450 2500 13  2 85  0  0
 1  0      0 985076 161968 1935760    0    0     0    28 2860 3580 15  2 84  0  0
 1  0      0 982024 161968 1938840    0    0     0     0 2751 3418 14  1 85  0  0
 1  0      0 878048 161968 1943640    0    0     0     8 2854 3131 12  2 85  0  0
 1  0      0 847784 161968 1952472    0    0     0    96 3385 3871 13  4 82  1  0
 0  0      0 730000 161968 1963412    0    0     0     4 5390 6605 13  4 83  1  0
 1  0      0 2624796 161968 1970900    0    0     0    16 2521 2878 15  2 83  0  0
 1  0      0 2987192 161968 1971032    0    0     0    28 1690 1453 17  2 82  0  0
 0  0      0 4026820 161968 1971040    0    0     0     0 3036 3521 13  6 80  0  0
 0  0      0 4026244 161968 1971044    0    0     0   300 1680 1991  1  1 98  0  0
 0  0      0 4025780 161968 1971064    0    0     0 65548 2013 2613  0  2 96  2  0
