procs -----------memory---------- ---swap-- -----io---- -system-- ------cpu-----
 r  b   swpd   free   buff  cache   si   so    bi    bo   in   cs us sy id wa st
 9  0      0 4590332  18864 1593816    0    0     5     7    1   15  1  1 98  0  0
 1  0      0 4589868  18864 1593836    0    0     0     0 6274 10628 14  8 79  0  0
 0  0      0 4589620  18872 1593836    0    0     0    92 1381 1403  1  1 98  0  0
 0  0      0 4589620  18872 1593840    0    0     0     0 1665 2068  0  1 99  0  0
 0  0      0 4589620  18872 1593844    0    0     0     0 1300 1367  0  1 99  0  0
 0  0      0 4589872  18872 1593852    0    0     0    16 1403 1583  1  1 99  0  0
 0  0      0 4589872  18872 1593852    0    0     0    24 1375 1569  1  2 97  0  0
 0  0      0 4589872  18880 1593856    0    0     0   112 1697 2028  1  2 98  0  0
 0  0      0 4589872  18880 1593864    0    0     0     0 1759 2338  1  1 98  0  0
 0  0      0 4589872  18880 1593864    0    0     0     0 1093 1155  0  1 99  0  0
 0  0      0 4591880  18880 1593868    0    0     0     0 1111 1128  0  1 99  0  0
 0  0      0 4591656  18896 1593860    0    0     0   164 2367 3193  1  2 97  0  0
 1  0      0 4576372  18916 1595524    0    0  1364   992 8642 14276  7 10 80  3  0
 1  0      0 4558492  18944 1596944    0    0     0   576 4310 6357 13  8 79  0  0
 1  0      0 4390468  18944 1596948    0    0     0     0 2593 2834 15  4 81  0  0
 1  0      0 4375864  18944 1597164    0    0     0     0 1871 1709 17  2 82  0  0
 1  0      0 4360756  18944 1597508    0    0     0   500 2374 2369 17  3 79  1  0
 1  0      0 4337992  18944 1597620    0    0     0     8 1865 1755 16  3 82  0  0
 1  0      0 4331456  18952 1597660    0    0     0   184 2458 2846 17  2 81  0  0
 2  0      0 4321892  18952 1597908    0    0     0     4 1636 1384 16  2 83  0  0
 1  0      0 4311572  18952 1598136    0    0     0     0 1610 1380 16  2 82  0  0
procs -----------memory---------- ---swap-- -----io---- -system-- ------cpu-----
 r  b   swpd   free   buff  cache   si   so    bi    bo   in   cs us sy id wa st
 1  0      0 4303268  18952 1598252    0    0     0     0 1844 2115 17  1 82  0  0
 1  0      0 4287908  18952 1598400    0    0     0     8 1769 1802 17  2 82  0  0
 1  0      0 4282364  18960 1598500    0    0     0   284 2156 2534 17  1 81  1  0
 1  0      0 4269712  18960 1598636    0    0     0    28 1337 1380 16  1 83  0  0
 1  0      0 4260388  18960 1598768    0    0     0     0 1482 1450 16  2 82  0  0
 1  0      0 4255108  18960 1598884    0    0     0     0 1653 1620 17  2 81  0  0
 1  0      0 4246036  18960 1598968    0    0     0     8 1747 1907 17  1 82  0  0
 1  0      0 3965848  18968 1610988    0    0     0    96 6948 8105 12  7 79  2  0
 1  0      0 3859484  18968 1629776    0    0 12392     8 3829 4118 12  3 82  3  0
 0  0      0 3852336  18968 1633592    0    0     0    28 3285 3653 15  2 82  1  0
 1  0      0 3826816  18968 1639860    0    0     0    48 3930 4177 14  3 83  1  0
 1  0      0 3787352  18968 1644952    0    0     0     0 3708 3979 15  3 82  1  0
 1  0      0 3782272  18984 1645944    0    0     0   252 3943 5099 18  3 79  0  0
 2  0      0 3778836  19004 1646448    0    0   204   920 7883 12872 23  9 65  3  0
 1  0      0 4491108  19032 1650144    0    0  1744   584 4053 5778 14 11 74  1  0
 1  0      0 4318468  19032 1650228    0    0     0    40 2124 2409 15  5 80  0  0
 1  0      0 4305824  19032 1650520    0    0     0     0 1763 1867 16  2 82  0  0
 1  0      0 4294736  19032 1650828    0    0     0    28 2358 2828 16  3 81  0  0
 1  0      0 4278128  19032 1650928    0    0     0     0 1682 1451 16  3 81  0  0
 1  0      0 4263512  19044 1650984    0    0     0   156 1741 1497 16  2 82  0  0
 1  0      0 4254200  19044 1651236    0    0     0    32 1826 1661 16  2 82  0  0
procs -----------memory---------- ---swap-- -----io---- -system-- ------cpu-----
 r  b   swpd   free   buff  cache   si   so    bi    bo   in   cs us sy id wa st
 1  0      0 4243124  19044 1651428    0    0     0   572 2129 2176 16  2 81  1  0
 1  0      0 4234820  19044 1651512    0    0     0    12 1990 2550 17  2 81  0  0
 1  0      0 4222040  19044 1651680    0    0     0     0 1452 1720 17  2 82  0  0
 2  0      0 4217252  19056 1651784    0    0     0   136 1486 1726 17  2 82  0  0
 1  0      0 4206880  19056 1651916    0    0     0    52 1633 1750 17  2 81  0  0
 1  0      0 4199848  19076 1652080    0    0     0   192 3766 5058 19  4 77  0  0
 2  0      0 4170240  19096 1652948    0    0     0   952 8582 14744 24 10 63  2  0
 2  0      0 4133648  19124 1654784    0    0     0   584 3730 5330 30  6 64  0  0
 2  0      0 3850612  19124 1668652    0    0     0     0 7870 8323 27  8 63  1  0
 2  0      0 3526112  19124 1671388    0    0     0   856 3422 3338 26  6 68  0  0
 1  0      0 3489920  19124 1676372    0    0     0     4 3939 4192 26  4 69  1  0
 2  0      0 3455580  19124 1680452    0    0     0    36 3962 4710 27  4 69  0  0
 2  0      0 3437948  19136 1683852    0    0     0   204 3336 3555 28  3 68  1  0
 1  0      0 3413880  19136 1688080    0    0     0   616 3706 3840 27  4 68  1  0
 2  0      0 3391428  19136 1691728    0    0     0    24 3329 3424 28  4 68  0  0
 2  0      0 3372256  19136 1693956    0    0     0     0 2889 3056 29  4 67  0  0
 2  0      0 3344160  19136 1698392    0    0     0     4 4590 5591 28  4 68  1  0
 2  0      0 3408960  19148 1700684    0    0     0   204 2403 2443 30  3 67  0  0
 2  0      0 3402564  19148 1700804    0    0     0   156 2418 2849 33  2 65  0  0
 1  0      0 4132700  19148 1700952    0    0     0     0 1540 1565 20  5 75  0  0
 1  0      0 4124144  19148 1701100    0    0     0    24 1711 1990 16  3 81  0  0
procs -----------memory---------- ---swap-- -----io---- -system-- ------cpu-----
 r  b   swpd   free   buff  cache   si   so    bi    bo   in   cs us sy id wa st
 1  0      0 4114820  19148 1701156    0    0     0     0 1690 2118 17  2 81  0  0
 1  0      0 3952408  19164 1715016    0    0     4  9920 6955 7419 12  6 80  1  0
 0  0      0 3576424  19164 1715656    0    0     0    20 2652 3233 10  5 84  0  0
 1  0      0 3559592  19164 1717240    0    0     0     4 2400 2711 11  3 86  0  0
 2  0      0 3545024  19164 1718808    0    0     0 12808 2979 3196 11  3 86  0  0
 1  0      0 3534268  19164 1720516    0    0     0     0 3043 3878 11  3 86  0  0
 1  0      0 3523704  19172 1721900    0    0     0  6032 2393 2497 10  3 87  0  0
 1  0      0 3509860  19172 1723672    0    0     0     4 2508 2674 11  2 87  0  0
 1  0      0 3497288  19172 1724948    0    0     0     8 2578 2776 10  2 88  0  0
 1  0      0 3485948  19172 1726684    0    0     0    32 2611 2942 11  2 87  0  0
 1  0      0 3466576  19172 1728196    0    0     0     0 3027 3670 12  2 86  0  0
 1  0      0 3466576  19180 1728200    0    0     0   196 1770 1402 17  2 81  0  0
 1  0      0 4421852  19180 1728204    0    0     0     0 1842 1609 12  7 82  0  0
 0  0      0 4421852  19180 1728208    0    0     0     8 1617 1879  1  4 95  0  0
 0  0      0 4421604  19180 1728212    0    0     0     8 2216 2929  1  2 97  0  0
 0  0      0 4421604  19180 1728216    0    0     0    28 2788 4049  2  2 96  0  0
 0  0      0 4421604  19188 1728220    0    0     0   156 1349 1392  0  1 99  0  0
 0  0      0 4421604  19188 1728232    0    0     0     0 1235 1300  1  1 99  0  0
 0  0      0 4421692  19188 1728232    0    0     0    16 1067 1143  0  1 99  0  0
 0  0      0 4421944  19188 1728236    0    0     0     0 1313 1368  0  1 99  0  0
 0  0      0 4421696  19188 1728240    0    0     0     8 2102 2834  1  2 98  0  0
procs -----------memory---------- ---swap-- -----io---- -system-- ------cpu-----
 r  b   swpd   free   buff  cache   si   so    bi    bo   in   cs us sy id wa st
 0  0      0 4421696  19196 1728244    0    0     0    88 1080 1176  1  1 99  0  0
 0  0      0 4421448  19196 1728248    0    0     0     0 1494 1765  1  1 98  0  0
 0  0      0 4421448  19196 1728252    0    0     0     4 1400 1533  1  2 97  0  0
 0  0      0 4421448  19196 1728256    0    0     0     0 1359 1470  1  1 98  0  0
 0  0      0 4421448  19196 1728260    0    0     0     0 2211 3212  1  2 98  0  0
 0  0      0 4421208  19204 1728268    0    0     0    96 1243 1342  1  1 98  0  0
 0  0      0 4421208  19204 1728276    0    0     0    28 1216 1273  1  1 98  0  0
 0  0      0 4422680  19204 1728280    0    0     0     0 1168 1222  0  1 98  0  0
 0  0      0 4422428  19204 1728304    0    0    20     8 1244 1395  1  1 98  0  0
 0  0      0 4422428  19204 1728304    0    0     0     0 1927 2697  2  2 97  0  0
 0  0      0 4422428  19212 1728308    0    0     0    48 1172 1231  0  1 99  0  0
 0  0      0 4422428  19212 1728316    0    0     0    12 1330 1547  1  1 99  0  0
 0  0      0 4422112  19212 1728324    0    0     0    28 1397 1580  2  2 97  0  0
 0  0      0 4421860  19212 1728328    0    0     0     0 1326 1486  1  1 98  0  0
 0  0      0 4421860  19212 1728328    0    0     0     8 2107 2976  0  2 98  0  0
 0  0      0 4421860  19220 1728332    0    0     0  1036 1192 1292  0  1 99  0  0
 1  0      0 4421620  19220 1728340    0    0     0     0 1238 1332  1  1 98  0  0
 0  0      0 4421620  19220 1728344    0    0     0     8 1120 1231  0  1 99  0  0
 0  0      0 4421116  19220 1728344    0    0     0    24 1318 1511  1  1 98  0  0
 0  0      0 4421116  19220 1728348    0    0     0     4 1712 2212  1  1 98  0  0
 0  0      0 4421116  19228 1728356    0    0     0    52 1221 1355  0  1 99  0  0
procs -----------memory---------- ---swap-- -----io---- -system-- ------cpu-----
 r  b   swpd   free   buff  cache   si   so    bi    bo   in   cs us sy id wa st
 0  0      0 4421116  19228 1728364    0    0     0  6152 1569 1754  0  1 98  0  0
 0  0      0 4421116  19228 1728368    0    0     0     0 1348 1428  1  2 97  0  0
 2  0      0 4415004  19228 1728368    0    0     0     8 1422 1621  1  2 97  0  0
