procs -----------memory---------- ---swap-- -----io---- -system-- ------cpu-----
 r  b   swpd   free   buff  cache   si   so    bi    bo   in   cs us sy id wa st
 4  0      0 4234348 150792 1671324    0    0     2    12    8    3  2  1 97  0  0
 0  0      0 4234072 150792 1671344    0    0     0   184 6688 11067 15  9 76  0  0
 1  0      0 4234072 150792 1671348    0    0     0     0 1458 1800  1  1 98  0  0
 0  0      0 4233832 150792 1671348    0    0     0     0 1855 2528  2  1 97  0  0
 0  0      0 4233076 150792 1671352    0    0     0    16 1961 2606  1  3 96  0  0
 0  0      0 4233076 150792 1671364    0    0     0    24 1989 2730  1  2 97  0  0
 0  0      0 4233076 150792 1671368    0    0     0   124 1708 2297  1  2 97  0  0
 0  0      0 4233076 150792 1671372    0    0     0     0 1863 2565  1  1 98  0  0
 0  0      0 4233076 150792 1671384    0    0     0     0 2417 3558  1  2 97  0  0
 0  0      0 4232828 150792 1671388    0    0     0     0 2051 2704  1  2 97  0  0
 0  0      0 4232828 150792 1671400    0    0     0     4 3593 5618  3  3 94  0  0
 0  0      0 4232828 150792 1671404    0    0     0   164 3067 4532  3  3 94  0  0
 0  0      0 4232588 150792 1671408    0    0     0    32 1647 2109  1  2 98  0  0
 0  0      0 4232588 150792 1671412    0    0     0     0 1862 2506  1  2 97  0  0
 0  0      0 4232336 150792 1671416    0    0     0     0 2003 2575  2  3 95  0  0
 0  0      0 4232336 150792 1671424    0    0     0     0 1622 2018  1  2 98  0  0
 0  0      0 4232084 150792 1671436    0    0     0    88 1789 2254  1  2 97  0  0
 0  0      0 4232084 150792 1671440    0    0     0    16 1558 1978  1  2 98  0  0
 0  0      0 4232084 150792 1671448    0    0     0    32 2166 2991  2  2 96  0  0
 0  0      0 4230812 150792 1671580    0    0   124     0 6635 10705 15 12 73  0  0
 3  0      0 4232768 150792 1671600    0    0     0     0 6379 10592 13  9 77  0  0
procs -----------memory---------- ---swap-- -----io---- -system-- ------cpu-----
 r  b   swpd   free   buff  cache   si   so    bi    bo   in   cs us sy id wa st
 2  0      0 4234868 150796 1671608    0    0     0   140 2358 3319  3  3 94  0  0
 0  0      0 4234868 150796 1671612    0    0     0    28 2798 4055  5  3 92  0  0
 0  0      0 4234868 150796 1671616    0    0     0     8 1662 2188  1  1 98  0  0
 0  0      0 4234868 150796 1671620    0    0     0    44 2577 3623  3  3 94  0  0
 0  0      0 4234868 150796 1671628    0    0     0     0 1820 2346  3  2 95  0  0
 1  0      0 4234868 150796 1671640    0    0     0    84 3070 4661  2  3 95  0  0
 0  0      0 4234868 150796 1671640    0    0     0    32 2242 3206  2  2 97  0  0
 0  0      0 4234868 150796 1671644    0    0     0     4 2300 3354  1  1 97  0  0
 0  0      0 4232984 150796 1671652    0    0     0     8 2179 2907  2  3 95  0  0
 0  0      0 4232984 150796 1671660    0    0     0    28 2558 3844  1  3 96  0  0
 0  0      0 4232984 150796 1671664    0    0     0   184 1941 2543  1  2 97  0  0
 0  0      0 4232984 150796 1671672    0    0     0    24 1605 1979  2  2 97  0  0
 0  0      0 4232984 150796 1671680    0    0     0     0 1900 2577  2  2 97  0  0
 0  0      0 4232984 150796 1671688    0    0     0     8 2223 3080  2  3 96  0  0
 0  0      0 4232984 150796 1671696    0    0     0    12 1671 2247  2  2 96  0  0
 2  0      0 4228840 150796 1671700    0    0     0   104 5056 7741 11  8 80  0  0
 2  0      0 4218832 150796 1671716    0    0     0     0 5242 8634 11  8 81  0  0
 0  0      0 4230908 150796 1671728    0    0     0    20 5055 8357  8  6 85  0  0
 0  0      0 4232712 150796 1671728    0    0     0     0 4614 7391 10  7 83  0  0
 0  0      0 4232712 150796 1671736    0    0     0     8 3348 5302  2  3 95  0  0
 0  0      0 4232224 150796 1671744    0    0     0   180 2948 4567  2  2 96  0  0
procs -----------memory---------- ---swap-- -----io---- -system-- ------cpu-----
 r  b   swpd   free   buff  cache   si   so    bi    bo   in   cs us sy id wa st
 0  1      0 4227720 150804 1671776    0    0     0   348 3920 5807  4  4 91  1  0
 1  0      0 4216924 150808 1672068    0    0     0   776 9131 15366 11 12 73  4  0
 1  0      0 4189956 150812 1673896    0    0     0   688 4814 6825 14  8 77  1  0
 1  0      0 4024452 150812 1674004    0    0     0     0 2491 2806 15  4 81  0  0
 3  0      0 4010604 150812 1674184    0    0     0    20 2345 2663 16  3 81  0  0
 1  0      0 3997008 150812 1674428    0    0     0   568 2357 2635 16  2 82  0  0
 1  0      0 3982900 150812 1674628    0    0     0    52 2967 3785 17  2 81  0  0
 1  0      0 3965128 150816 1674748    0    0     0   244 2402 2545 16  3 81  0  0
 1  0      0 3956812 150816 1674776    0    0     0     0 3099 4122 18  3 80  0  0
 1  0      0 3949768 150816 1675028    0    0     0     4 2397 2670 16  3 81  0  0
 1  0      0 3947272 150816 1675192    0    0     0     4 1996 1981 16  2 82  0  0
 3  0      0 3932000 150816 1675328    0    0     0    36 4537 7160 26  8 66  0  0
 4  0      0 3918768 150816 1675360    0    0     0   452 6031 9805 26 11 61  2  0
 1  0      0 3918380 150816 1675468    0    0     0     0 4095 6235 22  6 72  0  0
 1  0      0 3906988 150816 1675548    0    0     0    28 4580 7359 22  5 73  0  0
 1  0      0 3899692 150816 1675656    0    0     0     0 2157 2734 17  2 82  0  0
 1  0      0 3892636 150816 1675788    0    0     0    16 2865 4003 18  2 80  0  0
 2  1      0 3888668 150816 1675980    0    0     0   596 4618 6985 22  5 72  1  0
 6  0      0 3869732 150816 1677708    0    0     0  1176 8979 15111 25 14 59  2  0
 2  0      0 3795504 150820 1678212    0    0     0    44 4333 6193 31  6 63  0  0
 2  0      0 3302856 150820 1691444    0    0     0     0 7454 7672 23 11 65  1  0
procs -----------memory---------- ---swap-- -----io---- -system-- ------cpu-----
 r  b   swpd   free   buff  cache   si   so    bi    bo   in   cs us sy id wa st
 1  0      0 3270552 150820 1696116    0    0     0     0 4241 4572 27  4 68  1  0
 2  0      0 3242968 150820 1700096    0    0     0   556 4383 5047 28  6 65  1  0
 2  0      0 3215976 150820 1704444    0    0     0    20 3984 4112 26  4 70  0  0
 2  0      0 3189384 150820 1708532    0    0     0  6896 4178 4396 26  6 68  1  0
 2  0      0 3166748 150820 1712876    0    0     0     0 4225 4413 27  3 69  1  0
 2  0      0 3142520 150820 1717440    0    0     0     4 5065 5948 26  5 69  0  0
 2  0      0 3115920 150820 1721948    0    0     0    36 4494 4823 27  4 69  0  0
 4  0      0 3099520 150820 1723048    0    0     0     0 3195 4174 36  5 59  0  0
 2  0      0 3089868 150820 1723196    0    0     0   636 5734 11191 42 11 47  0  0
 2  0      0 3083908 150820 1723292    0    0     0     4 4207 9417 44  8 48  0  0
 1  0      0 3860628 150820 1723356    0    0     0     0 4186 6639 30 11 59  0  0
 1  0      0 3847236 150820 1723440    0    0     0    36 2269 2832 17  4 79  0  0
 1  0      0 3842196 150820 1723596    0    0     0    12 1861 2238 16  2 82  0  0
 3  0      0 3832896 150824 1723708    0    0     0   176 3036 3954 18  4 76  1  0
 2  0      0 3807844 150828 1724304    0    0     0   984 8782 14893 25 11 61  3  0
 2  0      0 3792240 150836 1726072    0    0     0   588 5091 7643 28  9 63  1  0
 3  0      0 3355032 150836 1739960    0    0     0    32 7737 8102 24 12 62  2  0
 1  0      0 3048636 150836 1747236    0    0  6672     0 3193 3322 26  6 67  1  0
 2  0      0 3021440 150836 1749044    0    0     0   532 4901 6360 26  5 69  0  0
 2  0      0 2990720 150836 1751040    0    0     0     0 3006 3071 28  3 70  0  0
 2  0      0 2965540 150840 1752740    0    0     0   224 3101 3239 26  4 70  0  0
procs -----------memory---------- ---swap-- -----io---- -system-- ------cpu-----
 r  b   swpd   free   buff  cache   si   so    bi    bo   in   cs us sy id wa st
 2  0      0 2944384 150840 1754124    0    0     0     4 3135 3372 26  5 69  0  0
 1  0      0 2917932 150840 1755912    0    0     0   156 3056 3311 27  3 70  0  0
 1  0      0 2904108 150840 1757608    0    0     0     0 4011 5253 27  3 70  0  0
 2  0      0 2881164 150844 1759248    0    0     0   308 2999 3323 28  4 68  0  0
 2  0      0 2832104 150844 1760960    0    0     0   268 7220 13002 40 11 49  0  0
 3  0      0 2821560 150844 1761172    0    0     0    36 4435 9822 42  7 50  0  0
 2  0      0 2911312 150844 1761272    0    0     0    60 3926 5511 37  5 58  0  0
 1  0      0 3765812 150844 1761392    0    0     0     4 3481 4591 23 11 66  0  0
 1  0      0 3756752 150844 1761512    0    0     0   124 1904 2191 16  3 81  0  0
 1  0      0 3752508 150848 1761620    0    0     0    96 3182 4223 19  4 77  0  0
 6  0      0 3728248 150848 1762148    0    0     0  1020 8341 13991 25 12 61  3  0
 4  0      0 3352060 150852 1777384    0    0     0   660 9937 12799 20 17 61  3  0
 2  0      0 2929768 150852 1783156    0    0  1108     4 4158 4703 27  8 65  1  0
 1  0      0 2852984 150852 1787584    0    0     0  1968 3027 3276 29  3 68  0  0
 2  0      0 2822780 150852 1792424    0    0     0    32 4352 5748 28  4 68  0  0
 1  0      0 2752396 150852 1798868    0    0     0 10964 3810 4172 28  4 69  0  0
 2  0      0 2706768 150852 1803316    0    0     0   356 3386 3812 27  4 67  3  0
 2  0      0 2668636 150852 1805972    0    0     0 12916 4555 6362 31  4 65  0  0
 2  0      0 2620152 150852 1810112    0    0     0  5888 3148 3264 31  2 67  0  0
 2  0      0 2497200 150852 1817560    0    0     0     4 3802 4219 28  4 68  1  0
 3  1      0 2461464 150852 1824016    0    0     0     4 3202 3460 30  4 66  0  0
procs -----------memory---------- ---swap-- -----io---- -system-- ------cpu-----
 r  b   swpd   free   buff  cache   si   so    bi    bo   in   cs us sy id wa st
 3  0      0 2314836 150856 1827996    0    0     0   736 5815 11545 42 14 43  1  0
 2  0      0 2219268 150856 1833076    0    0     0     0 5732 8942 39 11 50  0  0
 3  0      0 2104768 150856 1842736    0    0     0     8 4684 6451 35  6 59  1  0
 2  0      0 2002472 150856 1852776    0    0     0     4 4336 5803 32  5 63  0  0
 2  0      0 1859512 150856 1859124    0    0     0     8 2800 2964 30  4 66  0  0
 2  0      0 1761560 150860 1867920    0    0     0   132 3831 4290 29  4 65  1  0
 2  0      0 1643204 150860 1877404    0    0     0    40 5029 6474 31  4 64  1  0
 2  0      0 1396676 150860 1887212    0    0     0     0 4333 4737 28  5 66  0  0
 2  0      0 981772 150860 1907360    0    0     0     8 7437 7594 24 10 65  2  0
 2  0      0 899488 150860 1916416    0    0     0    12 3934 4401 24  6 70  0  0
 2  0      0 837996 150860 1928572    0    0     0   180 4910 5463 24  6 70  1  0
 2  0      0 591496 150860 1936160    0    0     0     0 5213 6359 24  5 71  0  0
 0  0      0 519120 150860 1944824    0    0     0    32 3993 4368 25  4 71  0  0
 2  0      0 408432 150860 1951572    0    0     0     0 4819 5960 24  5 71  0  0
 2  0      0 269128 150860 1960168    0    0     0     8 3998 4279 24  4 71  0  0
 2  0      0 150024 150860 1967708    0    0     0   132 4336 4753 25  4 70  0  0
 2  9      0 186908 148552 1886096    0    0  1076 56608 9500 12937 24 10 22 44  0
 2  3      0 204300 147628 1863428    0    0  1896 37512 3845 4153 10  4 26 60  0
 2  2      0 286876 147632 1869492    0    0   976  8392 4495 4308 29  5 42 24  0
 2  0      0 271276 147632 1876768    0    0  3460     0 6000 10893 37  9 44 10  0
 2  1      0 249324 147632 1888340    0    0  9080   724 6371 10126 37  9 52  2  0
procs -----------memory---------- ---swap-- -----io---- -system-- ------cpu-----
 r  b   swpd   free   buff  cache   si   so    bi    bo   in   cs us sy id wa st
 4  0      0 872036 147632 1911764    0    0 18264    76 4092 4620 15  6 74  5  0
 1  0      0 833204 147632 1919260    0    0     0     4 5524 7999 18  5 77  1  0
 6  0      0 696520 147632 1929740    0    0     0  9300 3682 3752 13  3 83  1  0
 1  0      0 645808 147632 1937016    0    0     0     0 2512 2972 14  3 83  0  0
 8  0      0 2687244 147636 1938440    0    0  1268   644 8413 14261 22 11 65  2  0
 2  0      0 2665108 147652 1950668    0    0  9840   976 7420 11115 24 11 61  4  0
 1  1      0 2738136 147652 1954824    0    0  3772   200 4389 6513 32  4 63  2  0
 1  0      0 3758584 147652 1960648    0    0  5592    48 3413 4362 18 12 69  2  0
 1  0      0 3743236 147652 1960904    0    0     0     0 2117 2604 18  3 80  0  0
 2  0      0 3732160 147652 1961264    0    0     0     4 2150 2600 17  2 81  0  0
 1  0      0 3713460 147652 1961408    0    0     0  1160 2652 3003 16  3 80  1  0
 6  0      0 3700232 147656 1961696    0    0     0   184 2595 3592 16  3 81  0  0
 1  0      0 3692208 147656 1961696    0    0     0   148 2009 2325 17  2 81  0  0
 1  0      0 3684144 147656 1963260    0    0  1180    12 2380 2916 16  3 81  0  0
 2  0      0 3680628 147656 1964052    0    0   848     0 2265 2691 16  3 81  0  0
 1  0      0 3667636 147656 1964356    0    0     0     4 3441 4800 17  3 80  0  0
 1  0      0 3652024 147656 1964488    0    0     0   116 2135 2250 16  3 81  0  0
 1  0      0 3651788 147660 1964668    0    0     0   152 2099 2256 17  3 80  0  0
 1  0      0 3640384 147660 1964784    0    0     0    64 2250 2564 17  2 81  0  0
 1  0      0 3632504 147660 1965084    0    0     4     4 3564 4956 18  3 78  0  0
 1  0      0 3624280 147660 1965116    0    0     0    28 2181 2339 17  2 81  0  0
procs -----------memory---------- ---swap-- -----io---- -system-- ------cpu-----
 r  b   swpd   free   buff  cache   si   so    bi    bo   in   cs us sy id wa st
 2  0      0 3620260 147660 1965272    0    0     0     8 2341 2607 17  2 81  0  0
 1  0      0 3613976 147668 1965392    0    0     0   280 2855 3337 18  2 80  0  0
 1  0      0 3573312 147668 1965608    0    0     0    28 2698 3233 16  3 80  0  0
 1  0      0 3252164 147668 1970672    0    0  1208     8 4138 4530  9  9 82  1  0
 1  0      0 3229436 147668 1972940    0    0     0     4 4274 5939 12  4 85  0  0
 1  0      0 3215576 147668 1975280    0    0     0  2128 2787 3219 11  3 87  0  0
 1  0      0 3201716 147672 1977104    0    0     0 39328 3259 4009 12  5 84  0  0
 2  1      0 3182816 147672 1981676    0    0  2048  8080 3660 4312 12  3 82  3  0
 1  0      0 3160664 147672 1994804    0    0 11520    32 3365 4226 11  4 71 14  0
 0  0      0 3146076 147672 1997408    0    0     0     8 2493 2913 12  3 86  0  0
 1  0      0 3143836 147672 1997996    0    0     0    32 2148 2743 16  2 82  0  0
 1  0      0 3178424 147676 1998160    0    0     0   632 3032 4209 18  2 80  0  0
 1  0      0 3198084 147676 1998168    0    0     0     4 2201 2597 18  2 80  0  0
 0  0      0 3919112 147676 1998192    0    0     0     0 4098 6348  6 10 84  0  0
 0  0      0 3919192 147676 1998200    0    0     0    32 3322 5191  2  3 95  0  0
 0  0      0 3919192 147676 1998200    0    0     0     8 1915 2490  1  2 97  0  0
 0  0      0 3919192 147680 1998200    0    0     0   616 2298 2866  3  3 94  0  0
 1  0      0 3919192 147680 1998212    0    0     0     0 2049 2560  1  2 97  0  0
 1  0      0 3919192 147680 1998216    0    0     0     8 2090 2679  3  2 95  0  0
 0  0      0 3919192 147680 1998228    0    0     0     0 1584 1988  1  2 98  0  0
 0  0      0 3919192 147680 1998232    0    0     0     0 1584 1945  1  2 97  0  0
procs -----------memory---------- ---swap-- -----io---- -system-- ------cpu-----
 r  b   swpd   free   buff  cache   si   so    bi    bo   in   cs us sy id wa st
 0  0      0 3919192 147680 1998240    0    0     0    88 2504 3533  3  2 95  0  0
 0  0      0 3918944 147680 1998244    0    0     0    12 2153 2920  1  2 97  0  0
 1  0      0 3918944 147680 1998256    0    0     0     0 2101 2868  1  3 97  0  0
 0  0      0 3918696 147680 1998256    0    0     0     4 3947 6304  2  3 95  0  0
 0  0      0 3918696 147680 1998268    0    0     0     0 1820 2538  1  2 97  0  0
 0  0      0 3918696 147684 1998264    0    0     0   120 2303 3137  3  3 93  0  0
 1  0      0 3918696 147684 1998280    0    0     0    32 1600 2102  1  2 97  0  0
 0  0      0 3918696 147684 1998284    0    0     0     4 3224 5085  2  3 96  0  0
 0  0      0 3918696 147684 1998296    0    0     0     0 1626 2120  1  2 97  0  0
 0  0      0 3918696 147684 1998300    0    0     0     4 4962 7518  3  3 94  0  0
 6  0      0 3918696 147684 1998308    0    0     0    84 3142 4624  4  2 94  0  0
 0  0      0 3918696 147684 1998320    0    0     0    24 1961 2529  3  2 95  0  0
 0  0      0 3918192 147684 1998324    0    0     0    16 1799 2360  1  2 97  0  0
 0  0      0 3918192 147684 1998336    0    0     0     8 3795 5998  2  3 94  0  0
 0  0      0 3917952 147684 1998340    0    0     0     0 1767 2340  1  2 97  0  0
 0  0      0 3917952 147684 1998348    0    0     0   232 2393 3182  2  3 95  0  0
 0  0      0 3917952 147684 1998352    0    0     0     0 1651 2104  1  2 97  0  0
 0  0      0 3917448 147684 1998364    0    0     0  1564 2249 3050  3  2 95  0  0
 0  0      0 3917448 147684 1998364    0    0     0     8 1597 2033  1  2 97  0  0
 0  0      0 3917448 147684 1998368    0    0     0     4 1785 2367  1  2 97  0  0
 0  0      0 3917448 147688 1998368    0    0     0   132 2383 3467  3  2 94  1  0
procs -----------memory---------- ---swap-- -----io---- -system-- ------cpu-----
 r  b   swpd   free   buff  cache   si   so    bi    bo   in   cs us sy id wa st
 0  0      0 3917448 147688 1998380    0    0     0     4 2259 3253  1  2 97  0  0
 0  0      0 3917448 147688 1998384    0    0     0  4356 4076 6326  4  4 92  0  0
 0  0      0 3917196 147688 1998396    0    0     0     0 3219 4908  2  3 95  0  0
 0  0      0 3917196 147688 1998400    0    0     0     8 1799 2473  1  1 98  0  0
 1  0      0 3917196 147692 1998404    0    0     0   624 2209 3033  1  4 95  0  0
 0  0      0 3917196 147692 1998416    0    0     0     0 1428 1821  1  1 98  0  0
 0  0      0 3917196 147692 1998424    0    0     0    12 1980 2571  1  3 96  0  0
 0  0      0 3916944 147692 1998428    0    0     0    12 1707 2197  1  2 97  0  0
 0  0      0 3916944 147692 1998428    0    0     0     0 1565 1949  1  2 98  0  0
 0  0      0 3916944 147696 1998432    0    0     0   100 2155 3022  2  2 97  0  0
 0  0      0 3916944 147696 1998448    0    0     0     0 1630 2189  1  2 97  0  0
 1  0      0 3916944 147696 1998464    0    0     0     0 1920 2586  1  2 97  0  0
 1  0      0 3916692 147696 1998464    0    0     0    32 3732 5854  5  3 91  0  0
 0  0      0 3916692 147696 1998472    0    0     0     0 1494 1993  1  1 98  0  0
 0  0      0 3916692 147696 1998472    0    0     0   152 2256 3046  2  4 95  0  0
 0  0      0 3916692 147696 1998484    0    0     0    44 1393 1786  1  2 98  0  0
 0  0      0 3916188 147696 1998488    0    0     0     0 3866 6165  3  4 93  0  0
 0  0      0 3916188 147696 1998496    0    0     0     0 2207 3027  1  2 97  0  0
 0  0      0 3916188 147696 1998496    0    0     0    20 1790 2369  1  2 97  0  0
 1  0      0 3916188 147696 1998508    0    0     0    64 2336 3542  2  2 96  0  0
 0  0      0 3915936 147696 1998512    0    0     0     0 1665 2063  1  2 97  0  0
procs -----------memory---------- ---swap-- -----io---- -system-- ------cpu-----
 r  b   swpd   free   buff  cache   si   so    bi    bo   in   cs us sy id wa st
 1  0      0 3915432 147696 1998860    0    0   460    40 2255 3042  2  3 95  0  0
 2  0      0 3911196 147704 1999164    0    0   152     0 4702 7322  7  7 86  0  0
