procs -----------memory---------- ---swap-- -----io---- -system-- ------cpu-----
 r  b   swpd   free   buff  cache   si   so    bi    bo   in   cs us sy id wa st
 5  0      0 943824 199636 4986240    0    0     6    28   39   20  2  6 91  1  0
 1  0      0 938948 199636 4986332    0    0     0    84 18255 32146 15 18 67  0  0
 1  0      0 938700 199636 4986384    0    0     0   400 14170 24521  2 11 87  1  0
 0  0      0 940800 199636 4986428    0    0     0    16 13803 23535  2 12 86  0  0
 0  0      0 940800 199636 4986512    0    0     0   356 12688 21092  2  8 90  0  0
 0  0      0 940800 199636 4986556    0    0     0   644 12703 21249  2  9 90  0  0
 1  0      0 940800 199636 4986624    0    0     0   176 14525 24444  2 11 87  0  0
 0  0      0 940800 199636 4986692    0    0     0   480 12349 20474  3  9 88  0  0
 0  0      0 940552 199636 4986728    0    0     0    32 12398 21256  3  9 88  0  0
 1  0      0 940552 199636 4986816    0    0     0     0 15162 24742  2 14 84  0  0
 0  0      0 940552 199636 4986852    0    0     0    12 11910 19657  2  8 90  0  0
 0  0      0 940552 199636 4986948    0    0     0    84 13541 22053  2 11 87  0  0
 0  0      0 940552 199636 4987020    0    0     0   708 14017 23914  1 12 87  0  0
 2  0      0 940552 199636 4987084    0    0     0    52 14048 23725  2 11 87  0  0
 0  0      0 940552 199636 4987120    0    0     0   296 10737 18274  2  9 89  0  0
 0  0      0 940552 199636 4987208    0    0     0     8 13580 22688  2 11 86  0  0
 2  0      0 940552 199636 4987244    0    0     0    28 13300 21881  1 10 88  0  0
 2  0      0 934828 199636 4987296    0    0     0   280 12726 21420  6 12 82  0  0
 0  0      0 935352 199636 4987388    0    0     0   284 17871 31908 15 18 67  0  0
 0  0      0 935348 199636 4987480    0    0     0    24 14709 26033 12 16 72  0  0
 0  0      0 937016 199636 4987524    0    0     0    24 13935 24171  6 13 82  0  0
procs -----------memory---------- ---swap-- -----io---- -system-- ------cpu-----
 r  b   swpd   free   buff  cache   si   so    bi    bo   in   cs us sy id wa st
 0  0      0 937392 199636 4987564    0    0     0    24 11978 20430  3 10 87  0  0
 1  0      0 937392 199636 4987652    0    0     0   184 14718 24991  1 12 86  0  0
 0  0      0 937392 199636 4987720    0    0     0   248 12173 20731  1  8 90  0  0
 0  0      0 937392 199636 4987768    0    0     0   136 13149 22269  1 11 88  0  0
 0  0      0 937392 199636 4987852    0    0     0    36 13232 22400  2 10 88  0  0
 8  0      0 936688 199636 4987872    0    0     0   172 13993 24012  4 11 84  0  0
 1  0      0 912476 199636 4988044    0    0     0  1136 18846 32611  8 21 66  4  0
 1  0      0 922444 199636 4989668    0    0     0  1196 18027 31473 10 19 70  1  0
 3  0      0 816464 199636 4989952    0    0     0    48 12990 23394 17 11 72  0  0
 1  0      0 723284 199636 4990160    0    0     0   128 12072 21630 16  9 75  0  0
 1  0      0 716732 199636 4990352    0    0     0    12 13139 22814 17  9 74  0  0
 1  0      0 708932 199636 4990592    0    0     0    48 12917 23053 17  9 74  0  0
 1  0      0 693320 199636 4990892    0    0     0   348 12705 22615 17  9 74  0  0
 4  0      0 680428 199636 4991080    0    0     0    56 12721 22864 17  9 74  0  0
 1  0      0 666216 199636 4991144    0    0     0   804 16531 29669 29 19 52  0  0
 6  0      0 668400 199636 4983340    0    0     0   284 16185 28981 25 16 59  0  0
 3  0      0 660152 199636 4983476    0    0     0     8 14520 25251 19 11 70  0  0
 1  0      0 653932 199636 4983632    0    0     0   532 15282 26852 22 11 67  0  0
 1  0      0 561708 199636 4995640    0    0     0   880 17813 27460 13 14 68  4  0
 1  0      0 549148 199636 4995916    0    0     0    24 15174 25630 18 10 72  0  0
 1  0      0 542852 199636 4996036    0    0     0   156 16839 27713 18 10 72  0  0
procs -----------memory---------- ---swap-- -----io---- -system-- ------cpu-----
 r  b   swpd   free   buff  cache   si   so    bi    bo   in   cs us sy id wa st
13  0      0 533540 199636 4996244    0    0     0    32 16562 26977 18 11 71  0  0
 2  0      0 528248 199640 4996380    0    0     0   304 16680 27078 18  9 73  0  0
 1  0      0 520196 199640 4996576    0    0     0   100 15685 25795 17 10 73  0  0
 2  0      0 517676 199640 4996736    0    0     0   224 16848 27172 18  9 73  0  0
 2  0      0 509360 199640 4996928    0    0     0   100 15846 25721 17 10 73  0  0
 1  0      0 276540 199640 4997416    0    0     0    16 15349 25670 15 12 73  0  0
 3  0      0 218936 199640 5004236    0    0     0   332 15597 26728 15 11 73  1  0
 1  0      0 214036 199640 5007620    0    0     0    68 13623 23700 15  9 76  1  0
 1  0      0 193148 199640 5013164    0    0     0    84 14658 24876 16  9 74  1  0
 1  0      0 145908 199640 5017780    0    0     0   140 17760 28684 17 12 71  1  0
 1  0      0 161500 199640 5019828    0    0     0  9060 17187 32567 29 22 48  0  0
 5  0      0 160908 199640 5019944    0    0     0   556 14388 27163 27 15 58  0  0
 5  0      0 163328 199640 5020064    0    0     0   656 12987 23131 19  7 73  0  0
 1  0      0 890124 199640 5020124    0    0     0    32 14457 26319 20 13 67  0  0
 0  0      0 893636 199640 5020160    0    0     0   180 13677 22654  2 13 85  0  0
 1  0      0 892884 199640 5020228    0    0     0    36 14670 24967  2 11 87  0  0
 3  0      0 892884 199640 5020264    0    0     0   260 14606 25397  3 12 84  0  0
 1  0      0 892884 199640 5020344    0    0     0    48 12115 20274  2  8 90  0  0
 0  0      0 892884 199640 5020428    0    0     0    44 14340 24000  3 11 86  0  0
 0  0      0 892884 199640 5020456    0    0     0    96 13972 23312  3 11 86  0  0
 0  0      0 892632 199640 5020532    0    0     0   112 10879 18321  3  9 89  0  0
procs -----------memory---------- ---swap-- -----io---- -system-- ------cpu-----
 r  b   swpd   free   buff  cache   si   so    bi    bo   in   cs us sy id wa st
 2  0      0 892408 199640 5020592    0    0     0   180 13768 23353  2 10 88  0  0
 0  0      0 892408 199640 5020672    0    0     0   228 12620 21024  1 10 88  1  0
 0  0      0 892408 199640 5020716    0    0     0    76 14138 23868  2 11 88  0  0
 2  0      0 892408 199640 5020760    0    0     0   736 10553 17541  2  8 91  0  0
 0  0      0 892408 199640 5020824    0    0     0   464 15421 25324  2 13 86  0  0
 0  0      0 892408 199640 5020864    0    0     0   428 13468 22527  2 10 87  1  0
 3  0      0 893096 199640 5020956    0    0     0    28 15188 26356 14 15 71  0  0
 2  0      0 896000 199640 5021028    0    0     0    48 15532 26962  7 16 77  0  0
 3  0      0 892884 199640 5021092    0    0     0    96 16190 27985  8 17 75  0  0
 1  0      0 894688 199640 5021148    0    0     0    40 15313 25779  7 15 78  0  0
 0  0      0 894464 199644 5021220    0    0     0   216 13929 23471  1 12 87  0  0
 0  0      0 894464 199644 5021256    0    0     0   432 12319 19827  2  9 89  0  0
 0  0      0 894464 199644 5021352    0    0     0    60 14050 22910  2 11 88  0  0
 1  0      0 895852 199644 5021408    0    0     0   108 13364 21989  6 10 83  0  0
 0  0      0 895852 199644 5021448    0    0     0   788 12381 20669  2 11 88  0  0
 1  0      0 895852 199648 5021540    0    0     0   272 14114 23773  3 10 88  0  0
 0  0      0 895852 199648 5021600    0    0     0    12 13948 23183  2 11 87  0  0
 0  0      0 895852 199648 5021632    0    0     0    60 12024 20349  2  9 89  0  0
 0  0      0 895852 199648 5021724    0    0     0    92 14655 24685  3 11 86  0  0
 3  0      0 898220 199648 5021780    0    0     0    40 12892 21855  2 12 87  0  0
 1  0      0 898220 199648 5021852    0    0     0   232 11797 20161  2  9 89  0  0
procs -----------memory---------- ---swap-- -----io---- -system-- ------cpu-----
 r  b   swpd   free   buff  cache   si   so    bi    bo   in   cs us sy id wa st
 0  0      0 898220 199648 5021916    0    0     0   272 13085 22556  1 11 87  0  0
 1  0      0 898220 199648 5021916    0    0     0    28 13985 24308  2 11 86  0  0
 4  0      0 896468 199648 5022028    0    0     0    92 14244 24776  9 16 76  0  0
 6  0      0 893232 199648 5022076    0    0     0    44 15750 27536  8 15 77  0  0
 1  0      0 889848 199648 5022148    0    0     0   192 16749 29331 12 19 69  0  0
 1  0      0 893976 199648 5022208    0    0     0    48 15165 25674 10 15 75  0  0
 0  0      0 893752 199648 5022296    0    0     0    32 13403 22209  2 11 88  0  0
 7  0      0 893752 199648 5022344    0    0     0    56 14359 24602  2 12 86  0  0
 3  0      0 893752 199648 5022396    0    0     0   104 13164 22346  2 11 88  0  0
 0  0      0 893752 199648 5022468    0    0     0   220 12689 21606  2  9 90  0  0
 1  0      0 893752 199648 5022524    0    0     0   212 12767 21940  2 10 88  0  0
 0  0      0 893752 199648 5022548    0    0     0    36 13988 23484  3 10 87  0  0
 3  0      0 893752 199648 5022628    0    0     0    60 12967 22302  2  9 88  0  0
 2  0      0 893752 199648 5022684    0    0     0  1004 12597 21106  2 10 88  0  0
 9  0      0 893752 199648 5022764    0    0     0   920 14330 24166  2 12 86  0  0
 1  0      0 893752 199648 5022816    0    0     0    28 14116 24142  3 10 87  0  0
 1  0      0 893752 199648 5022876    0    0     0    40 12442 21425  2  8 90  0  0
 3  0      0 893752 199648 5022964    0    0     0    44 12995 22161  3 10 87  0  0
 3  0      0 893504 199648 5022996    0    0     0    96 14091 23856  2 12 86  0  0
 1  0      0 888272 199652 5023036    0    0     0   228 16158 27386 11 17 71  0  0
 3  0      0 887768 199652 5023144    0    0     0   464 16553 28467  8 15 77  0  0
procs -----------memory---------- ---swap-- -----io---- -system-- ------cpu-----
 r  b   swpd   free   buff  cache   si   so    bi    bo   in   cs us sy id wa st
 1  0      0 886552 199652 5023204    0    0     0    24 14545 25392 12 15 73  0  0
 1  0      0 888620 199652 5023272    0    0     0    52 15865 26592  9 15 76  0  0
 0  0      0 888620 199652 5023316    0    0     0   120 13470 21517  1 10 89  0  0
 0  0      0 888620 199652 5023384    0    0     0   232 12800 21047  2 10 88  0  0
 0  0      0 888620 199652 5023468    0    0     0    24 15776 26268  2 12 86  0  0
 0  0      0 891264 199652 5023504    0    0     0    52 12948 21596  2 10 88  0  0
 1  0      0 891272 199652 5023596    0    0     0    44 13945 23267  2 12 86  0  0
 0  0      0 891032 199652 5023664    0    0     0   272 14464 23338  6 13 81  0  0
 1  0      0 881288 199652 5023984    0    0     0  1588 20003 34456 11 21 67  2  0
 4  0      0 873668 199656 5026044    0    0     0   772 16211 28839 10 18 72  1  0
 1  0      0 742172 199656 5026156    0    0     0    24 11509 20593 16 10 74  0  0
 2  0      0 682520 199656 5026336    0    0     0    40 12532 22478 17  9 74  0  0
 2  0      0 675728 199656 5026680    0    0     0    32 13104 24047 18  9 73  0  0
 1  0      0 663896 199656 5026912    0    0     0    72 12574 22609 17  8 75  0  0
 1  0      0 651308 199656 5027124    0    0     0   264 13379 23949 17 10 73  0  0
 3  0      0 622284 199656 5027276    0    0     0    48 14662 26513 28 13 59  0  0
 3  0      0 626576 199656 5027504    0    0     0    44 14965 27535 28 16 57  0  0
 1  0      0 616640 199656 5027692    0    0     0    32 16356 28720 25 18 57  0  0
 2  0      0 614960 199656 5027876    0    0     0    92 15133 27262 23 12 65  0  0
 2  0      0 541300 199656 5028028    0    0     0   316 15357 25605 17 11 71  0  0
 1  0      0 516936 199656 5028124    0    0     0    60 16669 27199 17 10 73  0  0
procs -----------memory---------- ---swap-- -----io---- -system-- ------cpu-----
 r  b   swpd   free   buff  cache   si   so    bi    bo   in   cs us sy id wa st
 1  0      0 512664 199656 5028320    0    0     0    60 16335 26528 18  9 73  0  0
 2  0      0 504348 199656 5028484    0    0     0    84 16122 26404 17 11 72  0  0
 2  0      0 495036 199656 5028612    0    0     0   332 16295 26576 18 10 72  0  0
 1  0      0 487728 199660 5028860    0    0     0  1624 17430 28398 18 12 70  0  0
 1  0      0 484452 199660 5029016    0    0     0    36 16507 27149 19  9 72  0  0
 1  0      0 475076 199660 5029172    0    0     0    32 15707 26017 18 11 71  0  0
 1  0      0 376408 199660 5029388    0    0     0    40 17211 28694 17 13 70  0  0
 3  0      0 203532 199660 5031776    0    0     0    32 14189 24437 15 11 74  0  0
 2  0      0 204828 199660 5033584    0    0     0   300 12386 22390 16  8 75  0  0
 1  0      0 192800 199660 5036044    0    0     0    56 13545 23595 16  9 75  0  0
 5  0      0 148148 199660 5038456    0    0     0  7156 13199 23450 16  8 75  0  0
 1  0      0 174752 199660 5039472    0    0     0    56 12923 23177 17  8 75  0  0
 2  0      0 174580 199660 5039616    0    0     0    48 12703 22926 18  8 75  0  0
 1  0      0 174580 199660 5039676    0    0     0   512 13155 23835 18  7 74  1  0
 3  0      0 875952 199660 5039724    0    0     0  1160 15378 28824 25 19 36 20  0
 3  0      0 876800 199660 5039816    0    0     0    32 15138 26222  6 15 79  0  0
 0  0      0 874108 199660 5039888    0    0     0    40 16856 29513 12 16 71  0  0
 1  0      0 874108 199660 5039928    0    0     0   220 14533 24748  6 14 80  0  0
 0  1      0 874108 199660 5040004    0    0     0   528 13452 22984  2  9 76 13  0
 0  0      0 874108 199660 5040024    0    0     0    44 13671 22875  2  9 89  0  0
 0  0      0 874108 199660 5040132    0    0     0    44 12302 20102  1 12 87  0  0
procs -----------memory---------- ---swap-- -----io---- -system-- ------cpu-----
 r  b   swpd   free   buff  cache   si   so    bi    bo   in   cs us sy id wa st
 0  0      0 873856 199660 5040168    0    0     0    16 15757 26257  2 14 84  0  0
 0  0      0 873856 199660 5040196    0    0     0    80 11322 19377  1  8 91  0  0
 0  0      0 873856 199660 5040308    0    0     0   248 14885 24902  3 14 83  1  0
 0  0      0 873632 199660 5040324    0    0     0    28 10039 16636  2  8 90  0  0
 0  0      0 873632 199660 5040432    0    0     0    96 14768 24872  3 13 84  0  0
 0  0      0 873380 199660 5040468    0    0     0    16 13904 22452  3 12 84  0  0
 0  0      0 873380 199660 5040572    0    0     0    92 13803 22719  2 11 87  0  0
 2  0      0 872532 199660 5040592    0    0     0   240 16519 29303 17 20 63  0  0
 2  0      0 871744 199660 5040688    0    0     0    44 16710 27854 11 16 73  0  0
 1  0      0 870844 199660 5040760    0    0     0    52 14239 24953  5 12 83  0  0
 3  0      0 872140 199660 5040812    0    0     0    20 14119 24157  7 12 80  0  0
 1  0      0 872392 199660 5040888    0    0     0    92 13121 21933  2 12 87  0  0
 1  0      0 872392 199664 5040936    0    0     0   660 13659 23152  2 12 85  1  0
 1  0      0 872392 199664 5041016    0    0     0   528 14297 24224  2 11 87  0  0
 1  0      0 872392 199664 5041024    0    0     0    56 10508 16605  1 14 85  0  0
 0  0      0 872144 199664 5041156    0    0     0    64 15741 25797  3 16 81  0  0
 0  0      0 872144 199664 5041176    0    0     0    40 13689 22821  2 12 87  0  0
 1  0      0 872144 199664 5041260    0    0     0   444 12853 22035  3 11 82  5  0
 0  0      0 872144 199664 5041292    0    0     0    48 11977 20230  2 10 88  0  0
 0  0      0 872144 199664 5041380    0    0     0  1764 13452 22843  2 10 88  0  0
 0  0      0 871920 199664 5041416    0    0     0    60 13480 22814  2 10 88  0  0
procs -----------memory---------- ---swap-- -----io---- -system-- ------cpu-----
 r  b   swpd   free   buff  cache   si   so    bi    bo   in   cs us sy id wa st
 3  0      0 872152 199664 5041516    0    0     0    40 16152 27830 16 19 65  0  0
 2  0      0 875692 199664 5041552    0    0     0   312 16521 29176 10 17 69  4  0
 2  0      0 875692 199664 5041648    0    0     0    52 14347 23693  5 12 83  0  0
 0  0      0 875692 199664 5041724    0    0     0    44 16636 28076  9 16 76  0  0
 0  0      0 875692 199664 5041760    0    0     0   944 13489 22649  2 10 88  0  0
 0  0      0 875692 199664 5041848    0    0     0    64 13446 23081  2 10 88  0  0
 0  0      0 875692 199664 5041912    0    0     0   348 13470 22447  3 11 85  1  0
 0  0      0 875692 199664 5041916    0    0     0   548 13884 23393  2 11 84  3  0
 6  0      0 875444 199664 5042012    0    0     0   516 13546 23025  2 11 87  0  0
 0  0      0 875444 199664 5042028    0    0     0    24 13764 23752  3 11 86  0  0
 3  0      0 875192 199664 5042148    0    0     0    64 13610 23479  4 12 85  0  0
 2  0      0 874940 199664 5042192    0    0     0   208 14158 24193  3 10 86  1  0
 8  0      0 874940 199668 5042276    0    0     0    44 13825 23541  3 10 87  0  0
 0  0      0 874940 199668 5042320    0    0     0    60 13927 23715  2 10 88  0  0
 1  0      0 874692 199668 5042376    0    0     0    36 14269 23972  2 11 87  0  0
 2  0      0 874692 199668 5042456    0    0     0    28 12830 21663  1 10 89  0  0
 0  0      0 874192 199668 5042496    0    0     0   220 13120 22310  2 10 88  1  0
 0  0      0 874192 199668 5042568    0    0     0    44 11676 19414  3  9 88  0  0
 0  0      0 874192 199668 5042608    0    0     0    60 15037 24284  3 11 86  0  0
 1  0      0 874192 199668 5042660    0    0     0    20 11979 20465  2  9 89  0  0
 0  0      0 873940 199668 5042744    0    0     0    60 13291 22503  2 10 88  0  0
procs -----------memory---------- ---swap-- -----io---- -system-- ------cpu-----
 r  b   swpd   free   buff  cache   si   so    bi    bo   in   cs us sy id wa st
 0  0      0 873940 199668 5042824    0    0     0   248 14493 24724  3 12 85  1  0
 2  0      0 873940 199668 5042840    0    0     0   760 12823 21414  2 11 88  0  0
 0  0      0 873940 199668 5042936    0    0     0   156 12088 20866  2 10 88  0  0
 1  0      0 873940 199668 5042984    0    0     0    52 15283 26374  2 12 86  0  0
 0  0      0 873688 199668 5043012    0    0     0    52 12143 20801  2 11 87  0  0
13  0      0 873436 199668 5043096    0    0     0   388 12079 20568  2 10 87  1  0
 0  0      0 873436 199668 5043148    0    0     0    32 14072 23883  2 11 88  0  0
 0  0      0 873436 199668 5043192    0    0     0    28 13463 23078  1 11 88  0  0
 0  0      0 873196 199668 5043308    0    0     0    56 12811 20534  4 11 85  0  0
 3  0      0 872972 199668 5043376    0    0     0    40 13400 22205  2 10 87  0  0
 1  0      0 872972 199668 5043416    0    0     0   240 14339 25061  3 11 85  1  0
 2  0      0 872972 199668 5043488    0    0     0    44 12693 21175  3 10 87  0  0
 0  0      0 872972 199668 5043516    0    0     0    48 12544 21137  2 10 89  0  0
 2  0      0 872972 199668 5043600    0    0     0    44 13613 23871  3 11 86  0  0
 0  0      0 872724 199668 5043636    0    0     0    16 13220 21336  2 10 88  0  0
 1  0      0 872724 199668 5043728    0    0     0   196 13399 22706  2 10 87  2  0
 0  0      0 872724 199668 5043780    0    0     0   320 13953 23203  2 10 88  0  0
 1  0      0 872724 199668 5043836    0    0     0    40 12197 20361  1  9 90  0  0
 0  0      0 872724 199668 5043920    0    0     0   484 15151 24753  2 11 87  0  0
 1  0      0 872472 199668 5043968    0    0     0    28 13419 22156  2 11 87  0  0
 0  0      0 872472 199668 5044056    0    0     0   232 13769 23095  3 10 85  3  0
procs -----------memory---------- ---swap-- -----io---- -system-- ------cpu-----
 r  b   swpd   free   buff  cache   si   so    bi    bo   in   cs us sy id wa st
 1  0      0 872472 199668 5044072    0    0     0   452 12319 20536  2 11 86  0  0
 1  0      0 872472 199668 5044168    0    0     0    36 15301 25633  2 11 86  0  0
 1  0      0 872472 199668 5044184    0    0     0    36 12011 19783  2  9 88  0  0
 1  0      0 869400 199668 5044292    0    0     0    36 13147 22184  4 11 85  0  0
