procs -----------memory---------- ---swap-- -----io---- -system-- ------cpu-----
 r  b   swpd   free   buff  cache   si   so    bi    bo   in   cs us sy id wa st
 2  0      0 4229068 162240 1699604    0    0     2     8   11    1  1  1 98  0  0
 0  0      0 4225196 162240 1699560    0    0     0     0 5064 8142 10  6 85  0  0
 2  0      0 4225196 162240 1699560    0    0     0     0 1338 1647  0  1 99  0  0
 0  0      0 4225196 162240 1699568    0    0     0    88 2615 4011  1  2 97  0  0
 0  0      0 4225196 162240 1699568    0    0     0     0 1489 1890  1  1 99  0  0
 0  0      0 4224912 162240 1699572    0    0     0    12 1513 1959  0  1 98  0  0
 0  0      0 4224988 162240 1699576    0    0     0    24 1348 1555  0  1 99  0  0
 0  0      0 4224988 162240 1699580    0    0     0     0 1326 1548  1  1 98  0  0
 2  0      0 4224988 162240 1699584    0    0     0    44 1382 1677  1  2 98  0  0
 0  0      0 4224988 162240 1699588    0    0     0    48 2535 3666  2  2 97  0  0
 1  0      0 4224988 162240 1699600    0    0     0     0 1827 2454  1  1 98  0  0
 0  0      0 4226944 162240 1699600    0    0     0    16 1909 2485  1  2 98  0  0
 0  0      0 4226944 162240 1699608    0    0     0    28 1378 1668  0  1 99  0  0
 0  0      0 4226944 162240 1699608    0    0     0     0 2273 3311  1  1 98  0  0
 0  0      0 4226944 162240 1699612    0    0     0    92 1621 1985  1  1 98  0  0
 0  0      0 4226944 162240 1699616    0    0     0     0 1393 1623  0  1 98  0  0
 0  0      0 4226944 162240 1699624    0    0     0     0 1471 1812  0  2 98  0  0
 0  0      0 4226704 162240 1699628    0    0     0    16 1456 1788  0  1 99  0  0
 0  0      0 4226884 162240 1699636    0    0     0    28 1368 1696  1  2 97  0  0
 0  0      0 4226960 162240 1699636    0    0     0    36 1833 2375  1  1 97  0  0
 2  0      0 4228424 162240 1699636    0    0     0     0 4608 7357  9  6 85  0  0
procs -----------memory---------- ---swap-- -----io---- -system-- ------cpu-----
 r  b   swpd   free   buff  cache   si   so    bi    bo   in   cs us sy id wa st
 1  0      0 4228468 162240 1699652    0    0     0     0 5343 8991 10  7 84  0  0
 2  0      0 4232440 162240 1699668    0    0     0     4 3866 6308  7  5 88  0  0
 0  0      0 4232192 162240 1699660    0    0     0    28 4072 6509  6  4 90  0  0
 0  0      0 4232192 162240 1699672    0    0     0   236 2638 3962  1  1 97  1  0
 0  0      0 4232192 162240 1699672    0    0     0     0 1222 1392  1  1 99  0  0
 0  0      0 4231952 162240 1699684    0    0     0     0 1568 1987  0  2 98  0  0
 0  0      0 4231488 162240 1699684    0    0     0     8 1363 1654  1  1 98  0  0
 0  0      0 4231248 162240 1699692    0    0     0     0 1695 2100  1  2 96  0  0
 0  0      0 4231248 162240 1699692    0    0     0   104 1646 1988  1  1 98  0  0
 0  0      0 4231248 162240 1699700    0    0     0    28 1763 2332  1  1 98  0  0
 0  0      0 4230996 162240 1699700    0    0     0     0 1766 2282  1  2 97  0  0
 0  0      0 4230996 162240 1699708    0    0     0     0 1212 1516  0  1 99  0  0
 0  0      0 4230996 162240 1699712    0    0     0     8 2298 3328  1  2 98  0  0
 0  0      0 4230996 162244 1699716    0    0     0    48 1456 1727  1  1 98  0  0
 0  0      0 4230996 162244 1699724    0    0     0    36 1233 1445  0  1 98  0  0
 0  0      0 4230744 162244 1699728    0    0     0     4 1430 1658  0  1 99  0  0
 1  0      0 4216448 162244 1699728    0    0     0     0 1589 1726  3  1 96  0  0
 0  0      0 4227512 162244 1699748    0    0     0     4 6674 10760 13  9 78  0  0
 0  0      0 4232368 162244 1699748    0    0     0   108 6524 10591 10  7 83  0  0
 0  0      0 4234524 162244 1699752    0    0     0    28 4334 6951  8  5 88  0  0
 0  0      0 4234524 162244 1699772    0    0     0     8 1948 2649  1  2 97  0  0
procs -----------memory---------- ---swap-- -----io---- -system-- ------cpu-----
 r  b   swpd   free   buff  cache   si   so    bi    bo   in   cs us sy id wa st
 0  0      0 4234524 162244 1699772    0    0     0     4 1256 1389  1  1 99  0  0
 0  0      0 4234524 162244 1699780    0    0     0     0 2074 2926  1  1 98  0  0
 1  0      0 4234524 162244 1699784    0    0     0    88 1699 2177  1  1 98  0  0
 0  0      0 4234524 162244 1699788    0    0     0     0 1419 1708  0  1 98  0  0
 0  0      0 4234524 162244 1699792    0    0     0    24 1522 1773  1  1 98  0  0
 0  0      0 4234524 162244 1699800    0    0     0     8 1330 1470  1  1 98  0  0
 0  0      0 4234524 162244 1699800    0    0     0     8 1423 1535  1  2 97  0  0
 0  0      0 4234524 162244 1699812    0    0     0   136 1692 2057  1  1 98  0  0
 0  0      0 4234524 162244 1699812    0    0     0     0 1716 2306  1  1 98  0  0
 0  0      0 4234524 162244 1699820    0    0     0    24 1769 2355  1  2 98  0  0
 0  0      0 4234524 162244 1699820    0    0     0     0 1358 1655  1  1 98  0  0
 0  0      0 4234524 162244 1699828    0    0     0     8 2259 3257  1  2 97  0  0
 0  0      0 4231548 162248 1699824    0    0     0    60 3015 4240  4  2 94  0  0
 0  0      0 4228772 162248 1699852    0    0     0     0 6586 10700 12  9 78  0  0
 0  0      0 4229108 162248 1699852    0    0     0    24 5346 8591 11  7 82  0  0
 0  0      0 4230828 162248 1699852    0    0     0     0 3768 5824  6  5 89  0  0
 0  0      0 4230872 162248 1699872    0    0     0     0 1583 1763  1  2 98  0  0
 0  0      0 4230872 162248 1699872    0    0     0   108 1660 2053  1  1 98  0  0
 0  0      0 4230872 162248 1699876    0    0     0    12 1932 2649  1  1 99  0  0
 0  0      0 4230620 162248 1699884    0    0     0    28 2021 2745  1  1 98  0  0
 0  0      0 4230620 162248 1699884    0    0     0     0 1277 1447  0  1 99  0  0
procs -----------memory---------- ---swap-- -----io---- -system-- ------cpu-----
 r  b   swpd   free   buff  cache   si   so    bi    bo   in   cs us sy id wa st
 0  0      0 4230380 162248 1699888    0    0     0     0 2164 3200  1  2 98  0  0
 0  0      0 4230380 162252 1699884    0    0     0    60 1604 1995  1  1 98  0  0
 0  0      0 4230380 162252 1699896    0    0     0    20 1384 1666  1  1 98  0  0
 0  0      0 4230380 162252 1699908    0    0     0    28 1742 2202  1  1 98  0  0
 0  0      0 4230380 162252 1699908    0    0     0     0 1115 1292  1  1 99  0  0
 0  0      0 4230380 162252 1699912    0    0     0    16 1434 1706  2  2 96  0  0
 0  0      0 4230380 162252 1699912    0    0     0   132 2753 4045  1  2 97  0  0
 0  0      0 4230380 162252 1699920    0    0     0     0 1822 2501  1  1 98  0  0
 0  0      0 4230128 162252 1699928    0    0     0    32 2099 2747  1  2 97  0  0
 0  0      0 4226144 162252 1699920    0    0     0     4 7270 12494 16 10 74  0  0
 1  0      0 4231248 162252 1699944    0    0     0     0 6543 10796 11  8 81  0  0
 1  0      0 4231248 162252 1699952    0    0     0    72 2854 4064  4  3 93  0  0
 0  0      0 4231248 162252 1699960    0    0     0     0 2216 3059  2  2 96  0  0
 0  0      0 4231008 162252 1699960    0    0     0    40 1537 1866  1  1 98  0  0
 0  0      0 4231008 162252 1699968    0    0     0     8 1387 1639  0  1 99  0  0
 0  0      0 4231008 162252 1699968    0    0     0     4 1442 1661  1  2 97  0  0
 0  0      0 4231008 162252 1699972    0    0     0   136 1836 2373  0  1 98  0  0
 0  0      0 4231008 162252 1699972    0    0     0     0 1606 2195  1  1 98  0  0
 0  0      0 4231008 162252 1699984    0    0     0    20 1776 2247  1  2 98  0  0
 0  0      0 4231008 162252 1699988    0    0     0     8 1393 1638  1  1 97  0  0
 0  0      0 4231008 162252 1699996    0    0     0     8 2254 3288  1  2 97  0  0
procs -----------memory---------- ---swap-- -----io---- -system-- ------cpu-----
 r  b   swpd   free   buff  cache   si   so    bi    bo   in   cs us sy id wa st
 0  0      0 4231008 162252 1700000    0    0     0    60 2400 3462  1  2 97  0  0
 0  0      0 4231008 162252 1700012    0    0     0     0 1329 1637  0  1 99  0  0
 0  0      0 4231008 162252 1700012    0    0     0    24 1527 1832  1  1 98  0  0
 0  0      0 4231008 162252 1700020    0    0     0     4 1168 1348  0  1 99  0  0
 0  0      0 4230784 162252 1700020    0    0     0     0 1669 2172  1  2 97  0  0
 1  0      0 4228704 162256 1700036    0    0     0   108 7256 12147 15 10 74  0  0
 0  0      0 4228120 162256 1700044    0    0     0     8 5634 9410  9  7 83  0  0
 2  0      0 4230128 162256 1700064    0    0     0     0 2530 3701  3  2 94  0  0
 0  0      0 4230128 162256 1700056    0    0     0    36 2481 3594  3  2 95  0  0
 0  0      0 4230128 162256 1700064    0    0     0     0 2319 3461  1  2 97  0  0
 0  0      0 4230128 162256 1700068    0    0     0    80 1609 1905  1  1 98  0  0
 0  0      0 4230128 162256 1700076    0    0     0    12 1372 1754  1  1 98  0  0
 0  0      0 4230128 162256 1700080    0    0     0     4 1393 1744  1  1 98  0  0
 0  0      0 4230128 162256 1700084    0    0     0    24 1221 1446  0  1 99  0  0
 0  0      0 4230128 162256 1700088    0    0     0     8 1255 1530  1  2 98  0  0
 0  0      0 4230128 162256 1700096    0    0     0   160 2789 4067  1  2 97  0  0
 0  0      0 4229888 162256 1700096    0    0     0     0 1569 2077  1  1 98  0  0
 0  0      0 4229636 162256 1700108    0    0     0     8 1644 2179  1  1 98  0  0
 0  0      0 4229636 162256 1700108    0    0     0    24 1384 1630  1  1 98  0  0
 0  0      0 4229636 162256 1700116    0    0     0    16 2133 3155  1  2 98  0  0
 0  0      0 4229636 162256 1700116    0    0     0    84 1442 1708  1  1 98  0  0
procs -----------memory---------- ---swap-- -----io---- -system-- ------cpu-----
 r  b   swpd   free   buff  cache   si   so    bi    bo   in   cs us sy id wa st
 0  0      0 4229636 162256 1700120    0    0     0     0 1455 1892  1  1 98  0  0
 5  0      0 4224228 162256 1700128    0    0     0     0 4605 6931 10  7 83  0  0
 3  0      0 4223480 162256 1700140    0    0     0    36 5681 9221 11  7 82  0  0
 0  0      0 4222512 162256 1700148    0    0     0     4 2714 4115  4  4 93  0  0
 0  0      0 4224280 162256 1700152    0    0     0   140 3644 5515  4  4 91  0  0
 0  0      0 4224040 162256 1700152    0    0     0     0 1866 2454  1  1 97  0  0
 0  0      0 4223800 162256 1700164    0    0     0     0 2184 3055  1  2 98  0  0
 0  0      0 4223800 162256 1700164    0    0     0    28 1343 1578  1  1 98  0  0
 0  0      0 4225636 162256 1700168    0    0     0     8 2214 3223  1  1 98  0  0
 0  0      0 4225384 162256 1700172    0    0     0    60 2577 3695  1  2 97  0  0
 0  0      0 4225384 162256 1700176    0    0     0     0 1275 1462  0  1 99  0  0
 0  0      0 4225384 162256 1700188    0    0     0     0 1541 1949  1  1 98  0  0
 0  0      0 4225384 162256 1700188    0    0     0    20 1289 1522  1  1 98  0  0
 0  0      0 4225384 162256 1700192    0    0     0     0 1390 1661  1  2 98  0  0
 0  0      0 4225384 162256 1700196    0    0     0    96 1782 2259  1  1 98  0  0
 0  0      0 4225384 162256 1700196    0    0     0     8 1787 2481  1  1 98  0  0
 0  0      0 4225132 162256 1700208    0    0     0     0 1788 2338  1  1 98  0  0
 0  0      0 4225132 162256 1700208    0    0     0    16 1245 1473  0  1 99  0  0
 6  0      0 4225132 162256 1700212    0    0     0     0 2094 3112  1  2 98  0  0
 0  0      0 4225132 162260 1700220    0    0     0    48 1552 1956  1  1 98  0  0
 5  0      0 4224908 162260 1700220    0    0     0    20 1338 1514  1  1 98  0  0
procs -----------memory---------- ---swap-- -----io---- -system-- ------cpu-----
 r  b   swpd   free   buff  cache   si   so    bi    bo   in   cs us sy id wa st
 0  0      0 4223612 162260 1700244    0    0     0     4 7395 12035 16 10 74  0  0
 0  0      0 4219056 162260 1700244    0    0     0    28 5255 8398 10  7 84  0  0
 0  0      0 4223368 162260 1700260    0    0     0     0 3052 4581  6  4 90  0  0
 0  0      0 4222904 162260 1700256    0    0     0   112 3031 4479  1  3 96  0  0
 0  0      0 4222664 162260 1700264    0    0     0     0 1709 2394  1  1 98  0  0
 0  0      0 4222664 162260 1700268    0    0     0    16 2245 3088  1  2 97  0  0
 0  0      0 4222664 162260 1700276    0    0     0     4 1436 1836  1  1 98  0  0
 0  0      0 4224892 162260 1700276    0    0     0    28 2035 3020  1  1 98  0  0
 0  0      0 4224892 162260 1700288    0    0     0    60 1724 2172  1  1 98  0  0
 0  0      0 4224892 162260 1700292    0    0     0     0 1385 1735  0  1 99  0  0
 0  0      0 4224892 162260 1700296    0    0     0     4 1448 1828  1  1 98  0  0
 0  0      0 4224892 162260 1700296    0    0     0    20 1482 1889  1  1 98  0  0
 0  0      0 4224892 162260 1700308    0    0     0    32 1424 1728  2  2 96  0  0
 0  0      0 4224892 162260 1700308    0    0     0   132 1763 2353  1  1 98  0  0
 3  0      0 4220188 162260 1700312    0    0     0     0 6067 9835 12  8 80  0  0
 4  0      0 4226784 162260 1700320    0    0     0     8 6089 9760 11  9 80  0  0
 0  0      0 4226544 162260 1700344    0    0     0     0 2287 3417  2  2 96  0  0
 1  0      0 4210380 162264 1700416    0    0     0  1032 9788 16366 11 12 74  3  0
 1  0      0 4206960 162264 1702184    0    0     0   624 6201 10165 13  9 79  1  0
 1  0      0 4026788 162264 1702364    0    0     0     0 2317 2778 15  4 82  0  0
 1  0      0 4010924 162264 1702472    0    0     0     0 1987 2342 16  3 81  0  0
procs -----------memory---------- ---swap-- -----io---- -system-- ------cpu-----
 r  b   swpd   free   buff  cache   si   so    bi    bo   in   cs us sy id wa st
 1  0      0 3996572 162264 1702892    0    0     0     8 1707 1978 17  2 82  0  0
 1  0      0 3981744 162264 1703060    0    0     0   500 2148 2504 17  4 80  0  0
 1  0      0 3965496 162264 1703116    0    0     0   168 1783 1981 17  2 81  0  0
 1  0      0 3957192 162264 1703260    0    0     0    36 2278 2991 16  2 82  0  0
 1  0      0 3946872 162264 1703468    0    0     0     0 2308 2875 17  2 81  0  0
 1  0      0 3932712 162264 1703640    0    0     0     4 1882 1769 16  2 82  0  0
 3  0      0 3914376 162264 1703792    0    0     0     4 2624 3482 17  2 81  0  0
 2  0      0 3912624 162264 1703908    0    0     0   316 6273 10355 29  9 62  0  0
 1  0      0 3897896 162264 1704012    0    0     0    36 5551 9007 26  8 66  0  0
 2  0      0 3895332 162264 1704164    0    0     0   124 3811 5730 20  5 76  0  0
 2  0      0 3863772 162264 1704404    0    0     0   932 6546 10651 22  7 68  3  0
 2  0      0 3852232 162264 1706472    0    0     0   584 5030 7597 28  9 63  1  0
 4  0      0 3583060 162264 1720484    0    0     0     0 9408 10990 28  9 62  2  0
 1  0      0 3114824 162264 1722216    0    0     0     4 3787 4099 27  6 68  0  0
 1  0      0 3079328 162264 1726100    0    0     0   468 4111 4535 26  4 69  1  0
 2  0      0 3049816 162264 1729240    0    0     0    40 3456 3383 25  4 71  0  0
 1  0      0 3019780 162264 1733676    0    0     0  5476 4734 5603 26  3 70  1  0
 2  0      0 3000248 162264 1736844    0    0     0    12 3720 3875 26  4 69  0  0
 2  0      0 2973000 162264 1740816    0    0     0     0 3454 3443 26  4 70  0  0
 2  0      0 2949984 162264 1743900    0    0     0     4 3568 3497 27  3 70  0  0
 1  0      0 2920592 162264 1747768    0    0     0   148 3612 3537 26  4 70  0  0
procs -----------memory---------- ---swap-- -----io---- -system-- ------cpu-----
 r  b   swpd   free   buff  cache   si   so    bi    bo   in   cs us sy id wa st
 2  0      0 2885084 162264 1751556    0    0     0   240 7090 11252 38 12 50  0  0
 2  0      0 2875428 162264 1751904    0    0     0     4 4672 7819 41  8 51  0  0
 2  0      0 3821708 162264 1752036    0    0     0   116 3914 5656 36  6 59  0  0
 2  0      0 3787672 162264 1752752    0    0     0   944 8560 14414 25 15 58  3  0
 2  0      0 3776732 162264 1754804    0    0     0   580 3859 5346 29  7 64  1  0
 2  0      0 3596844 162264 1755056    0    0     0    20 3538 4712 32  4 64  0  0
 2  0      0 3085460 162264 1769168    0    0     0    56 8271 9426 26  9 64  2  0
 2  0      0 2900192 162264 1773740    0    0     0     4 2872 2811 28  4 68  0  0
 2  0      0 2860212 162264 1780464    0    0     0     0 2665 2790 27  4 69  0  0
 2  0      0 2798664 162264 1785632    0    0     0   760 4551 5187 27  3 68  1  0
 1  0      0 2775540 162264 1790648    0    0     0    16 2947 3109 29  3 68  0  0
 2  0      0 2718096 162264 1795500    0    0     0    12 3246 3233 28  3 69  0  0
 2  0      0 2672800 162264 1798344    0    0     0    40 3521 4169 33  2 65  0  0
 1  0      0 2604368 162264 1805108    0    0     0     0 3480 3761 29  3 67  0  0
 2  0      0 2533172 162264 1812132    0    0     0   500 3562 3396 30  3 66  1  0
 2  0      0 2452256 162264 1818004    0    0     0     0 4483 5509 28  4 67  1  0
 2  0      0 2231616 162264 1823612    0    0     0  7640 2811 2689 29  3 67  0  0
 2  0      0 2153024 162264 1832876    0    0     0    12 2760 2653 31  3 66  0  0
 2  0      0 2050372 162264 1842208    0    0     0    28 3649 3717 28  5 66  0  0
 1  0      0 1792980 162268 1863572    0    0     0   244 8606 8773 26  7 65  2  0
 1  1      0 1406436 162268 1873520    0    0     0 57152 4358 4484 24  7 66  3  0
procs -----------memory---------- ---swap-- -----io---- -system-- ------cpu-----
 r  b   swpd   free   buff  cache   si   so    bi    bo   in   cs us sy id wa st
 3  0      0 1287516 162268 1885160    0    0     0     0 6679 8233 23  6 70  1  0
 2  0      0 1082644 162268 1893148    0    0     0     4 4854 5316 25  4 71  0  0
 2  0      0 1062540 162268 1904104    0    0     0    16 4946 5516 26  4 70  0  0
 2  1      0 928448 162272 1913884    0    0     0  7456 4384 4673 24  4 70  2  0
 2  0      0 862624 162272 1924924    0    0     0     0 5293 6321 26  4 70  1  0
 0  0      0 679356 162272 1931808    0    0     0     0 3943 4046 24  4 72  0  0
 0  0      0 556352 162272 1940620    0    0     0     0 4057 4283 24  4 71  0  0
 2  0      0 459944 162272 1946984    0    0     0    12 3466 3603 25  4 70  0  0
 2  0      0 390068 162272 1954572    0    0     0   248 2455 2293 30  3 67  0  0
 1  0      0 975604 162272 1961208    0    0     0     0 3724 3950 22  7 70  1  0
 1  0      0 900080 162272 1968032    0    0     0    12 3012 3458 13  3 84  0  0
 1  0      0 897024 162272 1976508    0    0     0     0 3526 4123 15  3 82  1  0
 1  0      0 869764 162272 1979652    0    0     0     0 3457 4332 14  3 83  0  0
 1  0      0 864728 162272 1984460    0    0     0   112 2547 2756 14  2 84  0  0
 2  1      0 841088 162272 1989664    0    0     0    84 4178 5296 13  2 85  0  0
 1  0      0 755388 162272 1995936    0    0     0     0 4049 5052 14  3 82  0  0
 1  0      0 690472 162272 2005700    0    0     0     0 3698 3967 12  2 85  0  0
 2  0      0 516196 162272 2015020    0    0     0     0 3480 3497 13  5 82  0  0
 1  0      0 2859984 162272 2017000    0    0     0    84 1748 1446 15  2 82  0  0
 1  0      0 2859840 162272 2017140    0    0     0    40 3790 4658 18  2 79  0  0
 0  0      0 3884088 162272 2017140    0    0     0    44 2119 2448  5  6 89  0  0
