procs -----------memory---------- ---swap-- -----io---- -system-- ------cpu-----
 r  b   swpd   free   buff  cache   si   so    bi    bo   in   cs us sy id wa st
 2  0      0 4497160  87732 1365920    0    0     3     6   14    9  1  1 98  0  0
 0  0      0 4494896  87732 1365936    0    0     0     0 4976 7979  9  6 85  0  0
 0  0      0 4494648  87740 1365936    0    0     0   160 2052 2746  1  2 98  0  0
 0  0      0 4493988  87740 1365940    0    0     0     0 1810 2259  1  1 98  0  0
 0  0      0 4493764  87740 1365944    0    0     0     0 1136 1286  0  1 99  0  0
 0  0      0 4493516  87740 1365944    0    0     0    28 1074 1123  0  1 99  0  0
 0  0      0 4493516  87740 1365956    0    0     0    20 2065 2858  1  2 96  0  0
 0  0      0 4493516  87740 1365956    0    0     0     0 1407 1557  0  2 98  0  0
 0  0      0 4493516  87740 1365964    0    0     0    56 1168 1353  0  1 98  0  0
 0  0      0 4493516  87740 1365964    0    0     0     0 1091 1202  1  1 99  0  0
 0  0      0 4493516  87740 1365968    0    0     0     0  994  987  0  1 99  0  0
 0  0      0 4493516  87740 1365972    0    0     0    36 1124 1234  0  1 99  0  0
 0  0      0 4493268  87740 1365980    0    0     0     4 1604 2065  1  1 98  0  0
 0  0      0 4493268  87744 1365984    0    0     0    56 1301 1620  1  1 98  0  0
 0  0      0 4493020  87744 1365984    0    0     0     0  993 1025  0  1 99  0  0
 0  0      0 4492528  87748 1366008    0    0     0   148 2409 3254  2  2 96  0  0
 2  0      0 4469056  87748 1366404    0    0     0   968 9204 15319  8 10 79  2  0
 1  0      0 4454216  87764 1367904    0    0     0   652 3821 5419 13  6 80  1  0
 1  0      0 4289628  87764 1368020    0    0     0     4 1844 1946 15  3 82  0  0
 1  0      0 4276284  87764 1368264    0    0     0     0 1600 1779 16  2 82  0  0
 2  0      0 4261428  87764 1368544    0    0     0    24 1694 1647 16  2 82  0  0
procs -----------memory---------- ---swap-- -----io---- -system-- ------cpu-----
 r  b   swpd   free   buff  cache   si   so    bi    bo   in   cs us sy id wa st
 1  0      0 4237488  87764 1368676    0    0     0     0 1375 1400 16  2 82  0  0
 1  0      0 4230700  87772 1368676    0    0     0   116 1946 2231 17  2 81  0  0
 1  0      0 4216088  87772 1368960    0    0     0   580 2086 2226 16  2 82  1  0
 1  0      0 4209004  87772 1369108    0    0     0     4 1285 1265 16  2 82  0  0
 1  0      0 4201444  87772 1369252    0    0     0     0 1248 1448 16  2 82  0  0
 1  0      0 4187092  87772 1369392    0    0     0     0 2184 3016 17  3 81  0  0
 2  0      0 4173672  87776 1369492    0    0     0   156 1968 2403 18  2 80  0  0
 1  0      0 4166880  87776 1369640    0    0     0     0 1315 1449 17  2 82  0  0
 1  0      0 4158816  87776 1369756    0    0     0    36 1494 1792 17  2 82  0  0
 1  0      0 4153536  87776 1369860    0    0     0     4 1314 1535 16  2 82  0  0
 1  0      0 4145220  87776 1369956    0    0     0    76 1426 1520 17  1 82  0  0
 2  0      0 3826000  87780 1382692    0    0     0   120 7592 8456 10  8 80  2  0
 0  0      0 3760084  87788 1387172    0    0     0   128 4787 5758 11  4 84  1  0
 2  0      0 3724864  87800 1392224    0    0     0   608 8236 12262 13  9 76  2  0
 2  0      0 3692092  87820 1399896    0    0     0  1108 9125 13990 20 11 67  2  0
 1  0      0 3530664  87820 1405080    0    0     0     4 4592 5577 27  6 66  1  0
 2  0      0 3459020  87820 1409128    0    0     0     0 3675 3833 26  5 69  0  0
 1  1      0 3429136  87820 1414600    0    0     0     4 3772 3815 27  4 69  1  0
 2  0      0 3434644  87820 1416636    0    0     0    52 2394 2332 30  3 66  0  0
 2  0      0 3435868  87820 1416732    0    0     0   180 1485 1290 33  2 65  0  0
 1  0      0 4153356  87820 1416920    0    0     0    12 1632 1754 20  5 75  0  0
procs -----------memory---------- ---swap-- -----io---- -system-- ------cpu-----
 r  b   swpd   free   buff  cache   si   so    bi    bo   in   cs us sy id wa st
 3  0      0 4138244  87832 1417200    0    0     0   688 5656 8688 20  7 71  1  0
 2  0      0 4117596  87856 1419732    0    0     0  1080 8286 13930 26 12 61  1  0
 3  0      0 3963316  87856 1420084    0    0     0     8 2053 2030 31  4 65  0  0
 2  0      0 3901900  87856 1420360    0    0     0    48 1685 1578 32  2 66  0  0
 2  0      0 3876396  87856 1420736    0    0     0    28 2470 3176 33  3 63  0  0
 2  0      0 3855756  87856 1421076    0    0     0    40 1732 1743 32  3 65  0  0
 2  0      0 3832748  87864 1421292    0    0     0   172 1663 1539 31  4 65  0  0
 2  0      0 3818688  87864 1421556    0    0     0    12 1634 1432 31  3 66  0  0
 2  0      0 3797772  87872 1421832    0    0     0   236 2724 3327 34  3 63  0  0
 4  1      0 3429608  87888 1435864    0    0     0  1048 11774 16531 33 15 50  3  0
 2  0      0 3363144  87896 1445732    0    0     0   596 7081 10004 42 10 47  1  0
 3  0      0 3188192  87896 1450344    0    0     0    40 4081 4442 44  6 49  0  0
 3  0      0 3096080  87896 1457500    0    0     0     8 3950 3715 45  5 50  1  0
 3  0      0 3069644  87896 1461536    0    0     0  9352 4353 4700 46  5 49  1  0
 3  0      0 3069712  87896 1462080    0    0     0     4 2592 2786 50  3 47  0  0
 4  2      0 3588608  87900 1462356    0    0     0  2188 2427 2052 47  4 43  6  0
 4  0      0 3757896  87900 1462684    0    0     0 13556 2311 2198 32  5 63  0  0
 2  0      0 3484172  87900 1476684    0    0     0     8 7170 7363 27  7 65  2  0
 2  0      0 3192108  87900 1477720    0    0     0    12 2260 2341 27  3 70  0  0
 3  0      0 3160396  87900 1479688    0    0     0  2328 2395 2534 27  4 70  0  0
 2  0      0 3143544  87908 1481428    0    0     0   280 2844 3664 27  3 70  1  0
procs -----------memory---------- ---swap-- -----io---- -system-- ------cpu-----
 r  b   swpd   free   buff  cache   si   so    bi    bo   in   cs us sy id wa st
 1  0      0 3116768  87908 1483136    0    0     0   116 2824 3260 27  3 70  0  0
 3  0      0 3097908  87908 1484696    0    0     0     0 2417 2642 27  2 71  0  0
 1  0      0 3074472  87908 1486648    0    0     0    20 2269 2277 27  3 70  0  0
 2  0      0 3059388  87908 1488096    0    0     0     4 3458 4557 28  4 68  0  0
 2  0      0 3040744  87916 1489880    0    0     0   124 2283 2394 27  2 71  0  0
 2  0      0 2685044  87916 1504996    0    0     0     0 7990 8486 22  8 68  2  0
 2  0      0 2560416  87916 1506880    0    0     0    32 2711 2611 29  3 69  0  0
 1  0      0 3507032  87916 1508912    0    0     0     0 2684 2472 22  9 70  0  0
 0  0      0 3493940  87916 1510964    0    0     0  5688 2686 2720 12  3 86  0  0
 1  0      0 3483884  87920 1512308    0    0     0   152 3302 4005 14  2 84  0  0
 0  0      0 3468264  87920 1514480    0    0     0   292 3917 4916 12  3 85  0  0
 1  0      0 3459192  87920 1515608    0    0     0     0 2291 2078 12  2 86  0  0
 1  0      0 3445836  87920 1517608    0    0     0    24 2290 2230 12  2 86  0  0
 1  0      0 3516696  87920 1518844    0    0     0     8 3412 4455 15  4 81  0  0
 1  0      0 3537104  87924 1518848    0    0     0 10668 2244 2217 17  1 82  0  0
 0  0      0 4294204  87924 1518852    0    0     0     4 1791 2032  4  5 92  0  0
 0  0      0 4294224  87924 1518860    0    0     0     0 1210 1240  0  1 99  0  0
 0  0      0 4293984  87924 1518868    0    0     0     0 1178 1220  0  1 99  0  0
 0  0      0 4294240  87924 1518868    0    0     0    24 1236 1303  0  1 98  0  0
 0  0      0 4293544  87932 1518872    0    0     0    56 1753 2322  1  1 98  0  0
 0  0      0 4294064  87932 1518876    0    0     0    84 1842 2390  1  2 97  0  0
procs -----------memory---------- ---swap-- -----io---- -system-- ------cpu-----
 r  b   swpd   free   buff  cache   si   so    bi    bo   in   cs us sy id wa st
 0  0      0 4293576  87932 1518880    0    0     0     4 1124 1153  0  1 98  0  0
 0  0      0 4293748  87932 1518880    0    0     0     0 1219 1363  1  0 99  0  0
 0  0      0 4293336  87932 1518888    0    0     0   456 2449 3546  2  3 96  0  0
 0  0      0 4293336  87936 1518896    0    0     0    84 1309 1434  1  1 98  0  0
 0  0      0 4293140  87936 1518900    0    0     0     0 1518 1762  1  1 98  0  0
 0  0      0 4293392  87936 1518908    0    0     0     8 1433 1650  1  1 98  0  0
 0  0      0 4293392  87936 1518912    0    0     0     8 1065 1056  0  1 99  0  0
 0  0      0 4293404  87936 1518916    0    0     0     0 1159 1196  1  1 98  0  0
 0  0      0 4293404  87944 1518920    0    0     0   120 1833 2469  1  1 98  0  0
 0  0      0 4293156  87944 1518924    0    0     0    32 1673 1954  1  1 98  0  0
 0  0      0 4293436  87944 1518924    0    0     0     0 2154 2842  1  2 98  0  0
 0  0      0 4293188  87944 1518936    0    0     0    12 1062 1107  0  1 99  0  0
