2026-07-14 19:40:30.522 procs -----------memory---------- ---swap-- -----io---- -system-- ------cpu-----
2026-07-14 19:40:30.526 r  b   swpd   free   buff  cache   si   so    bi    bo   in   cs us sy id wa st
2026-07-14 19:40:30.529 11  0      0 3564668 119628 2169632    0    0     7    42    7    3  2 10 87  1  0
2026-07-14 19:40:31.525 0  0      0 3563664 119632 2169632    0    0     0   880 3150 5104  5  4 91  0  0
2026-07-14 19:40:32.525 1  0      0 3563664 119632 2169636    0    0     0     0 1302 1807  1  1 98  0  0
2026-07-14 19:40:33.526 0  0      0 3563416 119632 2169640    0    0     0     0 1339 1839  1  1 98  0  0
2026-07-14 19:40:34.527 0  0      0 3563168 119632 2169640    0    0     0     0 1520 2068  1  2 97  0  0
2026-07-14 19:40:35.528 0  0      0 3563168 119632 2169640    0    0     0     0 1137 1608  0  1 98  0  0
2026-07-14 19:40:36.530 0  0      0 3563168 119632 2169640    0    0     0    16 2843 4570  3  2 95  0  0
2026-07-14 19:40:37.531 0  0      0 3562944 119632 2169640    0    0     0     0 1618 2330  1  1 97  0  0
2026-07-14 19:40:38.533 0  0      0 3562944 119632 2169640    0    0     0     0 1320 1796  1  2 97  0  0
2026-07-14 19:40:39.533 0  0      0 3562692 119632 2169640    0    0     0     0 1953 2758  1  2 97  0  0
2026-07-14 19:40:40.532 1  0      0 3560896 119636 2169632    0    0     0   312 4118 6400  3  5 92  1  0
2026-07-14 19:40:41.534 3  0      0 3540192 119648 2169872    0    0     0  1040 10008 16173  9 15 74  2  0
2026-07-14 19:40:42.532 1  0      0 3548440 119672 2171604    0    0     0   680 6506 10377  9 12 79  1  0
2026-07-14 19:40:43.535 1  0      0 3439132 119672 2171720    0    0     0     0 2197 2705 15  4 81  0  0
2026-07-14 19:40:44.536 2  0      0 3354524 119672 2171768    0    0     0     0 1958 2330 15  4 81  0  0
2026-07-14 19:40:45.536 1  0      0 3346724 119672 2171960    0    0     0     4 1444 1539 16  3 82  0  0
2026-07-14 19:40:46.536 1  0      0 3336920 119672 2172216    0    0     0     0 2127 2903 17  2 81  0  0
2026-07-14 19:40:47.537 1  1      0 3321548 119684 2172400    0    0     0   144 2081 2622 16  3 81  0  0
2026-07-14 19:40:48.538 1  1      0 3296128 119692 2172556    0    0     0   800 8038 13357 25 11 63  2  0
2026-07-14 19:40:49.537 2  0      0 3283700 119712 2174616    0    0     0   920 7281 11744 24 14 62  1  0
2026-07-14 19:40:50.539 2  0      0 3237620 119712 2175120    0    0     0     0 2402 2761 31  5 64  0  0
2026-07-14 19:40:51.539 procs -----------memory---------- ---swap-- -----io---- -system-- ------cpu-----
2026-07-14 19:40:51.542 r  b   swpd   free   buff  cache   si   so    bi    bo   in   cs us sy id wa st
2026-07-14 19:40:51.545 2  0      0 3069088 119712 2175340    0    0     0     8 2774 3566 31  5 64  0  0
2026-07-14 19:40:52.540 2  0      0 3037376 119712 2175580    0    0     0     0 2402 2933 32  4 65  0  0
2026-07-14 19:40:53.541 2  0      0 2924500 119712 2188272    0    0     0    32 6094 5930 28  9 62  1  0
2026-07-14 19:40:54.539 2  0      0 2906368 119712 2188496    0    0     0     4 1852 2040 32  3 65  0  0
2026-07-14 19:40:55.542 2  0      0 2887612 119712 2188688    0    0     0   152 1895 2141 32  4 64  0  0
2026-07-14 19:40:56.543 3  0      0 2870740 119712 2188784    0    0     0  1564 2594 3288 32  3 63  2  0
2026-07-14 19:40:57.544 2  0      0 2857888 119712 2189148    0    0     0     4 2055 2363 32  3 65  0  0
2026-07-14 19:40:58.545 2  0      0 2842048 119712 2189404    0    0     0     0 1867 2045 32  4 64  0  0
2026-07-14 19:40:59.543 2  0      0 2832472 119712 2189608    0    0     0     0 2487 3192 33  3 64  0  0
2026-07-14 19:41:00.546 2  0      0 2728196 119716 2202416    0    0     0   200 6119 6235 28  9 62  2  0
2026-07-14 19:41:01.547 2  0      0 2458392 119716 2202920    0    0     0     4 2103 2223 30  5 65  0  0
2026-07-14 19:41:02.547 2  0      0 2409744 119716 2208464    0    0     0    40 3659 3533 29  4 67  1  0
2026-07-14 19:41:03.548 2  0      0 2392284 119716 2210812    0    0     0  3000 3340 3752 30  3 67  0  0
2026-07-14 19:41:04.548 2  0      0 2386148 119716 2212920    0    0     0     0 2990 3028 29  3 68  0  0
2026-07-14 19:41:05.549 2  0      0 2374824 119720 2215936    0    0     0   128 3384 3633 29  4 66  1  0
2026-07-14 19:41:06.550 2  0      0 2348112 119720 2219620    0    0     0     0 4621 6184 30  4 66  0  0
2026-07-14 19:41:07.551 1  0      0 2308068 119720 2222960    0    0     0     0 3364 3927 29  4 67  0  0
2026-07-14 19:41:08.552 2  0      0 2280052 119720 2224928    0    0     0     4 3156 3202 29  5 66  0  0
2026-07-14 19:41:09.552 4  0      0 2045004 119720 2227784    0    0     0     0 4517 5046 26  6 68  0  0
2026-07-14 19:41:10.553 2  0      0 2027704 119724 2232228    0    0     0    96 4163 4254 27  5 68  1  0
2026-07-14 19:41:11.554 2  0      0 2012880 119724 2236912    0    0     0     0 4407 4618 27  4 68  1  0
2026-07-14 19:41:12.554 procs -----------memory---------- ---swap-- -----io---- -system-- ------cpu-----
2026-07-14 19:41:12.557 r  b   swpd   free   buff  cache   si   so    bi    bo   in   cs us sy id wa st
2026-07-14 19:41:12.559 2  0      0 2746572 119724 2240760    0    0     0   276 3990 4623 24  8 67  1  0
2026-07-14 19:41:13.555 1  0      0 2731160 119724 2245048    0    0     0  7800 3628 3949 11  4 84  0  0
2026-07-14 19:41:14.555 1  0      0 2715576 119724 2248572    0    0     0     8 3559 4047 11  4 85  1  0
2026-07-14 19:41:15.556 3  1      0 2699596 119728 2252768    0    0     0   128 3787 4222 10  4 85  1  0
2026-07-14 19:41:16.557 0  4      0 2695252 119728 2252868    0    0     0     0 1959 2900  1  2 39 59  0
2026-07-14 19:41:17.556 0  5      0 2695508 119728 2252868    0    0     0     0 1114 1543  1  1 32 66  0
2026-07-14 19:41:18.559 1  0      0 2690660 119732 2254392    0    0     0    16 2508 3139  5  4 45 46  0
2026-07-14 19:41:19.558 2  0      0 2682512 119732 2256464    0    0     0    12 2835 3459 15  2 83  0  0
2026-07-14 19:41:20.560 2  1      0 2710648 119732 2256464    0    0     0    80 1790 2082 17  2 80  1  0
2026-07-14 19:41:21.561 1  0      0 2710400 119732 2256464    0    0     0     4 2209 3109 17  2 77  4  0
2026-07-14 19:41:22.562 0  0      0 3458932 119732 2256464    0    0     0     0 1593 1982  8  7 85  0  0
2026-07-14 19:41:23.561 0  0      0 3458684 119732 2256464    0    0     0   132 3147 4575  2  3 96  0  0
2026-07-14 19:41:24.564 0  1      0 3458684 119732 2256464    0    0     0     0 1509 2016  1  2 82 16  0
2026-07-14 19:41:25.565 0  2      0 3458432 119732 2256940    0    0   476     8 1767 2520  1  2 74 23  0
2026-07-14 19:41:26.565 0  2      0 3458432 119732 2256940    0    0     0     0 2226 3554  3  2 63 32  0
2026-07-14 19:41:27.566 0  1      0 3458432 119736 2256936    0    0     0  6844 1327 1887  1  2 47 51  0
2026-07-14 19:41:28.568 0  0      0 3458180 119736 2256940    0    0     0     0 1479 2093  2  2 83 12  0
2026-07-14 19:41:29.569 1  0      0 3457928 119736 2256940    0    0     0     0 1468 1987  1  2 98  0  0
2026-07-14 19:41:30.569 0  0      0 3457424 119736 2256944    0    0     0    12 1927 2741  2  2 97  0  0
2026-07-14 19:41:31.570 4  0      0 3457424 119736 2256944    0    0     0     0 1165 1605  1  1 98  0  0
2026-07-14 19:41:32.569 0  3      0 3457176 119740 2256944    0    0     0   204 1121 1477  1  1 69 30  0
2026-07-14 19:41:33.571 procs -----------memory---------- ---swap-- -----io---- -system-- ------cpu-----
2026-07-14 19:41:33.574 r  b   swpd   free   buff  cache   si   so    bi    bo   in   cs us sy id wa st
2026-07-14 19:41:33.577 0  3      0 3457176 119740 2256944    0    0     0     0 1466 2146  1  2 49 49  0
2026-07-14 19:41:34.573 0  4      0 3457176 119740 2256944    0    0     0    12 1227 1555  1  2 33 65  0
2026-07-14 19:41:35.574 0  4      0 3456924 119740 2256944    0    0     0     0 1783 2514  1  2 33 64  0
2026-07-14 19:41:36.573 0  4      0 3456924 119740 2256944    0    0     0     0 2996 4979  1  3 32 63  0
2026-07-14 19:41:37.575 0  4      0 3456924 119740 2256944    0    0     0     0 1380 1980  1  1 33 65  0
2026-07-14 19:41:38.576 0  4      0 3456924 119740 2256944    0    0     0     0 1308 1782  2  2 33 64  0
2026-07-14 19:41:39.577 0  0      0 3457180 119744 2256948    0    0     0  6444 1495 1909  1  2 87 10  0
2026-07-14 19:41:40.578 0  0      0 3456676 119744 2256948    0    0     0    12 1903 2819  1  2 96  0  0
2026-07-14 19:41:41.579 0  0      0 3456676 119744 2256952    0    0     0     0 1440 2112  2  2 97  0  0
2026-07-14 19:41:42.579 0  0      0 3456436 119744 2256952    0    0     0     0 1617 2253  1  1 98  0  0
2026-07-14 19:41:43.581 0  0      0 3456436 119744 2256952    0    0     0     0 1495 2175  2  2 96  0  0
2026-07-14 19:41:44.581 0  0      0 3456184 119748 2256952    0    0     0   416 1664 2168  1  2 97  0  0
2026-07-14 19:41:45.580 0  0      0 3456184 119748 2256952    0    0     0     0 1525 2137  1  2 97  0  0
2026-07-14 19:41:46.583 1  0      0 3456184 119748 2256952    0    0     0    12 2059 3276  1  2 96  0  0
2026-07-14 19:41:47.584 0  0      0 3456184 119748 2256952    0    0     0     0 1217 1703  1  1 98  0  0
2026-07-14 19:41:48.585 1  0      0 3456184 119748 2256952    0    0     0     0 1508 2120  1  2 97  0  0
2026-07-14 19:41:49.585 0  0      0 3455932 119756 2256932    0    0     0    28 1412 1916  1  2 97  0  0
2026-07-14 19:41:50.587 0  0      0 3455936 119756 2256940    0    0     0    36 1866 2593  1  2 97  0  0
2026-07-14 19:41:51.587 0  0      0 3455688 119756 2256940    0    0     0    12 2113 3217  1  2 97  0  0
2026-07-14 19:41:52.587 0  0      0 3455688 119756 2256940    0    0     0     0 1211 1570  1  1 98  0  0
2026-07-14 19:41:53.589 0  0      0 3455688 119756 2256940    0    0     0     0 1743 2409  2  2 96  0  0
2026-07-14 19:41:54.588 procs -----------memory---------- ---swap-- -----io---- -system-- ------cpu-----
2026-07-14 19:41:54.588 r  b   swpd   free   buff  cache   si   so    bi    bo   in   cs us sy id wa st
2026-07-14 19:41:54.590 0  0      0 3455944 119760 2256936    0    0     0    28 1528 2007  1  2 97  0  0
2026-07-14 19:41:55.591 2  0      0 3458404 119760 2256940    0    0     0     0 2515 3577  6  5 89  0  0
