procs -----------memory---------- ---swap-- -----io---- -system-- ------cpu-----
 r  b   swpd   free   buff  cache   si   so    bi    bo   in   cs us sy id wa st
 2  0      0 4236348 162288 1679736    0    0     2     9   13    5  1  1 98  0  0
 0  0      0 4237072 162288 1679764    0    0     0     0 5311 8972 10  7 83  0  0
 0  0      0 4236832 162288 1679768    0    0     0     0 1711 2152  1  1 98  0  0
 0  0      0 4236592 162288 1679772    0    0     0    96 1318 1497  1  1 99  0  0
 1  0      0 4236592 162288 1679740    0    0     0   100 1488 1869  1  1 98  0  0
 0  0      0 4236344 162288 1679748    0    0     0    20 2440 3629  2  2 97  0  0
 2  0      0 4236344 162288 1679752    0    0     0    28 1526 1972  1  1 98  0  0
 0  0      0 4236344 162288 1679756    0    0     0     0 1281 1495  1  1 99  0  0
 0  0      0 4236344 162288 1679764    0    0     0    60 1295 1533  0  1 98  0  0
 0  0      0 4236120 162288 1679764    0    0     0    64 1735 2112  2  2 96  0  0
 0  0      0 4236120 162288 1679772    0    0     0     4 2095 3056  1  2 98  0  0
 0  0      0 4236120 162288 1679776    0    0     0    16 1520 1942  1  1 98  0  0
 0  0      0 4236120 162288 1679780    0    0     0    28 1569 2061  0  1 99  0  0
 0  0      0 4238332 162288 1679784    0    0     0     0 1131 1323  0  1 99  0  0
 0  0      0 4238332 162288 1679788    0    0     0    16 1378 1760  1  1 99  0  0
 0  0      0 4238332 162288 1679788    0    0     0    48 1542 2039  1  1 98  0  0
 0  0      0 4238332 162288 1679800    0    0     0     4 1607 2022  0  2 98  0  0
 0  0      0 4238332 162288 1679804    0    0     0     8 1178 1377  0  1 99  0  0
 0  0      0 4238332 162288 1679808    0    0     0    28 1295 1538  0  1 99  0  0
 2  0      0 4238332 162288 1679812    0    0     0     0 2301 3338  2  2 96  0  0
 1  0      0 4220940 162292 1679820    0    0     0    52 2713 3771  3  2 95  0  0
procs -----------memory---------- ---swap-- -----io---- -system-- ------cpu-----
 r  b   swpd   free   buff  cache   si   so    bi    bo   in   cs us sy id wa st
 0  0      0 4239712 162292 1679836    0    0     0     0 7154 12021 16  9 75  0  0
 0  0      0 4234240 162292 1679844    0    0     0     8 5834 9664 11  8 81  0  0
 0  0      0 4236716 162292 1679844    0    0     0     8 3223 4864  5  4 91  0  0
 0  0      0 4236556 162292 1679848    0    0     0    40 1687 2149  1  1 98  0  0
 0  0      0 4236316 162292 1679860    0    0     0   124 2047 2688  1  1 98  0  0
 0  0      0 4236344 162292 1679864    0    0     0     8 1439 1810  0  1 98  0  0
 0  0      0 4236120 162292 1679868    0    0     0     8 1242 1451  0  1 99  0  0
 0  0      0 4236120 162292 1679868    0    0     0     0 1601 2023  1  1 98  0  0
 0  0      0 4236120 162292 1679872    0    0     0     8 1727 2204  2  2 96  0  0
 0  0      0 4236372 162296 1679880    0    0     0    60 2202 3269  1  2 98  0  0
 0  0      0 4236372 162296 1679884    0    0     0     0 1494 1892  1  1 98  0  0
 1  0      0 4236372 162296 1679888    0    0     0     0 1408 1731  1  1 98  0  0
 0  0      0 4236204 162296 1679892    0    0     0     4 1267 1385  0  1 98  0  0
 1  0      0 4236204 162296 1679896    0    0     0     0 1799 2425  1  1 99  0  0
 0  0      0 4236900 162296 1679904    0    0     0    80 2676 3973  2  2 96  0  0
 0  0      0 4236936 162296 1679908    0    0     0    28 1756 2219  1  1 98  0  0
 0  0      0 4237280 162296 1679912    0    0     0     0 1286 1478  0  1 99  0  0
 0  0      0 4233656 162296 1679924    0    0     0     8 6340 10381 14  9 76  0  0
 2  0      0 4234204 162296 1679932    0    0     0     0 5368 8649  9  8 82  0  0
 3  0      0 4235712 162296 1679948    0    0     0    72 3723 6039  4  4 92  0  0
 0  0      0 4235732 162296 1679952    0    0     0    40 3010 4489  3  3 94  0  0
procs -----------memory---------- ---swap-- -----io---- -system-- ------cpu-----
 r  b   swpd   free   buff  cache   si   so    bi    bo   in   cs us sy id wa st
 0  0      0 4235732 162296 1679956    0    0     0     4 1403 1708  1  1 98  0  0
 0  0      0 4235984 162296 1679960    0    0     0    24 1317 1555  1  1 98  0  0
 0  0      0 4235984 162296 1679968    0    0     0     0 1522 1958  1  1 99  0  0
 0  0      0 4235760 162296 1679972    0    0     0   152 1623 2065  1  1 98  0  0
 0  0      0 4235760 162296 1679976    0    0     0     0 1583 1930  1  2 98  0  0
 0  0      0 4235760 162296 1679980    0    0     0    32 1367 1593  1  1 98  0  0
 0  0      0 4235760 162296 1679984    0    0     0    12 1441 1712  1  1 98  0  0
 1  0      0 4235760 162296 1679992    0    0     0     0 2137 3113  1  2 97  0  0
 0  0      0 4235512 162296 1680000    0    0     0    52 2251 3220  2  2 97  0  0
 0  0      0 4235512 162296 1680004    0    0     0     0 1698 2251  1  2 98  0  0
 0  0      0 4235512 162296 1680004    0    0     0     0 1584 1934  1  1 98  0  0
 0  0      0 4235512 162296 1680008    0    0     0    32 1411 1742  1  1 98  0  0
 0  0      0 4235512 162296 1680012    0    0     0    12 1473 1866  1  1 98  0  0
 2  0      0 4231176 162296 1680032    0    0     0   104 6333 9975 12  8 79  0  0
 1  0      0 4240852 162296 1680036    0    0     0     0 5292 8498  9  6 84  0  0
 0  0      0 4240532 162296 1680048    0    0     0     0 3172 4689  5  4 91  0  0
 0  0      0 4240552 162296 1680044    0    0     0     0 3922 6058  6  5 89  0  0
 0  0      0 4240552 162296 1680048    0    0     0    52 1664 2128  1  1 97  0  0
 0  0      0 4240312 162300 1680052    0    0     0    68 2278 3320  1  2 97  0  0
 0  0      0 4240004 162300 1680060    0    0     0     0 1649 2023  1  1 98  0  0
 0  0      0 4240072 162300 1680060    0    0     0     0 1740 2320  1  1 98  0  0
procs -----------memory---------- ---swap-- -----io---- -system-- ------cpu-----
 r  b   swpd   free   buff  cache   si   so    bi    bo   in   cs us sy id wa st
 0  0      0 4239820 162300 1680064    0    0     0     0 1260 1354  1  1 98  0  0
 7  0      0 4239572 162300 1680068    0    0     0     0 2335 3468  1  2 97  0  0
 0  0      0 4239572 162300 1680076    0    0     0   104 1949 2637  2  1 97  0  0
 0  0      0 4240008 162300 1680084    0    0     0     4 1445 1720  1  2 98  0  0
 0  0      0 4239852 162300 1680084    0    0     0     0 1365 1607  1  1 98  0  0
 0  0      0 4239772 162300 1680088    0    0     0     0 1308 1519  0  1 98  0  0
 0  0      0 4239632 162300 1680092    0    0     0     4 1831 2303  2  2 96  0  0
 0  0      0 4239384 162300 1680096    0    0     0    52 2155 3112  1  2 97  0  0
 0  0      0 4239384 162300 1680104    0    0     0    32 1759 2207  0  2 98  0  0
 0  0      0 4239412 162300 1680120    0    0     0     4 6394 10433 13  9 78  0  0
 0  0      0 4237928 162300 1680120    0    0     0     0 5574 9131 11  7 82  0  0
 1  0      0 4241896 162300 1680140    0    0     0     0 2690 3950  4  2 94  0  0
 0  0      0 4241972 162300 1680140    0    0     0   160 3365 5138  4  3 92  0  0
 0  0      0 4241720 162300 1680144    0    0     0    40 1529 1985  0  2 98  0  0
 0  0      0 4241480 162300 1680148    0    0     0    20 1317 1642  0  1 99  0  0
 0  0      0 4241480 162300 1680148    0    0     0     4 1284 1593  1  1 99  0  0
 7  0      0 4241480 162300 1680152    0    0     0     0 2454 3662  2  3 96  0  0
 0  0      0 4241480 162300 1680156    0    0     0    68 2095 2997  1  2 97  0  0
 0  0      0 4241480 162300 1680168    0    0     0     4 1640 2159  1  2 98  0  0
 0  0      0 4241480 162300 1680172    0    0     0    24 1609 2117  1  1 98  0  0
 0  0      0 4241480 162300 1680176    0    0     0     8 1378 1622  0  1 98  0  0
procs -----------memory---------- ---swap-- -----io---- -system-- ------cpu-----
 r  b   swpd   free   buff  cache   si   so    bi    bo   in   cs us sy id wa st
 0  0      0 4241480 162300 1680180    0    0     0     4 1523 2013  1  1 98  0  0
 0  0      0 4241480 162304 1680188    0    0     0    96 1831 2472  1  1 98  0  0
 0  0      0 4240976 162304 1680192    0    0     0     8 1562 1922  1  2 98  0  0
 0  0      0 4240752 162304 1680192    0    0     0     0 1412 1733  1  1 99  0  0
 0  0      0 4240924 162304 1680196    0    0     0    24 1431 1747  1  1 99  0  0
 0  0      0 4244580 162304 1680216    0    0     0     8 6698 10899 15 10 75  0  0
 2  0      0 4247324 162304 1680228    0    0     0    64 5351 8789  9  7 84  0  0
 5  0      0 4247072 162304 1680240    0    0     0     0 3257 5098  3  3 93  0  0
 0  0      0 4247072 162304 1680236    0    0     0     8 3233 4798  5  3 92  0  0
 0  0      0 4247072 162304 1680240    0    0     0     0 1319 1435  0  1 98  0  0
 0  0      0 4246832 162304 1680244    0    0     0    48 2355 3528  1  1 98  0  0
 0  0      0 4246832 162304 1680252    0    0     0   144 2073 2811  2  1 97  0  0
 0  0      0 4246580 162304 1680256    0    0     0     4 1786 2423  1  1 98  0  0
 0  0      0 4246580 162304 1680260    0    0     0     4 1416 1791  1  1 98  0  0
 0  0      0 4246580 162304 1680264    0    0     0     0 1401 1766  1  1 98  0  0
 0  0      0 4246580 162304 1680268    0    0     0     0 1598 2145  1  2 97  0  0
 0  0      0 4246580 162304 1680276    0    0     0    40 2344 3598  1  2 98  0  0
 0  0      0 4246580 162304 1680280    0    0     0     8 1815 2439  1  1 98  0  0
 0  0      0 4246580 162304 1680284    0    0     0    12 1748 2332  1  1 98  0  0
 0  0      0 4246580 162304 1680288    0    0     0     0 1272 1437  0  1 99  0  0
 0  0      0 4246580 162304 1680288    0    0     0     0 1549 1899  1  1 98  0  0
procs -----------memory---------- ---swap-- -----io---- -system-- ------cpu-----
 r  b   swpd   free   buff  cache   si   so    bi    bo   in   cs us sy id wa st
 0  0      0 4246580 162304 1680292    0    0     0    80 1683 2265  1  1 98  0  0
 0  0      0 4243612 162304 1680304    0    0     0     0 4525 7282 10  6 84  0  0
 2  0      0 4242880 162304 1680320    0    0     0     8 5701 9636 11  8 82  0  0
 0  0      0 4246000 162304 1680324    0    0     0    12 3496 5380  6  5 90  0  0
 0  0      0 4248164 162304 1680324    0    0     0     0 4458 7246  6  4 90  0  0
 0  0      0 4247924 162304 1680328    0    0     0    56 1798 2561  2  2 97  0  0
 0  0      0 4247924 162304 1680336    0    0     0     8 1717 2175  1  1 98  0  0
 0  0      0 4247924 162304 1680340    0    0     0     0 1649 2130  1  1 98  0  0
 0  0      0 4247924 162304 1680344    0    0     0     8 1455 1764  0  1 98  0  0
 0  0      0 4247924 162304 1680352    0    0     0    12 1501 1834  0  1 98  0  0
 0  0      0 4247924 162304 1680352    0    0     0    80 1985 2751  1  1 98  0  0
 0  0      0 4247924 162304 1680360    0    0     0     0 1480 1836  1  1 98  0  0
 0  0      0 4247924 162304 1680364    0    0     0     0 1362 1578  1  1 98  0  0
 0  0      0 4247684 162304 1680368    0    0     0     0 1528 1956  1  1 99  0  0
 0  0      0 4247684 162304 1680368    0    0     0    16 1753 2230  1  2 97  0  0
 1  0      0 4247684 162304 1680372    0    0     0    52 1795 2551  1  1 98  0  0
 1  0      0 4247684 162304 1680380    0    0     0     0 1778 2348  1  1 98  0  0
 0  0      0 4247684 162304 1680384    0    0     0     0 1742 2286  1  1 98  0  0
 5  0      0 4244392 162304 1680392    0    0     0     0 2156 2861  4  2 93  0  0
 0  0      0 4241380 162304 1680408    0    0     0     0 7482 12539 15  8 77  0  0
 0  0      0 4238084 162304 1680416    0    0     0   252 6099 10069 13  8 79  0  0
procs -----------memory---------- ---swap-- -----io---- -system-- ------cpu-----
 r  b   swpd   free   buff  cache   si   so    bi    bo   in   cs us sy id wa st
 0  0      0 4241324 162304 1680420    0    0     0     0 3711 5835  7  5 88  0  0
 0  0      0 4241084 162304 1680424    0    0     0     0 1637 1953  1  2 98  0  0
 0  0      0 4241344 162304 1680428    0    0     0     0 1569 2008  0  1 98  0  0
 0  0      0 4241392 162304 1680432    0    0     0    12 2118 2789  2  2 97  0  0
 0  0      0 4241392 162308 1680440    0    0     0    68 1287 1502  0  1 98  0  0
 0  0      0 4241392 162308 1680444    0    0     0    12 2175 3136  1  2 97  0  0
 0  0      0 4241392 162308 1680448    0    0     0     0 1672 2182  1  1 98  0  0
 0  0      0 4241392 162308 1680452    0    0     0     0 1296 1564  0  1 99  0  0
 0  0      0 4241392 162308 1680460    0    0     0     0 1413 1828  1  1 98  0  0
 0  0      0 4241152 162308 1680464    0    0     0    88 1821 2542  1  1 97  0  0
 0  0      0 4241152 162308 1680468    0    0     0    12 1085 1293  0  1 99  0  0
 0  0      0 4241152 162308 1680472    0    0     0     8 1708 2151  1  1 98  0  0
 2  0      0 4245424 162308 1680480    0    0     0     0 6538 10564 13  9 78  0  0
 1  0      0 4250708 162308 1680500    0    0     0     0 6529 10577 10  8 81  0  0
 1  0      0 4250468 162308 1680516    0    0     0    56 2473 3600  3  3 95  0  0
 1  0      0 4234600 162308 1680572    0    0     0   548 7950 13124  9  8 82  2  0
 1  0      0 4218484 162312 1682252    0    0     0  1120 7086 11336 10 10 78  1  0
 2  0      0 4076256 162312 1682464    0    0     0     8 2342 2864 15  3 81  0  0
 1  0      0 4029784 162312 1682520    0    0     0     0 1822 2069 17  2 81  0  0
 1  0      0 4015724 162312 1682684    0    0     0   492 2577 3181 17  3 80  0  0
 1  0      0 4000364 162312 1682944    0    0     0    12 1715 1961 16  2 82  0  0
procs -----------memory---------- ---swap-- -----io---- -system-- ------cpu-----
 r  b   swpd   free   buff  cache   si   so    bi    bo   in   cs us sy id wa st
 1  0      0 3980764 162312 1683064    0    0     0   128 1903 2050 16  2 81  0  0
 1  0      0 3975232 162312 1683180    0    0     0     8 1557 1652 17  1 82  0  0
 1  0      0 3962936 162312 1683480    0    0     0    12 2264 2632 18  3 80  0  0
 1  0      0 3953372 162312 1683564    0    0     0    36 1449 1562 16  2 82  0  0
 3  0      0 3939644 162312 1683716    0    0     0     0 2814 3972 16  3 80  0  0
 2  0      0 3926852 162312 1683812    0    0     0   164 4943 7566 26  6 68  0  0
 2  0      0 3907048 162316 1683920    0    0     4   208 5276 8273 24  6 69  0  0
 1  0      0 3913012 162316 1684092    0    0     0     4 4462 7042 21  5 74  0  0
 2  1      0 3902352 162316 1684240    0    0     0   484 5994 9655 24  5 66  4  0
 2  0      0 3872508 162320 1684436    0    0     0   732 5564 8639 20  6 62 12  0
 3  0      0 3811024 162320 1687832    0    0     0   616 6279 9374 27  9 63  1  0
 1  0      0 3159572 162320 1701480    0    0     0     0 6954 6750 24  9 65  2  0
 1  0      0 3113248 162320 1705048    0    0     0     0 4038 4380 26  5 68  1  0
 2  0      0 3086020 162320 1708544    0    0     0   448 3488 3465 27  4 69  0  0
 1  0      0 3055344 162320 1712372    0    0     0    12 4730 5930 26  5 69  1  0
 1  0      0 3022080 162320 1716072    0    0     0  5580 4335 4977 26  4 69  1  0
 1  0      0 3005724 162320 1719520    0    0     0    12 3177 3041 26  3 71  1  0
 1  0      0 2978492 162320 1722776    0    0     0     0 3623 3582 27  3 70  0  0
 1  0      0 2955668 162320 1726700    0    0     0   176 4269 4860 26  3 71  1  0
 3  0      0 2901700 162320 1730836    0    0     0     8 4899 6197 30  8 62  0  0
 3  0      0 2894980 162320 1731956    0    0     0   156 5671 9436 41  9 50  0  0
procs -----------memory---------- ---swap-- -----io---- -system-- ------cpu-----
 r  b   swpd   free   buff  cache   si   so    bi    bo   in   cs us sy id wa st
 2  0      0 2983628 162320 1732060    0    0     0    32 3551 8126 40  6 53  0  0
 1  0      0 3838824 162320 1732208    0    0     0   100 6381 9918 28 14 58  0  0
 3  0      0 3808624 162324 1732820    0    0     0   988 8395 14207 25 11 62  3  0
 4  0      0 3772076 162324 1734968    0    0     0   572 4142 5751 29  7 64  0  0
 2  0      0 3586796 162324 1735164    0    0     0     4 2435 2468 31  4 65  0  0
 3  0      0 3033356 162324 1749416    0    0     0     8 7982 8003 24 10 65  1  0
 3  0      0 2925784 162324 1754080    0    0     0  2004 3401 3305 30  3 67  0  0
 2  0      0 2888500 162324 1761248    0    0     0     4 4520 5491 28  3 69  0  0
 4  0      0 2818056 162324 1767200    0    0     0   208 3577 3461 27  3 69  1  0
 4  0      0 2781844 162324 1771236    0    0     0     4 3127 3155 27  3 70  0  0
 2  0      0 2738924 162324 1775540    0    0     0     4 3079 2896 28  3 69  0  0
 5  0      0 2689868 162324 1778444    0    0     0    20 3083 3198 32  4 65  0  0
 2  0      0 2621392 162324 1785432    0    0     0     0 3019 2693 29  3 68  0  0
 2  0      0 2554956 162324 1792496    0    0     0   204 4306 5127 31  3 66  0  0
 2  0      0 2435848 162324 1798112    0    0     0     0 3825 4130 30  3 67  0  0
 2  0      0 2244132 162324 1803560    0    0     0     0 3037 2757 30  3 67  0  0
 2  0      0 2175344 162324 1813796    0    0     0    12 4404 5033 31  3 65  0  0
 7  0      0 2068640 162324 1825244    0    0     0     8 4688 5256 31  3 66  0  0
 2  0      0 1706048 162324 1845012    0    0     0   112 8287 8398 25  8 65  2  0
 2  0      0 1326392 162324 1853348    0    0     0   160 3919 4309 23  5 71  0  0
 1  0      0 1250300 162324 1865112    0    0     0     0 4629 5022 23  5 72  1  0
procs -----------memory---------- ---swap-- -----io---- -system-- ------cpu-----
 r  b   swpd   free   buff  cache   si   so    bi    bo   in   cs us sy id wa st
 1  0      0 1133684 162324 1874420    0    0     0     0 4873 5262 25  6 69  0  0
 2  0      0 1053996 162324 1883860    0    0     0  6448 3874 3914 23  4 74  0  0
 5  0      0 897992 162324 1895088    0    0     0   160 6236 7593 28  5 67  1  0
 2  0      0 837932 162324 1904820    0    0     0     0 4112 4492 23  4 73  0  0
 2  0      0 687212 162324 1911884    0    0     0  7524 4319 4390 25  4 71  1  0
 2  0      0 577384 162324 1920940    0    0     0 60032 4452 4916 25  5 69  2  0
 2  0      0 457644 162324 1928996    0    0     0     0 4766 5263 28  3 69  0  0
 2  0      0 368440 162324 1935944    0    0     0  2864 3587 3515 30  4 61  5  0
 1  0      0 1027120 162324 1941212    0    0     0     8 3263 3380 22  6 71  0  0
 1  0      0 907812 162324 1950224    0    0     0     0 3037 3038 14  3 83  1  0
 1  0      0 922564 162324 1956880    0    0     0     0 3944 5277 14  5 81  0  0
 0  0      0 896768 162324 1961412    0    0     0 35792 3297 3667 14  3 84  0  0
 0  0      0 893224 162324 1964460    0    0     0  5792 3471 4579 14  2 83  0  0
 0  0      0 822020 162324 1969300    0    0     0     4 3041 3359 12  2 85  0  0
 1  0      0 756196 162324 1977304    0    0     0     8 3154 3682 15  2 82  0  0
 1  0      0 670548 162324 1988980    0    0     0     0 4103 4271 13  3 84  1  0
 1  0      0 535572 162324 1994872    0    0     0     0 2848 3640 14  4 82  0  0
 2  0      0 2878252 162324 1996724    0    0     0   296 2890 3485 16  3 80  1  0
 2  0      0 2970992 162324 1996732    0    0     0     0 2348 2665 18  1 81  0  0
 0  0      0 3895132 162324 1996736    0    0     0     4 1537 1562  1  5 94  0  0
