procs -----------memory---------- ---swap-- -----io---- -system-- ------cpu-----
 r  b   swpd   free   buff  cache   si   so    bi    bo   in   cs us sy id wa st
 5  0      0 4266380  42804 1613664    0    0     4     7   16   12  1  1 98  0  0
 1  0      0 4272680  42804 1613688    0    0     0     0 5689 9362 10  7 83  0  0
 0  0      0 4272428  42804 1613692    0    0     0    12 1453 1692  1  2 98  0  0
 0  0      0 4272428  42808 1613692    0    0     0    76 1132 1177  0  0 99  0  0
 0  0      0 4271956  42808 1613696    0    0     0     0 1076 1086  0  1 99  0  0
 0  0      0 4271956  42808 1613696    0    0     0    12 1129 1197  0  1 99  0  0
 0  0      0 4271956  42808 1613704    0    0     0    20 1325 1451  0  1 99  0  0
 0  0      0 4271956  42808 1613708    0    0     0     0 1347 1532  0  2 98  0  0
 0  0      0 4271956  42812 1613716    0    0     0    76 1927 2610  1  1 98  0  0
 0  0      0 4271956  42812 1613716    0    0     0     0 1275 1402  1  2 97  0  0
 6  0      0 4271956  42812 1613724    0    0     0     0 1261 1534  0  1 99  0  0
 0  0      0 4271704  42812 1613728    0    0     0    16 1252 1245  1  1 98  0  0
 0  0      0 4271704  42812 1613728    0    0     0    24 1324 1442  0  1 98  0  0
 0  0      0 4271704  42816 1613732    0    0     0    32 1158 1180  1  1 99  0  0
 0  0      0 4271704  42816 1613736    0    0     0     0 1062 1083  0  1 99  0  0
 0  0      0 4271704  42816 1613736    0    0     0    16 1274 1459  1  1 99  0  0
 0  0      0 4271704  42816 1613744    0    0     0     4 1259 1386  0  1 98  0  0
 0  0      0 4271452  42816 1613752    0    0     0     8 1558 1864  1  1 98  0  0
 0  0      0 4271452  42824 1613756    0    0     0   104 1877 2527  1  1 98  0  0
 0  0      0 4271228  42844 1613740    0    0     0   144 2590 3484  2  2 96  0  0
 1  0      0 4261948  42864 1614028    0    0     0   948 7588 12240  7  8 82  2  0
procs -----------memory---------- ---swap-- -----io---- -system-- ------cpu-----
 r  b   swpd   free   buff  cache   si   so    bi    bo   in   cs us sy id wa st
 1  0      0 4236444  42880 1615692    0    0    28   560 5122 8096 12  9 79  1  0
 1  0      0 4062824  42880 1615792    0    0     0     8 2128 2631 15  4 81  0  0
 1  0      0 4046708  42880 1615956    0    0     0     8 1382 1453 16  3 82  0  0
 1  0      0 4031096  42880 1616388    0    0     0   552 1620 1727 16  2 81  1  0
 1  0      0 4018260  42880 1616428    0    0     0     0 1331 1497 16  3 82  0  0
 1  0      0 4001272  42884 1616528    0    0     0   128 1305 1408 16  2 82  0  0
 1  0      0 3994828  42896 1616692    0    0     0   228 3293 4228 17  4 79  0  0
 2  0      0 3968536  42916 1617064    0    0     0   960 8187 13719 24  9 65  2  0
 2  0      0 3942656  42940 1619304    0    0     0   632 4140 6276 29  8 62  0  0
 2  0      0 3759044  42940 1619548    0    0     0    40 2537 3194 32  3 64  0  0
 2  0      0 3740408  42940 1619804    0    0     0    40 1962 1995 32  2 66  0  0
 2  0      0 3716524  42940 1620320    0    0     0     0 1751 1757 32  3 65  0  0
 2  0      0 3697120  42940 1620520    0    0     0     8 1585 1504 32  2 66  0  0
 2  0      0 3671376  42944 1620728    0    0     0   120 1360 1171 32  2 66  0  0
 2  0      0 3655524  42952 1620972    0    0     0   164 2068 2171 32  3 65  0  0
 2  0      0 3528068  42968 1634820    0    0     0   632 10095 12642 32 10 56  2  0
 3  0      0 3066608  43020 1639008    0    0     0  1120 8492 13631 35 16 47  3  0
 2  0      0 2899908  43020 1643652    0    0     0     4 4742 5568 39  7 54  1  0
 3  0      0 2810084  43020 1647968    0    0     0     8 3772 3563 40  5 55  1  0
 3  0      0 2772232  43020 1652184    0    0     0     0 3738 3958 40  4 56  1  0
 3  0      0 2736560  43020 1656576    0    0     0  6392 3768 3704 39  5 55  0  0
procs -----------memory---------- ---swap-- -----io---- -system-- ------cpu-----
 r  b   swpd   free   buff  cache   si   so    bi    bo   in   cs us sy id wa st
 3  0      0 2691116  43028 1660416    0    0     0  1132 3943 3983 40  4 51  5  0
 2  0      0 2662352  43028 1664768    0    0     0     8 3551 3365 40  3 56  1  0
 5  0      0 2632964  43036 1669424    0    0     0     4 3626 3452 40  3 56  0  0
 3  0      0 2204680  43056 1685280    0    0  2048     0 7881 8051 40  8 49  2  0
 3  0      0 2276160  43056 1688192    0    0     0     0 2492 2273 43  3 54  0  0
 1  0      0 3112868  43072 1690476    0    0     0   460 4098 5197 29 11 59  0  0
 3  0      0 3069028  43128 1693400    0    0     0   964 9420 16146 36 13 48  2  0
 3  0      0 3026928  43160 1697724    0    0     0   672 3968 5238 41  8 51  0  0
 2  0      0 2841840  43160 1699912    0    0     0     0 2942 3353 41  6 53  0  0
 3  0      0 2809148  43160 1701844    0    0     0    60 2302 1937 44  4 52  0  0
 3  0      0 2777688  43160 1704340    0    0     0     0 2963 3232 43  4 53  0  0
 3  0      0 2801112  43160 1704728    0    0     0    48 1978 1419 48  4 49  0  0
 1  0      0 3181456  43164 1719760    0    0  2004   220 7492 7351 39 11 49  2  0
 2  0      0 3154548  43168 1722504    0    0     0     8 2574 2525 26  3 71  0  0
 2  0      0 3126096  43176 1725408    0    0     0     0 2724 2704 26  3 71  0  0
 2  0      0 3102916  43180 1727956    0    0     0   776 3141 3182 28  3 69  1  0
 2  0      0 3069720  43184 1730636    0    0     0  9504 3688 4586 27  3 70  0  0
 2  0      0 3051196  43200 1733368    0    0     0 13832 3095 3454 28  4 68  0  0
 2  0      0 3060372  43200 1734892    0    0     0    12 2813 3231 31  3 67  0  0
 2  0      0 3055732  43200 1735076    0    0     0  6536 1899 1898 33  2 65  0  0
 1  0      0 3785456  43200 1735264    0    0     0     0 1773 1717 22  5 74  0  0
procs -----------memory---------- ---swap-- -----io---- -system-- ------cpu-----
 r  b   swpd   free   buff  cache   si   so    bi    bo   in   cs us sy id wa st
 1  0      0 3780004  43200 1735400    0    0     0     0 1472 1446 16  2 82  0  0
 1  0      0 3732004  43208 1735624    0    0     0   152 1696 1761 15  2 82  0  0
 0  0      0 3363824  43216 1736352    0    0     0    44 2352 2385 10  5 85  0  0
 0  0      0 3347376  43220 1738572    0    0     0     4 2857 3336 11  3 86  0  0
 1  0      0 3335424  43224 1740696    0    0     0     0 2681 2943 11  2 86  0  0
 1  0      0 3327400  43228 1742132    0    0     0     0 3360 4351 13  2 85  0  0
 1  0      0 3314800  43236 1743908    0    0     0   144 2699 2789 12  3 85  0  0
 1  0      0 3303460  43240 1745600    0    0     0     0 3327 4212 12  2 86  0  0
 1  0      0 3295400  43244 1746872    0    0     0    40 3828 4879 15  3 83  0  0
 1  0      0 3282296  43248 1749204    0    0     0     4 2379 2699 11  3 87  0  0
 1  0      0 3356460  43248 1749532    0    0     0     0 1405 1178 16  1 82  0  0
 1  0      0 4099260  43252 1749536    0    0     0    84 1353 1161 15  3 82  0  0
 0  0      0 4102300  43252 1749540    0    0     0     0 1281 1368  1  2 97  0  0
 0  0      0 4102552  43252 1749548    0    0     0     8 1411 1679  1  1 98  0  0
 0  0      0 4102556  43252 1749556    0    0     0    32 1478 1749  1  1 98  0  0
 0  0      0 4101972  43252 1749560    0    0     0     4 2162 3128  1  2 97  0  0
 0  0      0 4101848  43256 1749572    0    0     0 18144 1767 2285  1  3 96  0  0
 0  0      0 4101848  43256 1749572    0    0     0     0 1554 1994  2  1 97  0  0
 0  0      0 4101848  43256 1749580    0    0     0     0 1628 1921  1  1 98  0  0
 0  0      0 4101636  43256 1749584    0    0     0     8 1341 1558  0  2 98  0  0
 0  0      0 4101636  43256 1749588    0    0     0    36 1096 1117  0  1 99  0  0
procs -----------memory---------- ---swap-- -----io---- -system-- ------cpu-----
 r  b   swpd   free   buff  cache   si   so    bi    bo   in   cs us sy id wa st
 0  0      0 4101572  43260 1749588    0    0     0    88  897  933  0  1 99  0  0
 0  0      0 4101648  43260 1749592    0    0     0     0 1065 1173  1  1 99  0  0
 0  0      0 4101648  43260 1749600    0    0     0     0 1116 1167  1  1 98  0  0
 0  0      0 4101396  43260 1749608    0    0     0     4 1645 1838  1  2 98  0  0
 0  0      0 4101176  43260 1749608    0    0     0     8 2061 2991  1  2 98  0  0
 0  0      0 4101176  43268 1749620    0    0     0    72 1314 1463  1  2 97  0  0
 0  0      0 4101224  43268 1749628    0    0     0     0 2943 4321  2  1 96  0  0
 0  0      0 4101156  43268 1749628    0    0     0     0 1420 1592  0  1 98  0  0
 1  0      0 4100992  43268 1749636    0    0     0     8 1280 1452  1  1 98  0  0
