procs -----------memory---------- ---swap-- -----io---- -system-- ------cpu-----
 r  b   swpd   free   buff  cache   si   so    bi    bo   in   cs us sy id wa st
 5  0      0 1086016 148356 5319324    0    0     8    19   30   39  2  5 93  0  0
 0  0      0 1086500 148360 5319408    0    0     0   520 17638 30680 11 15 73  1  0
 0  0      0 1086252 148360 5319464    0    0     0    36 14886 24375  2  8 90  0  0
 0  0      0 1085752 148360 5319520    0    0     0    24 15684 25881  1  9 90  0  0
 0  0      0 1086004 148360 5319596    0    0     0    16 15367 25360  1  9 91  0  0
 2  0      0 1086004 148360 5319664    0    0     0    64 15187 25274  2  8 90  0  0
 0  0      0 1086004 148360 5319704    0    0     0   348 15070 24943  2  8 90  0  0
 1  0      0 1086004 148360 5319768    0    0     0   300 15581 25535  1  8 91  0  0
 0  0      0 1086004 148360 5319856    0    0     0   620 15540 25480  1  9 90  0  0
 0  0      0 1086004 148360 5319928    0    0     0    24 16299 27177  1  9 90  0  0
 2  0      0 1086004 148360 5319996    0    0     0    88 15463 25103  1  8 92  0  0
 0  0      0 1086004 148360 5320064    0    0     0   884 16286 26576  1  9 90  0  0
 0  0      0 1086004 148360 5320116    0    0     0   116 15569 25234  1  9 90  0  0
 0  0      0 1086004 148360 5320184    0    0     0    56 16414 25983  1  8 91  0  0
 1  0      0 1086004 148360 5320244    0    0     0    40 15300 25032  1  9 90  0  0
 5  0      0 1086004 148360 5320304    0    0     0    12 14929 24545  2  9 89  0  0
 3  0      0 1082196 148360 5320392    0    0     0   268 16178 27937 11 13 76  0  0
 2  0      0 1084600 148360 5320460    0    0     0    68 17303 29722 10 14 76  0  0
 1  0      0 1082584 148360 5320544    0    0     0   200 16326 27331  4 10 86  0  0
 1  0      0 1084676 148360 5320580    0    0     0   340 16861 28382  6 11 84  0  0
 0  0      0 1084428 148360 5320652    0    0     0    28 15283 25001  1  8 91  0  0
procs -----------memory---------- ---swap-- -----io---- -system-- ------cpu-----
 r  b   swpd   free   buff  cache   si   so    bi    bo   in   cs us sy id wa st
 0  0      0 1084428 148360 5320720    0    0     0   308 15047 25268  1  8 91  0  0
 0  0      0 1084428 148360 5320768    0    0     0   256 15012 24932  1  7 93  0  0
 0  0      0 1084428 148360 5320824    0    0     0    52 15635 25747  1  8 90  0  0
 2  0      0 1084428 148360 5320904    0    0     0   180 15549 25396  1  8 91  0  0
 1  0      0 1084180 148360 5320992    0    0     0    24 15455 25352  2  9 89  0  0
 1  0      0 1084180 148360 5321064    0    0     0   272 15282 24735  1  8 90  0  0
 2  0      0 1084180 148360 5321112    0    0     0    20 15258 25020  1  8 91  0  0
 0  0      0 1084180 148360 5321188    0    0     0    48 15472 25115  2  7 91  0  0
 0  0      0 1084180 148360 5321240    0    0     0   160 15859 26616  2  8 90  0  0
 0  0      0 1083956 148360 5321284    0    0     0   112 15462 25677  1  8 91  0  0
 0  0      0 1083956 148360 5321336    0    0     0   308 15746 26124  2  7 90  0  0
 1  0      0 1083956 148360 5321444    0    0     0   248 15444 25254  1  8 91  0  0
 2  0      0 1082392 148360 5321500    0    0     0    52 16179 26767  3  9 88  0  0
 2  0      0 1081052 148360 5321584    0    0     0    24 18341 32274 14 17 70  0  0
 0  0      0 1081908 148360 5321648    0    0     0    36 17385 29909 11 15 74  0  0
 0  0      0 1084168 148368 5321692    0    0     0   364 16084 27120  5 11 84  0  0
 1  0      0 1083920 148368 5321764    0    0     0    36 15362 24984  1  8 91  0  0
 0  0      0 1083920 148368 5321816    0    0     0   264 15278 25043  2  9 90  0  0
 0  0      0 1083920 148368 5321868    0    0     0   608 16060 26756  2  9 89  0  0
 0  0      0 1083920 148368 5321952    0    0     0    56 15429 25298  1  8 91  0  0
 0  0      0 1083920 148368 5322040    0    0     0   516 15548 25573  1  8 90  0  0
procs -----------memory---------- ---swap-- -----io---- -system-- ------cpu-----
 r  b   swpd   free   buff  cache   si   so    bi    bo   in   cs us sy id wa st
 1  0      0 1083920 148368 5322108    0    0     0   500 15482 25411  1  8 91  0  0
 2  0      0 1083920 148368 5322168    0    0     0    44 14885 24714  2  7 91  0  0
 0  0      0 1083920 148368 5322228    0    0     0    52 15026 24931  1  9 89  0  0
 0  0      0 1083920 148368 5322300    0    0     0    84 14764 24874  2  7 91  0  0
 1  0      0 1083920 148368 5322352    0    0     0   284 15120 25356  1  9 90  0  0
 1  0      0 1083672 148368 5322396    0    0     0    40 15085 24744  1  8 91  0  0
 0  0      0 1083672 148368 5322480    0    0     0   148 15455 25867  1  9 90  0  0
 0  0      0 1083672 148368 5322564    0    0     0    64 15652 26022  2  8 90  0  0
 9  0      0 1082268 148368 5322624    0    0     0    32 16834 28835 12 12 75  0  0
 1  0      0 1074128 148368 5322696    0    0     0   296 18033 31541 11 15 73  0  0
 1  0      0 1088396 148368 5322752    0    0     0   276 16540 28296  6 12 82  0  0
 0  0      0 1090656 148368 5322832    0    0     0    52 16998 28813  8 13 79  0  0
 0  0      0 1090408 148368 5322872    0    0     0   124 15372 25340  1  9 90  0  0
 0  0      0 1090408 148368 5322944    0    0     0    32 15262 25515  2  9 89  0  0
 0  0      0 1090408 148368 5323004    0    0     0   296 15103 25088  1  9 89  0  0
 0  0      0 1090408 148368 5323088    0    0     0    20 15677 25639  1  8 91  0  0
 1  0      0 1090408 148368 5323156    0    0     0    48 15326 25217  1  9 90  0  0
 1  0      0 1090156 148368 5323212    0    0     0    36 15441 26010  1  8 91  0  0
 0  0      0 1090156 148368 5323276    0    0     0   444 14895 24905  1  8 91  0  0
 0  0      0 1090156 148368 5323336    0    0     0   328 15540 26097  2  9 89  0  0
 0  0      0 1090156 148368 5323396    0    0     0   288 15149 24691  1  8 91  0  0
procs -----------memory---------- ---swap-- -----io---- -system-- ------cpu-----
 r  b   swpd   free   buff  cache   si   so    bi    bo   in   cs us sy id wa st
 1  0      0 1090156 148368 5323456    0    0     0    20 15534 25926  1  9 90  0  0
 2  0      0 1090156 148368 5323524    0    0     0    40 14989 25009  1  8 91  0  0
 1  0      0 1090156 148368 5323604    0    0     0    32 15663 25729  2  9 89  0  0
 0  0      0 1090156 148368 5323676    0    0     0   288 14890 24621  1  8 91  0  0
 3  0      0 1070576 148368 5323728    0    0     0    68 16977 28832 10 14 76  0  0
 3  0      0 1071948 148368 5323788    0    0     0    40 17864 30920 11 16 73  0  0
 1  0      0 1081184 148368 5323868    0    0     0   212 16816 29109  7 12 81  0  0
 0  0      0 1083364 148368 5323924    0    0     0   656 16750 27756  5 10 84  0  0
 2  0      0 1083364 148368 5323972    0    0     0   416 15628 26084  2  8 90  1  0
 0  0      0 1083364 148368 5324068    0    0     0   520 15726 25392  1  9 89  1  0
 6  0      0 1083364 148368 5324140    0    0     0    44 15093 25175  2  9 89  0  0
 1  0      0 1083364 148368 5324200    0    0     0    20 15212 25113  2  8 90  0  0
 0  0      0 1083364 148368 5324268    0    0     0    44 15565 25349  2 10 88  0  0
 0  0      0 1083364 148372 5324320    0    0     0   316 15345 25188  2  8 90  0  0
 0  0      0 1083364 148372 5324400    0    0     0    64 15750 25446  1  8 90  0  0
 0  0      0 1083364 148372 5324460    0    0     0    56 16391 27046  1  9 90  0  0
 0  0      0 1083364 148372 5324496    0    0     0    44 16033 26508  2  8 90  0  0
 1  0      0 1083364 148372 5324596    0    0     0    40 15049 24977  1  8 91  0  0
 0  0      0 1083364 148376 5324664    0    0     0   292 15662 25858  1  9 90  0  0
 1  0      0 1083364 148376 5324732    0    0     0   328 15453 25138  1  8 90  1  0
 2  0      0 1083112 148376 5324792    0    0     0    64 15550 25337  1  9 90  0  0
procs -----------memory---------- ---swap-- -----io---- -system-- ------cpu-----
 r  b   swpd   free   buff  cache   si   so    bi    bo   in   cs us sy id wa st
 2  0      0 1082272 148376 5324840    0    0     0    36 15714 26040  5 11 84  0  0
 0  0      0 1079692 148376 5324912    0    0     0     8 17368 30422 12 14 74  0  0
 1  0      0 1076284 148376 5324984    0    0     0   280 16056 28415 10 13 77  0  0
 0  0      0 1076284 148376 5325028    0    0     0    36 15300 26211  5 11 84  0  0
 1  0      0 1076284 148376 5325096    0    0     0    56 15250 25248  1  9 89  0  0
 1  0      0 1076284 148376 5325180    0    0     0    32 16192 26438  2  9 89  0  0
 0  0      0 1076284 148376 5325260    0    0     0   332 15660 25693  1  9 90  0  0
 0  0      0 1076284 148376 5325320    0    0     0   288 15966 26382  1  7 91  0  0
 0  0      0 1076284 148376 5325372    0    0     0   728 15732 25581  1  9 88  2  0
 0  0      0 1076284 148376 5325440    0    0     0    64 16137 26937  2  9 89  0  0
 1  0      0 1076284 148376 5325508    0    0     0    72 15843 25713  1  8 91  0  0
 1  0      0 1076284 148376 5325548    0    0     0    20 14982 24852  1  9 90  0  0
 2  1      0 1076284 148376 5325624    0    0     0   284 15242 24989  1  9 90  0  0
 0  0      0 1076284 148376 5325696    0    0     0    28 15541 25426  1  8 91  0  0
 2  0      0 1076284 148376 5325784    0    0     0    48 15638 25645  1  9 90  0  0
 0  0      0 1076284 148376 5325836    0    0     0    68 15730 26371  1  9 90  0  0
 0  0      0 1076284 148376 5325900    0    0     0   268 15073 24863  1  8 92  0  0
 3  1      0 1074876 148376 5325968    0    0     0   956 16401 27074  6 12 82  0  0
 4  0      0 1074656 148376 5326044    0    0     0   580 16975 29405  9 15 76  0  0
 0  0      0 1073748 148376 5326088    0    0     0    48 17534 30058 10 14 76  0  0
 0  0      0 1075624 148376 5326156    0    0     0    72 16110 27277  5 11 84  0  0
procs -----------memory---------- ---swap-- -----io---- -system-- ------cpu-----
 r  b   swpd   free   buff  cache   si   so    bi    bo   in   cs us sy id wa st
 2  0      0 1075088 148376 5326232    0    0     0    64 15681 25831  4 10 86  0  0
 0  2      0 1075164 148376 5326316    0    0     0   312 15414 25064  1  8 91  0  0
 1  0      0 1074916 148376 5326380    0    0     0    44 15496 25377  1  8 91  0  0
 1  0      0 1074916 148376 5326432    0    0     0    60 16177 26556  2 10 88  0  0
 0  0      0 1074412 148376 5326484    0    0     0    44 15770 26286  2  8 90  0  0
 0  0      0 1074412 148376 5326552    0    0     0    84 15350 25307  2  8 90  0  0
 0  0      0 1074412 148376 5326604    0    0     0    56 15862 26167  1  9 90  0  0
 1  0      0 1074412 148376 5326668    0    0     0   544 15657 25678  1  8 91  0  0
 1  0      0 1074412 148376 5326752    0    0     0    28 16331 26138  2  9 89  0  0
 1  0      0 1074412 148376 5326840    0    0     0    52 15365 24849  2  8 91  0  0
 0  0      0 1074412 148376 5326900    0    0     0    40 15431 25466  1  9 90  0  0
 0  0      0 1074160 148376 5326944    0    0     0    40 14737 24503  1  8 91  0  0
 0  0      0 1074160 148376 5327008    0    0     0   236 15423 25252  1  8 91  0  0
 0  0      0 1074160 148376 5327084    0    0     0    32 15469 25150  1  9 90  0  0
 2  0      0 1071384 148376 5327128    0    0     0    40 18711 33267 14 18 68  0  0
 0  0      0 1071392 148376 5327188    0    0     0    52 17778 30948 11 15 73  0  0
 1  0      0 1071832 148376 5327280    0    0     0   384 16009 26868  3  9 88  0  0
 1  0      0 1071900 148376 5327340    0    0     0   500 16185 27114  3 10 87  0  0
 0  0      0 1071900 148376 5327428    0    0     0    28 15932 26231  1  9 90  0  0
 0  0      0 1071900 148376 5327472    0    0     0    32 15421 25806  1  9 89  0  0
 1  0      0 1071900 148376 5327544    0    0     0    64 15275 25319  2  8 90  0  0
procs -----------memory---------- ---swap-- -----io---- -system-- ------cpu-----
 r  b   swpd   free   buff  cache   si   so    bi    bo   in   cs us sy id wa st
 1  0      0 1071900 148376 5327628    0    0     0   140 15034 24888  1  8 91  0  0
 2  0      0 1071900 148376 5327672    0    0     0   304 15052 24975  1  7 92  0  0
 2  0      0 1071900 148376 5327724    0    0     0     4 14956 24950  1  8 91  0  0
 0  0      0 1071900 148376 5327792    0    0     0    40 15898 26498  2 11 87  0  0
 0  0      0 1071900 148376 5327892    0    0     0    72 14886 24716  1  8 91  0  0
 0  0      0 1071900 148376 5327944    0    0     0   312 15680 25745  1  9 90  0  0
 0  0      0 1071900 148376 5328020    0    0     0  1148 15917 26146  1  9 89  1  0
 0  0      0 1073748 148376 5328060    0    0     0    56 15835 26135  2  9 89  0  0
 0  0      0 1073748 148376 5328156    0    0     0   480 15555 25486  1  8 91  0  0
 3  0      0 1078152 148376 5328196    0    0     0    32 15820 25966  5 11 83  0  0
 1  0      0 1077856 148376 5328256    0    0     0   116 17105 29709 10 14 76  0  0
 0  0      0 1076220 148376 5328348    0    0     0   416 17028 29206 10 13 76  1  0
 5  0      0 1077984 148376 5328412    0    0     0    76 17085 28852  7 12 81  0  0
 1  0      0 1077984 148376 5328476    0    0     0     4 15815 26013  1  9 90  0  0
 0  0      0 1077984 148376 5328552    0    0     0    24 14654 24315  1  8 91  0  0
 2  0      0 1077984 148376 5328596    0    0     0   148 15397 25483  1  8 91  0  0
 0  0      0 1077984 148376 5328672    0    0     0   716 15190 25134  1  9 90  0  0
 0  0      0 1077984 148376 5328728    0    0     0    40 15927 26100  1  8 91  0  0
 1  0      0 1077984 148376 5328788    0    0     0    40 15370 25223  1  7 92  0  0
 1  0      0 1077732 148376 5328856    0    0     0    36 15845 25720  2  9 89  0  0
 2  0      0 1077732 148376 5328940    0    0     0    16 14907 24583  1  8 91  0  0
procs -----------memory---------- ---swap-- -----io---- -system-- ------cpu-----
 r  b   swpd   free   buff  cache   si   so    bi    bo   in   cs us sy id wa st
 0  0      0 1077480 148376 5329008    0    0     0   332 15097 24921  2  8 89  1  0
 0  0      0 1077480 148376 5329076    0    0     0    88 15280 25046  1  9 90  0  0
 2  0      0 1074264 148376 5329124    0    0     0    20 18395 31639 13 16 70  0  0
 2  0      0 1076088 148376 5329192    0    0     0    12 17314 29345 11 11 78  0  0
 0  0      0 1076088 148376 5329268    0    0     0    40 16714 28001  5 11 84  0  0
 1  0      0 1078172 148384 5329308    0    0     0   576 16994 28347  6 12 82  1  0
 1  0      0 1077668 148384 5329400    0    0     0    92 16014 26684  1  9 89  0  0
 0  0      0 1077668 148384 5329468    0    0     0    56 15613 25487  2  9 90  0  0
 0  0      0 1077668 148384 5329548    0    0     0     4 15075 24910  2 10 89  0  0
 0  0      0 1077672 148384 5329600    0    0     0    68 14965 24722  1  8 91  0  0
 0  0      0 1077496 148388 5329660    0    0     0   356 15688 25722  1  8 91  0  0
 0  0      0 1077496 148388 5329724    0    0     0    32 15288 25271  1  9 90  0  0
 0  0      0 1077248 148388 5329788    0    0     0    60 16396 27099  2  9 90  0  0
 1  0      0 1077248 148388 5329836    0    0     0    76 15693 25310  1  8 91  0  0
 1  0      0 1077248 148388 5329924    0    0     0    12 16275 26347  1  8 90  0  0
 1  0      0 1077248 148388 5330000    0    0     0   780 15551 25170  1  9 89  1  0
 8  0      0 1077904 148388 5330056    0    0     0   576 17582 29587 11 16 74  0  0
 4  0      0 1086584 148388 5330128    0    0     0    84 17298 30639 12 15 73  0  0
 0  0      0 1085232 148392 5330196    0    0     0   480 15913 27415  4 12 84  0  0
 0  0      0 1084984 148392 5330272    0    0     0    56 17026 28593  8 11 81  0  0
 2  0      0 1084984 148392 5330324    0    0     0   488 15088 25048  1  9 90  0  0
procs -----------memory---------- ---swap-- -----io---- -system-- ------cpu-----
 r  b   swpd   free   buff  cache   si   so    bi    bo   in   cs us sy id wa st
 1  0      0 1084984 148392 5330376    0    0     0    20 15926 26133  1  9 90  0  0
 1  0      0 1084984 148392 5330456    0    0     0    68 16350 27073  1  9 90  0  0
 0  0      0 1084984 148392 5330508    0    0     0    60 15082 24893  1  8 92  0  0
 0  0      0 1084984 148392 5330588    0    0     0    24 15559 25877  2  9 90  0  0
 0  0      0 1084984 148392 5330652    0    0     0   728 15664 25785  1  8 91  0  0
 0  0      0 1084984 148392 5330704    0    0     0    80 15257 25209  1  9 90  0  0
 5  0      0 1084984 148392 5330784    0    0     0    32 15365 25171  1  9 91  0  0
 0  0      0 1084984 148392 5330848    0    0     0    72 15472 25151  2  9 90  0  0
 0  0      0 1083148 148392 5330888    0    0     0    52 15164 24934  1  8 91  0  0
 1  0      0 1083148 148392 5330972    0    0     0   340 15141 24952  2  8 90  0  0
 0  0      0 1083148 148392 5331028    0    0     0    24 15058 24924  2  7 91  0  0
 0  0      0 1083148 148392 5331124    0    0     0    44 16144 26932  2  9 90  0  0
 0  0      0 1083148 148392 5331168    0    0     0    52 15483 25275  1  9 90  0  0
 0  0      0 1082900 148392 5331232    0    0     0    48 15517 25580  2  8 90  0  0
 0  0      0 1082900 148392 5331296    0    0     0   600 15664 25308  1  8 91  1  0
 4  0      0 1082900 148392 5331360    0    0     0    44 15331 25877  2  8 90  0  0
 1  0      0 1082900 148392 5331412    0    0     0    64 15235 25175  1  8 90  0  0
 0  0      0 1082900 148392 5331488    0    0     0    48 15080 25070  2  8 90  0  0
 0  0      0 1082900 148392 5331564    0    0     0    56 15213 25153  1  8 91  0  0
 0  0      0 1082900 148392 5331632    0    0     0   348 15943 25904  1  9 90  0  0
 1  0      0 1082900 148392 5331688    0    0     0    40 15348 25222  1  8 91  0  0
procs -----------memory---------- ---swap-- -----io---- -system-- ------cpu-----
 r  b   swpd   free   buff  cache   si   so    bi    bo   in   cs us sy id wa st
 0  0      0 1082900 148392 5331764    0    0     0    44 16202 26829  1 10 89  0  0
 2  0      0 1082900 148392 5331820    0    0     0    28 15183 24890  1  8 91  0  0
 0  0      0 1082900 148392 5331888    0    0     0    88 15936 26077  1  8 90  0  0
 0  0      0 1082900 148400 5331928    0    0     0   536 15658 25457  1  8 89  2  0
 0  0      0 1082900 148400 5332004    0    0     0   116 15742 25820  1  8 90  0  0
 0  0      0 1082900 148400 5332088    0    0     0   704 15686 25474  2  9 90  0  0
 0  0      0 1082900 148404 5332148    0    0     0   464 15567 25233  1  7 91  0  0
 1  0      0 1082900 148404 5332220    0    0     0    52 15266 25023  2  9 89  0  0
 0  0      0 1082900 148404 5332292    0    0     0   460 15442 25299  1  8 91  0  0
 1  0      0 1082900 148404 5332332    0    0     0    72 15664 25606  1  9 91  0  0
 0  0      0 1082900 148404 5332420    0    0     0    28 16111 26665  2 10 88  0  0
 0  0      0 1082900 148404 5332460    0    0     0    40 15373 24757  2  8 91  0  0
 0  0      0 1082676 148404 5332528    0    0     0    40 15903 26031  2  8 90  0  0
 0  0      0 1082676 148404 5332596    0    0     0   624 16065 25743  1  8 91  0  0
 2  0      0 1082676 148404 5332672    0    0     0   104 15829 25748  2  9 90  0  0
 0  0      0 1082676 148404 5332748    0    0     0    56 15704 25717  1  8 91  0  0
 1  0      0 1082676 148404 5332812    0    0     0    52 15310 25182  2  9 89  0  0
 0  0      0 1082676 148404 5332864    0    0     0    32 15712 25531  1  8 90  0  0
 0  0      0 1082676 148404 5332928    0    0     0   348 15074 25011  1  8 91  0  0
 1  0      0 1082676 148404 5332988    0    0     0   104 14962 24565  1  8 91  0  0
 2  0      0 1082676 148404 5333052    0    0     0    32 15912 26705  2  8 90  0  0
procs -----------memory---------- ---swap-- -----io---- -system-- ------cpu-----
 r  b   swpd   free   buff  cache   si   so    bi    bo   in   cs us sy id wa st
 1  0      0 1082676 148404 5333112    0    0     0    48 15159 24830  1  8 91  0  0
 0  0      0 1082676 148404 5333220    0    0     0    24 15794 25521  2  9 90  0  0
