procs -----------memory---------- ---swap-- -----io---- -system-- ------cpu-----
 r  b   swpd   free   buff  cache   si   so    bi    bo   in   cs us sy id wa st
 3  0      0 4181972  49752 1417960    0    0     7     5   14    4  1  5 93  0  0
 0  0      0 4180260  49752 1418004    0    0     0    32 19506 32702 12 16 72  0  0
 0  0      0 4180012  49752 1418044    0    0     0    20 17489 28252  2 10 88  0  0
 0  0      0 4180012  49752 1418076    0    0     0    20 16847 27434  2  8 90  0  0
 1  0      0 4180012  49756 1418120    0    0     0   116 17049 27711  1  9 90  0  0
 1  0      0 4179760  49756 1418164    0    0     0   444 17427 28582  2 10 88  0  0
 1  0      0 4179760  49756 1418216    0    0     0   304 17605 28374  1 10 89  0  0
 1  0      0 4179760  49756 1418252    0    0     0    36 17092 27809  2  9 89  0  0
 0  0      0 4179760  49756 1418296    0    0     0     4 16972 27492  1 10 89  0  0
 1  0      0 4179760  49760 1418332    0    0     0   308 18606 30495  2 10 87  0  0
 3  0      0 4179760  49760 1418384    0    0     0     4 17219 28187  2 11 87  0  0
 0  0      0 4179760  49760 1418424    0    0     0    24 17156 27834  1 10 89  0  0
 0  0      0 4179760  49760 1418460    0    0     0   140 17084 28086  1  9 89  0  0
 0  0      0 4179760  49760 1418508    0    0     0     8 16957 27768  2 11 87  0  0
 0  0      0 4179760  49768 1418552    0    0     0    92 17353 28022  2  9 89  0  0
 1  0      0 4179760  49768 1418600    0    0     0    32 17061 28047  2 10 89  0  0
 0  0      0 4179760  49768 1418636    0    0     0    20 17325 28064  1 10 89  0  0
 1  0      0 4179760  49768 1418684    0    0     0    52 16997 27469  1 10 89  0  0
 0  0      0 4179760  49768 1418724    0    0     0    16 17195 27995  1 10 89  0  0
 0  0      0 4179760  49776 1418768    0    0     0   212 18332 30162  2 10 87  0  0
 4  0      0 4180412  49776 1418832    0    0     0   220 18732 30622  2 13 85  0  0
procs -----------memory---------- ---swap-- -----io---- -system-- ------cpu-----
 r  b   swpd   free   buff  cache   si   so    bi    bo   in   cs us sy id wa st
 0  0      0 4157968  49784 1419304    0    0     0  1080 21715 37198  9 16 73  2  0
 1  0      0 4153608  49792 1420584    0    0     0   888 17118 30222 12 15 73  1  0
 3  0      0 4000688  49792 1420748    0    0     0    20 14545 25596 17 10 73  0  0
 1  0      0 3976004  49792 1420900    0    0     0     8 13766 24386 17  9 73  0  0
 1  0      0 3964172  49792 1421360    0    0     0   688 13950 24507 16 12 72  0  0
 1  0      0 3946544  49792 1421452    0    0     0    32 13924 24784 17 10 73  0  0
 1  0      0 3932936  49800 1421500    0    0     0   264 13328 23760 17  9 75  0  0
 1  0      0 3526724  49800 1434360    0    0     0    20 20602 31786  9 17 72  2  0
 2  0      0 3508484  49808 1437852    0    0     0   200 20772 33437 11 14 74  2  0
 2  2      0 3480008  49820 1442076    0    0     0   904 23507 39430 15 20 62  3  0
 4  0      0 3452148  49844 1448360    0    0     0   992 20079 33733 18 19 60  3  0
 3  0      0 3322448  49844 1452020    0    0     0   744 16465 28191 26 13 58  3  0
 2  0      0 3244484  49844 1455504    0    0     0    32 15319 26276 25 13 60  2  0
 3  0      0 3222668  49844 1459404    0    0     0     8 15071 25756 25 11 62  2  0
 2  0      0 3187648  49844 1462924    0    0     0    16 15753 26986 28 12 59  2  0
 1  1      0 3164100  49848 1466820    0    0     0   588 15507 26542 26 12 61  2  0
 1  0      0 3139672  49848 1480960    0    0     0   144 19597 30664 28 13 57  2  0
 3  0      0 3404068  49848 1492480    0    0  6872    36 16534 27327 11 15 71  2  0
 0  0      0 3352672  49848 1496776    0    0     0     4 17951 29810 15 10 75  1  0
 1  0      0 3339216  49848 1500704    0    0     0    20 17540 29940 14 11 74  1  0
 1  0      0 3293032  49852 1505624    0    0     0   260 17572 28333 11 10 78  1  0
procs -----------memory---------- ---swap-- -----io---- -system-- ------cpu-----
 r  b   swpd   free   buff  cache   si   so    bi    bo   in   cs us sy id wa st
 1  0      0 3279764  49856 1509092    0    0     0   204 18563 30766 14 13 72  1  0
 2  0      0 3200208  49872 1514604    0    0   431  1112 22028 37741 17 19 61  3  0
 2  0      0 3160632  49888 1519128    0    0     0  1212 16427 28831 26 16 58  1  0
 7  0      0 2998716  49888 1523604    0    0     0     8 15037 26074 30 10 60  1  0
 2  0      0 2855184  49888 1531752    0    0     0    24 15509 26158 29 11 59  1  0
 3  0      0 2785788  49888 1535484    0    0     0   760 15099 26044 28 11 61  1  0
 1  0      0 2672980  49888 1540820    0    0     0    48 15024 25911 29 10 61  1  0
 2  0      0 2558780  49900 1546504    0    0     0   216 16160 28138 30 11 58  1  0
 1  0      0 2030108  49900 1557764    0    0  3472     8 17298 28337 22 16 60  2  0
 2  0      0 1932216  49900 1567676    0    0     0    28 19437 29930 22 12 63  3  0
 3  0      0 1799852  49900 1575676    0    0     0    12 18076 28809 20 13 64  2  0
 4  0      0 1678792  49900 1583632    0    0     0    28 19063 30019 23 15 60  2  0
 1  0      0 1522360  49904 1593160    0    0     0   232 19109 30043 21 14 62  3  0
 3  0      0 1503756  49904 1603252    0    0     0     4 18419 29432 22 13 63  2  0
 2  1      0 1341196  49904 1613312    0    0     0    16 18187 29244 23 12 62  3  0
 2  0      0 1288012  49904 1622640    0    0     0     8 17716 28808 22 11 65  2  0
 2  0      0 1155604  49904 1629972    0    0     0   228 18017 28867 22 12 64  2  0
 2  0      0 1077204  49908 1641732    0    0     0   136 20363 32177 22 13 62  3  0
 2  0      0 1095064  49908 1647988    0    0     0    12 16138 27723 31 11 58  1  0
 1  0      0 1597564  49908 1654376    0    0     0    24 16115 26807 13 13 73  1  0
 1  1      0 1477124  49908 1660120    0    0     0    12 16748 27891 14 11 75  1  0
procs -----------memory---------- ---swap-- -----io---- -system-- ------cpu-----
 r  b   swpd   free   buff  cache   si   so    bi    bo   in   cs us sy id wa st
 1  0      0 1351256  49908 1666060    0    0     0    40 16402 27487 14 11 74  1  0
 2  0      0 1240296  49912 1671920    0    0     0   512 16926 27725 13 12 75  1  0
 1  0      0 1122340  49912 1678576    0    0     0    36 16440 27270 13 11 75  1  0
 1  0      0 1089548  49912 1685188    0    0     0    12 16745 27577 13 13 73  1  0
 1  1      0 1113620  49912 1689576    0    0     0   208 16311 27078 12 11 77  1  0
 1  0      0 1083400  49912 1693832    0    0     0   160 15858 27071 14 10 76  1  0
 3  0      0 1068876  49916 1696580    0    0     0   228 17081 28886 13 10 76  1  0
 1  0      0 981804  49916 1700236    0    0     0    48 18039 29797 12 13 73  1  0
 0  0      0 954248  49916 1708100    0    0     0    16 17495 28225 12 11 77  1  0
 1  0      0 888496  49916 1716728    0    0     0    92 20414 31920 13 12 74  2  0
 1  0      0 743188  49916 1725388    0    0     0     8 17033 28034 14 13 73  1  0
 2  0      0 2909544  49924 1727244    0    0     0   276 14882 26152 16 10 74  1  0
 1  0      0 3867396  49924 1727272    0    0     0    16 17072 28844  7 15 78  0  0
 1  0      0 3867156  49924 1727320    0    0     0    16 17383 28416  1  9 90  0  0
 1  0      0 3867156  49924 1727348    0    0     0    20 17404 28161  1  9 89  0  0
 0  0      0 3866668  49924 1727412    0    0     0    32 17338 27974  1  9 90  0  0
 0  0      0 3866428  49936 1727452    0    0     0   244 17758 28974  1  9 89  1  0
 0  0      0 3865924  49936 1727492    0    0     0   124 18516 30548  2 10 88  0  0
 2  0      0 3865924  49936 1727536    0    0     0    12 17605 28237  1  9 89  0  0
 2  0      0 3865924  49936 1727584    0    0     0    24 17080 28020  2  9 89  0  0
 0  0      0 3865924  49936 1727624    0    0     0    20 17389 28160  2 10 88  0  0
procs -----------memory---------- ---swap-- -----io---- -system-- ------cpu-----
 r  b   swpd   free   buff  cache   si   so    bi    bo   in   cs us sy id wa st
 1  0      0 3865924  49940 1727664    0    0     0   100 17876 28880  2  9 89  0  0
 0  0      0 3865420  49940 1727712    0    0     0    20 16886 27983  2 10 88  0  0
 0  0      0 3865420  49940 1727752    0    0     0    24 16770 27670  1 10 90  0  0
 0  0      0 3865420  49940 1727936    0    0    62    12 17244 28248  2 11 87  0  0
 1  0      0 3865420  49940 1727984    0    0     0    28 17012 28043  1 10 89  0  0
 0  0      0 3865168  49944 1728028    0    0     0   176 18255 29662  2  9 88  0  0
 0  0      0 3865168  49944 1728076    0    0     0    28 18677 30836  2 12 86  0  0
 0  0      0 3865168  49944 1728116    0    0     0    12 17001 27958  1 10 88  0  0
 0  0      0 3865168  49944 1728156    0    0     0    28 17783 28747  2 11 88  0  0
 1  0      0 3865168  49944 1728208    0    0     0    32 17601 28315  2 11 87  0  0
 1  0      0 3864916  49948 1728256    0    0     0   112 17994 29538  2 11 86  2  0
 3  0      0 3864664  49948 1728288    0    0     0    32 18205 29286  1 12 87  0  0
 3  0      0 3864664  49948 1728344    0    0     0   528 17326 28030  1 10 88  0  0
 0  0      0 3864424  49948 1728392    0    0     0    16 17283 28157  1  9 89  0  0
 1  0      0 3864424  49948 1728428    0    0     0   252 17454 28248  1 10 89  0  0
 1  0      0 3864172  49952 1728468    0    0     0   416 17662 28759  3 11 86  0  0
 0  0      0 3863920  49952 1728520    0    0     0    20 18142 29969  2 11 87  0  0
 0  0      0 3863920  49952 1728556    0    0     0    36 17849 29053  1 11 88  0  0
 1  0      0 3863920  49952 1728600    0    0     0    12 17373 28358  2  9 89  0  0
 1  0      0 3863920  49952 1728640    0    0     0   168 16670 27670  2 10 88  0  0
 0  0      0 3863920  49952 1728692    0    0     0   132 17753 28710  2 10 88  0  0
procs -----------memory---------- ---swap-- -----io---- -system-- ------cpu-----
 r  b   swpd   free   buff  cache   si   so    bi    bo   in   cs us sy id wa st
 0  0      0 3863668  49952 1728720    0    0     0    28 17252 28286  1 10 89  0  0
 1  0      0 3863668  49952 1728772    0    0     0    24 17173 28189  1 10 89  0  0
