procs -----------memory---------- ---swap-- -----io---- -system-- ------cpu-----
 r  b   swpd   free   buff  cache   si   so    bi    bo   in   cs us sy id wa st
 3  0      0 4295568  54388 1573036    0    0     7     7   45   43  1  2 97  0  0
 0  0      0 4294452  54388 1573056    0    0     0    16 8969 15325 12 10 78  0  0
 0  0      0 4294452  54388 1573080    0    0     0    20 6351 9913  1  4 96  0  0
 0  0      0 4294452  54388 1573092    0    0     0     0 6005 9382  1  3 96  0  0
 0  0      0 4294452  54388 1573128    0    0     0   232 6914 10718  1  5 94  0  0
 0  0      0 4294452  54392 1573132    0    0     4   244 6583 10728  2  5 93  0  0
 0  0      0 4294452  54392 1573164    0    0     0    44 5556 9112  1  4 95  0  0
 0  0      0 4294452  54392 1573184    0    0     0    40 6658 10291  1  5 94  0  0
 0  0      0 4294548  54392 1573204    0    0     0     0 5826 9138  1  4 96  0  0
 1  0      0 4294548  54392 1573224    0    0     0    12 5964 9055  1  4 95  0  0
 0  0      0 4294548  54400 1573244    0    0     0   104 6826 10404  1  5 93  0  0
 0  0      0 4294548  54400 1573284    0    0     0    28 6389 9731  1  5 95  0  0
 1  0      0 4294548  54400 1573300    0    0     0    80 6894 10882  1  4 95  0  0
 0  0      0 4294548  54400 1573324    0    0     4     8 5581 9113  1  4 95  0  0
 0  0      0 4294296  54404 1573324    0    0     0   112 7089 10922  4  6 91  0  0
 1  0      0 4288676  54428 1573392    0    0     0   944 12191 20466  8 14 77  2  0
 2  0      0 4283452  54452 1574740    0    0     0  1208 11286 18437  8 15 76  1  0
 4  0      0 4250848  54452 1575296    0    0     0    76 8055 12418 15  8 77  0  0
 2  0      0 4090316  54452 1575308    0    0     0    96 7136 10714 15  7 77  0  0
 1  0      0 4076216  54452 1575540    0    0     0     0 6881 10345 17  5 78  0  0
 1  0      0 4061548  54452 1575860    0    0     0    20 7273 10968 17  6 77  0  0
procs -----------memory---------- ---swap-- -----io---- -system-- ------cpu-----
 r  b   swpd   free   buff  cache   si   so    bi    bo   in   cs us sy id wa st
 1  0      0 4053736  54452 1576056    0    0     0   528 7993 11543 16  6 78  0  0
 2  0      0 4033504  54456 1576112    0    0     4   152 7927 12047 17  6 76  0  0
 1  0      0 4029220  54456 1576328    0    0     0    56 7179 10532 16  4 79  0  0
 1  0      0 4012100  54456 1576364    0    0     0    12 7562 11189 17  5 78  0  0
 5  0      0 4008824  54456 1576568    0    0     0    44 8057 12003 17  4 78  0  0
 1  0      0 4002788  54456 1576656    0    0     0    36 6756 10182 17  5 77  0  0
 1  0      0 3995228  54460 1576784    0    0     0   404 7074 10483 17  5 78  1  0
 1  0      0 3986168  54460 1576952    0    0     0    24 7124 10673 18  5 78  0  0
 1  0      0 3977536  54460 1577096    0    0     4    24 7145 10706 17  5 78  0  0
 2  0      0 3961912  54460 1585272    0    0     0    16 6898 10349 18  5 77  0  0
 1  0      0 3910868  54460 1585556    0    0     0    20 7399 11213 15  6 78  0  0
 1  0      0 3616064  54468 1597528    0    0     0   188 11490 15812 12 11 75  2  0
 1  0      0 3611996  54468 1597668    0    0     0    32 7150 10559 17  4 79  0  0
 2  0      0 3559380  54468 1604132    0    0     0   172 8486 12337 15  6 79  1  0
 2  0      0 3554400  54472 1607384    0    0     0   324 9655 14450 17  6 77  1  0
 8  0      0 3533564  54492 1612632    0    0     0   784 12944 20843 21 14 63  2  0
 5  0      0 3481776  54508 1619548    0    0     0  1844 13074 21516 21 17 58  3  0
 3  0      0 3438384  54516 1622532    0    0     4   108 7446 11406 31  7 62  1  0
 2  0      0 3314972  54516 1622668    0    0     0  9828 6058 9476 32  7 61  0  0
 2  0      0 3301268  54516 1622796    0    0     0    16 5459 8437 33  6 61  0  0
 3  0      0 4003704  54516 1623192    0    0     0    28 5808 9148 29  9 62  0  0
procs -----------memory---------- ---swap-- -----io---- -system-- ------cpu-----
 r  b   swpd   free   buff  cache   si   so    bi    bo   in   cs us sy id wa st
 2  0      0 3995312  54516 1623320    0    0     0    44 7962 12209 16  7 77  0  0
 1  0      0 3973136  54520 1623456    0    0     0  1348 8286 12143 17  5 77  0  0
 1  0      0 3968864  54520 1623504    0    0     0    36 7829 11573 16  6 78  0  0
 1  0      0 3950996  54520 1623888    0    0     4     8 7606 11636 17  6 77  0  0
 2  0      0 3947720  54520 1623892    0    0     0    92 6732 10134 17  5 78  0  0
 5  0      0 3941924  54520 1624016    0    0     0    36 7366 11252 17  4 78  0  0
 7  0      0 3929828  54592 1624164    0    0     0   868 10415 16441 22 10 67  1  0
 1  1      0 3898480  54628 1625996    0    0     0  1108 12495 21126 23 18 58  1  0
 2  0      0 3868684  54652 1626632    0    0     0   456 6990 11371 32  8 59  0  0
 8  0      0 3703616  54672 1626772    0    0     0   172 6228 9972 32  7 61  0  0
 3  0      0 3669384  54744 1629096    0    0  2031   780 10386 18176 38 15 46  1  0
 4  0      0 3324752  54772 1631588    0    0     4   632 11379 19952 35 22 43  1  0
 4  0      0 3292020  54792 1632396    0    0     0   796 6527 10602 48  8 43  1  0
 3  0      0 3089816  54792 1634096    0    0     0     4 6525 10389 47  9 44  0  0
 3  0      0 3037480  54792 1636848    0    0     0    44 6498 10015 47  8 46  0  0
 3  0      0 3018088  54792 1639064    0    0     0    28 6003 9221 46  7 47  0  0
 2  0      0 2935600  54792 1641860    0    0     0  1048 6485 9111 45  9 46  0  0
 3  0      0 2914472  54792 1643736    0    0     0   320 6592 10196 47  8 45  0  0
 4  0      0 2940916  54792 1644180    0    0     0  9816 6098 9007 49  6 44  0  0
 3  0      0 2925704  54792 1644496    0    0     4     4 5772 9044 49  7 45  0  0
 3  0      0 2924680  54792 1644700    0    0     0    16 5983 9401 49  6 44  0  0
procs -----------memory---------- ---swap-- -----io---- -system-- ------cpu-----
 r  b   swpd   free   buff  cache   si   so    bi    bo   in   cs us sy id wa st
 2  0      0 3609740  54792 1644980    0    0     0    32 5411 8205 36  9 56  0  0
 3  0      0 3599004  54796 1645092    0    0     0   576 5897 9139 33  6 61  1  0
 3  0      0 3584212  54796 1645532    0    0     0   136 6540 10538 35  6 59  0  0
 2  0      0 3427440  54796 1658688    0    0     0    60 10475 13935 27 10 62  1  0
 3  1      0 3044676  54796 1662996    0    0     0   808 6372 9443 29  7 64  0  0
 2  0      0 2992324  54796 1667948    0    0     0    44 6363 9641 30  5 64  0  0
 2  0      0 2930444  54808 1672472    0    0     4   232 6607 10181 28  6 66  0  0
 1  0      0 2412008  54828 1692176    0    0     0    60 13102 17115 20 15 64  2  0
 2  0      0 2372608  54828 1699940    0    0     0     8 10849 14573 21  7 71  1  0
 1  0      0 2320144  54828 1707356    0    0     0     4 10623 15259 23  7 69  1  0
 2  0      0 2267576  54828 1713820    0    0     0    24 9013 12779 26  5 69  0  0
 3  0      0 2230148  54836 1722160    0    0     0   244 9376 13397 25  7 68  1  0
 2  0      0 2122148  54836 1731824    0    0     0    24 10554 15087 24  8 68  0  0
 1  0      0 1995068  54836 1740344    0    0     0    44 9810 13400 23  7 69  1  0
 2  0      0 1896184  54836 1749616    0    0     4     8 9011 12764 25  7 68  1  0
 3  0      0 1785048  54836 1758332    0    0     0    20 9245 12834 24  6 69  1  0
 2  0      0 1677552  54844 1770752    0    0     0   188 8535 12147 28  6 66  1  0
 3  0      0 1574824  54844 1779688    0    0     0   268 6778 9960 32  6 62  0  0
 2  0      0 2354596  54844 1787136    0    0     0    36 8298 11718 20  9 70  0  0
 1  0      0 2230736  54844 1795236    0    0     0     0 9359 13483 15  7 78  0  0
 1  0      0 2151108  54844 1803488    0    0     0    20 8543 12069 15  5 80  0  0
procs -----------memory---------- ---swap-- -----io---- -system-- ------cpu-----
 r  b   swpd   free   buff  cache   si   so    bi    bo   in   cs us sy id wa st
 2  0      0 1995276  54852 1812512    0    0     4   200 8961 12525 14  7 78  1  0
 1  0      0 1904352  54852 1820508    0    0     0     8 9398 13494 15  8 77  0  0
 1  0      0 1817092  54852 1831832    0    0     0    84 8567 12115 14  6 79  1  0
 1  0      0 1702268  54852 1837244    0    0     0    44 9218 12899 13  6 80  0  0
 1  0      0 1570284  54852 1843904    0    0     0    12 8532 11880 14  6 79  0  0
 3  0      0 1460628  54868 1850096    0    0     0   984 8956 12717 15  7 77  1  0
 1  0      0 1369036  54868 1856516    0    0     0    16 8697 12419 15  7 77  0  0
 1  0      0 1263620  54868 1862936    0    0     0    72 7669 11331 14  5 80  0  0
 3  0      0 1133040  54868 1869772    0    0     0    12 7718 11734 14  6 80  0  0
 0  0      0 1022908  54868 1875512    0    0     4 61264 8233 12099 14  9 76  2  0
 1  0      0 1054940  54876 1882840    0    0     0 13920 7365 11116 13  5 80  2  0
 1  0      0 1024524  54876 1886588    0    0     0    36 7670 12264 15  5 81  0  0
 0  0      0 1021332  54876 1889188    0    0     0    28 6444 10244 14  4 82  0  0
 0  0      0 1000948  54876 1893184    0    0     0    92 7827 11660 11  6 83  0  0
 1  0      0 929020  54876 1897852    0    0     0 50836 6741 10274 13  6 81  0  0
 2  0      0 831392  54876 1905380    0    0     0  1336 8006 11738 11  6 72 11  0
 1  0      0 696460  54876 1914032    0    0     0    40 7876 11347 14  7 78  0  0
 1  0      0 2632772  54876 1921344    0    0     4    48 7121 11237 16  7 77  0  0
 1  0      0 2996932  54876 1922644    0    0  1352    32 7138 11593 18  6 76  0  0
 1  0      0 2997080  54876 1922816    0    0     0     0 5317 8437 18  3 79  0  0
