2026-07-14 20:38:27.426 procs -----------memory---------- ---swap-- -----io---- -system-- ------cpu-----
2026-07-14 20:38:27.429 r  b   swpd   free   buff  cache   si   so    bi    bo   in   cs us sy id wa st
2026-07-14 20:38:27.432 7  0      0 4008604 106528 2116612    0    0     7    42    9    5  2 10 87  1  0
2026-07-14 20:38:28.430 0  0      0 4007344 106532 2116640    0    0     0   888 2721 4362  4  5 92  0  0
2026-07-14 20:38:29.430 1  0      0 4007096 106532 2116640    0    0     0     0 1287 1758  0  1 98  0  0
2026-07-14 20:38:30.431 0  0      0 4007096 106532 2116640    0    0     0     0 1219 1599  0  1 99  0  0
2026-07-14 20:38:31.432 0  0      0 4006596 106532 2116640    0    0     0     0 2150 3237  1  2 97  0  0
2026-07-14 20:38:32.434 1  0      0 4006596 106532 2116640    0    0     0     0 1633 2221  1  2 97  0  0
2026-07-14 20:38:33.435 0  0      0 4006596 106536 2116636    0    0     0    16 1434 2021  3  2 96  0  0
2026-07-14 20:38:34.436 0  0      0 4006596 106536 2116640    0    0     0     0 2218 3428  1  2 97  0  0
2026-07-14 20:38:35.437 2  0      0 4006596 106536 2116648    0    0     0     0 1483 2061  1  1 98  0  0
2026-07-14 20:38:36.438 0  0      0 4006596 106536 2116648    0    0     0     0 2144 3294  1  2 97  0  0
2026-07-14 20:38:37.438 1  0      0 4005844 106536 2116648    0    0     0     0 1369 1849  1  2 97  0  0
2026-07-14 20:38:38.441 0  0      0 4007944 106536 2116648    0    0     0    16 1223 1676  2  2 96  0  0
2026-07-14 20:38:39.441 1  0      0 4007944 106536 2116648    0    0     0     0 1285 1828  1  2 98  0  0
2026-07-14 20:38:40.443 0  0      0 4007944 106536 2116648    0    0     0     0 1055 1345  1  1 98  0  0
2026-07-14 20:38:41.444 0  0      0 4007944 106536 2116648    0    0     0     0 2100 3161  1  2 97  0  0
2026-07-14 20:38:42.445 0  0      0 4007944 106536 2116648    0    0     0     0 1736 2424  1  2 97  0  0
2026-07-14 20:38:43.445 0  0      0 4007944 106536 2116648    0    0     0     0 1617 2221  1  2 97  0  0
2026-07-14 20:38:44.448 0  0      0 4007944 106536 2116648    0    0     0    16 2185 3320  1  2 97  0  0
2026-07-14 20:38:45.449 0  0      0 4007944 106536 2116652    0    0     0     0 1530 2096  1  1 98  0  0
2026-07-14 20:38:46.450 0  0      0 4007944 106536 2116652    0    0     0     0 1513 1993  1  2 98  0  0
2026-07-14 20:38:47.449 0  0      0 4007692 106536 2116652    0    0     0     0 1622 2298  1  2 97  0  0
2026-07-14 20:38:48.451 procs -----------memory---------- ---swap-- -----io---- -system-- ------cpu-----
2026-07-14 20:38:48.454 r  b   swpd   free   buff  cache   si   so    bi    bo   in   cs us sy id wa st
2026-07-14 20:38:48.456 0  0      0 4007692 106536 2116652    0    0     0     0 1105 1634  1  2 98  0  0
2026-07-14 20:38:49.453 9  0      0 4007692 106548 2116896    0    0   135    60 2112 3270  2  3 96  0  0
2026-07-14 20:38:50.452 5  0      0 3995760 106580 2117100    0    0     0  1040 9984 15943 13 14 71  2  0
2026-07-14 20:38:51.455 1  0      0 3982500 106616 2123532    0    0  4752   820 10150 17017 13 12 72  3  0
2026-07-14 20:38:52.455 1  0      0 3870612 106616 2123692    0    0     0     0 2465 3116 16  4 81  0  0
2026-07-14 20:38:53.456 1  0      0 3788596 106616 2123724    0    0     0   972 2635 2858 16  3 80  1  0
2026-07-14 20:38:54.456 1  0      0 3780556 106616 2123932    0    0     0     0 2007 2585 16  3 81  0  0
2026-07-14 20:38:55.458 1  0      0 3770992 106616 2124204    0    0     0     4 1498 1640 16  3 81  0  0
2026-07-14 20:38:56.456 1  0      0 3755620 106632 2124348    0    0     0   220 1510 1610 16  3 81  0  0
2026-07-14 20:38:57.459 1  0      0 3745752 106632 2124396    0    0     0     0 1577 1751 16  2 82  0  0
2026-07-14 20:38:58.460 1  0      0 3734172 106632 2124596    0    0     0     4 1539 1698 17  3 80  0  0
2026-07-14 20:38:59.461 1  0      0 3721332 106632 2124680    0    0     0     0 1383 1551 16  2 82  0  0
2026-07-14 20:39:00.461 1  0      0 3719580 106632 2124888    0    0     0     0 1555 1644 17  2 81  0  0
2026-07-14 20:39:01.462 0  1      0 3631736 106640 2135724    0    0     0   116 5485 6463 14  6 79  2  0
2026-07-14 20:39:02.464 2  0      0 3586924 106656 2139080    0    0   272   216 5137 6608 17  8 75  1  0
2026-07-14 20:39:03.464 6  0      0 3553684 106684 2139416    0    0     0   996 8018 13056 25 13 59  3  0
2026-07-14 20:39:04.465 2  0      0 3553652 106696 2141396    0    0     0   564 6327 10508 24 12 64  1  0
2026-07-14 20:39:05.466 2  0      0 3435952 106696 2141684    0    0     0     0 2053 2236 31  4 65  0  0
2026-07-14 20:39:06.467 2  0      0 3344800 106696 2141844    0    0     0     0 2458 3031 32  4 65  0  0
2026-07-14 20:39:07.467 2  0      0 3329188 106696 2142116    0    0     0     4 1713 1730 32  3 65  0  0
2026-07-14 20:39:08.466 2  0      0 3318364 106696 2142452    0    0     0     0 1865 1954 32  4 64  0  0
2026-07-14 20:39:09.468 procs -----------memory---------- ---swap-- -----io---- -system-- ------cpu-----
2026-07-14 20:39:09.471 r  b   swpd   free   buff  cache   si   so    bi    bo   in   cs us sy id wa st
2026-07-14 20:39:09.474 2  0      0 3295696 106696 2142692    0    0     0     4 1885 2100 32  3 65  0  0
2026-07-14 20:39:10.470 1  0      0 2838688 106700 2145380    0    0  2384   152 2182 2246 27  7 66  1  0
2026-07-14 20:39:11.471 2  0      0 2806120 106700 2148428    0    0     0     0 4391 5198 27  4 69  0  0
2026-07-14 20:39:12.471 2  0      0 2776688 106700 2152104    0    0     0     4 3555 3709 26  4 70  0  0
2026-07-14 20:39:13.472 2  0      0 2754116 106700 2156532    0    0     0  4052 4293 4654 25  4 70  0  0
2026-07-14 20:39:14.470 1  2      0 2633100 106700 2169368    0    0     0   808 7339 8373 22  6 70  1  0
2026-07-14 20:39:15.473 2  0      0 2433540 106704 2176348    0    0     0   176 5417 5545 23  6 70  1  0
2026-07-14 20:39:16.473 1  0      0 2345908 106704 2179856    0    0     0     0 3366 3501 27  3 70  0  0
2026-07-14 20:39:17.473 2  0      0 2317428 106704 2182748    0    0     0    32 3272 3381 27  3 70  0  0
2026-07-14 20:39:18.475 2  0      0 2295596 106704 2186476    0    0     0     0 3875 4722 26  5 68  1  0
2026-07-14 20:39:19.475 2  0      0 2205860 106704 2189644    0    0     0     0 3290 3880 28  3 68  0  0
2026-07-14 20:39:20.476 2  0      0 2202080 106708 2189756    0    0     0    80 2361 3080 33  3 64  0  0
2026-07-14 20:39:21.476 2  0      0 2195808 106708 2189820    0    0     0     0 3045 4211 34  2 63  0  0
2026-07-14 20:39:22.478 2  0      0 2859460 106708 2190180    0    0     0     0 2152 2304 22 11 66  0  0
2026-07-14 20:39:23.478 1  0      0 2845100 106708 2192272    0    0     0  1716 3288 4401 11  7 82  0  0
2026-07-14 20:39:24.478 1  0      0 2830736 106708 2194136    0    0     0   132 3066 3977 12  3 86  0  0
2026-07-14 20:39:25.480 1  0      0 2818640 106712 2195720    0    0     0   132 2400 2750 11  3 85  0  0
2026-07-14 20:39:26.480 1  0      0 2814104 106712 2196916    0    0     0     0 2135 2429 13  3 85  0  0
2026-07-14 20:39:27.481 0  0      0 2799248 106712 2198872    0    0     0     0 2342 2684 11  2 87  0  0
2026-07-14 20:39:28.482 1  0      0 2787152 106712 2200352    0    0     0     0 2597 3021 12  3 85  0  0
2026-07-14 20:39:29.483 1  0      0 2775812 106712 2201928    0    0     0    64 1950 2203 13  2 85  0  0
2026-07-14 20:39:30.483 procs -----------memory---------- ---swap-- -----io---- -system-- ------cpu-----
2026-07-14 20:39:30.486 r  b   swpd   free   buff  cache   si   so    bi    bo   in   cs us sy id wa st
2026-07-14 20:39:30.489 1  0      0 2767244 106720 2203528    0    0     0    96 2318 2614 12  3 86  0  0
2026-07-14 20:39:31.485 1  0      0 2844268 106720 2203528    0    0     0     0 1956 2541 18  2 80  0  0
2026-07-14 20:39:32.485 1  0      0 2844268 106720 2203528    0    0     0     0 1259 1392 17  1 82  0  0
2026-07-14 20:39:33.486 1  0      0 2903048 106720 2203528    0    0     0     0 1633 1905 17  2 81  0  0
2026-07-14 20:39:34.488 0  0      0 3584352 106720 2203528    0    0     0    60 2397 3575  3  6 92  0  0
2026-07-14 20:39:35.489 0  0      0 3584352 106728 2203528    0    0     0    48 1488 2115  1  1 97  0  0
2026-07-14 20:39:36.490 0  0      0 3583600 106728 2203532    0    0     0     0 2341 3513  1  2 97  0  0
2026-07-14 20:39:37.489 0  0      0 3583600 106728 2203532    0    0     0     0 1473 1694  1  2 97  0  0
2026-07-14 20:39:38.492 0  0      0 3583352 106728 2203532    0    0     0     0 2549 3291  2  4 95  0  0
2026-07-14 20:39:39.493 0  0      0 3583352 106728 2203532    0    0     0     0 1442 1744  1  2 98  0  0
2026-07-14 20:39:40.493 0  0      0 3583352 106736 2203524    0    0     0    52 1473 1655  1  2 98  0  0
