procs -----------memory---------- ---swap-- -----io---- -system-- ------cpu-----
 r  b   swpd   free   buff  cache   si   so    bi    bo   in   cs us sy id wa st
 2  0      0 5060532  29116 963020    0    0     4     7   17   13  1  1 98  0  0
 1  0      0 5057508  29116 963048    0    0     0     0 5525 8918 10  7 83  0  0
 0  0      0 5057508  29124 963044    0    0     0   168 1125 1253  1  1 99  0  0
 0  0      0 5056764  29124 963052    0    0     0     0 2452 3603  2  1 97  0  0
 0  0      0 5056764  29124 963056    0    0     0     0 1310 1463  0  1 98  0  0
 0  0      0 5056512  29124 963064    0    0     0    12 1274 1433  0  1 99  0  0
 0  0      0 5056512  29124 963068    0    0     0    20 1142 1263  0  1 99  0  0
 0  0      0 5056512  29132 963068    0    0     0    48 1234 1385  0  1 98  0  0
 0  0      0 5056512  29132 963072    0    0     0     0 1309 1472  0  1 99  0  0
 0  0      0 5056512  29132 963080    0    0     0     0 1764 2164  2  2 96  0  0
 0  0      0 5056512  29132 963088    0    0     0     0 1106 1145  0  1 99  0  0
 0  0      0 5056512  29132 963092    0    0     0    40 1115 1206  1  1 99  0  0
 0  0      0 5056512  29140 963088    0    0     0    36 1004 1040  0  1 99  0  0
 0  0      0 5056512  29140 963096    0    0     0    32 2393 3494  1  1 97  0  0
 0  0      0 5056260  29140 963100    0    0     0     0 1423 1597  1  1 98  0  0
 0  0      0 5056260  29140 963108    0    0     0     0 1315 1459  0  1 99  0  0
 0  0      0 5056260  29140 963108    0    0     0     0 1052 1166  0  0 99  0  0
 0  0      0 5056260  29148 963116    0    0     0    68 1153 1188  0  1 99  0  0
 0  0      0 5056260  29148 963120    0    0     0     4 1111 1116  0  1 99  0  0
 0  0      0 5056260  29148 963116    0    0     0     0 1534 1886  1  2 97  0  0
 0  0      0 5056260  29148 963124    0    0     0     0 1184 1335  0  1 99  0  0
procs -----------memory---------- ---swap-- -----io---- -system-- ------cpu-----
 r  b   swpd   free   buff  cache   si   so    bi    bo   in   cs us sy id wa st
 0  0      0 5056260  29148 963128    0    0     0     0 1326 1468  0  1 98  0  0
 0  0      0 5056260  29148 963128    0    0     0     4 1044 1032  0  1 99  0  0
 0  0      0 5056260  29156 963132    0    0     0    76 2287 3239  1  2 97  0  0
 1  0      0 5045612  29180 971856    0    0  8880   612 7182 11574  5  6 85  4  0
 3  0      0 5019100  29216 988576    0    0 15124  1032 8376 13219  7 11 78  5  0
 0  1      0 4986148  29224 1006120    0    0 16820    44 4185 5634 11  4 81  5  0
 0  1      0 4917856  29224 1066120    0    0 59876     8 4220 5278  3  4 81 12  0
 4  0      0 4760204  29244 1110404    0    0 44252   392 5764 7734  8  6 76 11  0
 2  0      0 4668800  29256 1120424    0    0  8628  1328 10165 16253 20 13 59  7  0
 2  0      0 4631616  29284 1122040    0    0   532   588 3282 4419 30  5 64  1  0
 2  0      0 4456116  29284 1122592    0    0    96     0 1805 1825 31  4 65  1  0
 4  0      0 4423632  29284 1123112    0    0    96     0 1536 1486 31  3 65  1  0
 2  0      0 4394916  29284 1123432    0    0    24     8 2831 3693 32  3 65  0  0
 2  0      0 4365416  29284 1133064    0    0  9388    48 2580 2946 29  4 65  3  0
 1  1      0 4340732  29304 1138772    0    0  5400   164 2415 2607 31  2 65  2  0
 2  0      0 4318332  29312 1140228    0    0  1092     8 1782 1857 31  2 66  1  0
 2  0      0 4301448  29312 1143648    0    0  3108     0 2253 1983 31  3 65  1  0
 2  0      0 4287816  29312 1144040    0    0    84     4 1834 1768 31  3 66  1  0
 2  0      0 4263832  29312 1144352    0    0    72    40 1909 1875 32  3 64  1  0
 2  0      0 4251244  29320 1144584    0    0    56   212 1682 1600 32  2 65  1  0
 2  0      0 4227516  29320 1144992    0    0   116     8 1960 1963 31  2 66  1  0
procs -----------memory---------- ---swap-- -----io---- -system-- ------cpu-----
 r  b   swpd   free   buff  cache   si   so    bi    bo   in   cs us sy id wa st
 2  0      0 4215448  29320 1145736    0    0   460     4 1576 1380 32  3 66  0  0
 2  0      0 4200340  29336 1148048    0    0  2264     8 3128 4429 31  2 65  2  0
 1  1      0 4157812  29368 1164536    0    0 16352   548 2878 3206 25  3 61 10  0
 2  0      0 3722872  29376 1213328    0    0 21972   180 13541 14522 17 13 63  8  0
 0  0      0 2973048  29376 1241184    0    0 23612    32 4343 4725 16  7 71  5  0
 1  0      0 2895328  29376 1256412    0    0  7252     8 4386 4480 22  4 73  2  0
 1  0      0 2862892  29392 1264100    0    0     0   328 6380 7273 24  6 70  1  0
 1  0      0 2772152  29408 1273984    0    0     0  4284 10393 15640 26 12 59  3  0
 3  0      0 2727440  29432 1283952    0    0     0   600 8014 11208 31 11 56  1  0
 3  0      0 2355004  29432 1292428    0    0     0     0 5372 5839 35  7 57  1  0
 3  0      0 2273116  29432 1299900    0    0     0    40 4916 4955 39  4 56  1  0
 1  0      0 2140764  29432 1309528    0    0     0    36 6157 7511 39  6 55  1  0
 3  0      0 2022948  29432 1319544    0    0  1364     8 3158 3018 46  4 50  1  0
 3  0      0 1992700  29440 1324500    0    0     0   168 2748 2410 45  3 51  1  0
 2  0      0 2733524  29440 1331584    0    0     0     4 3098 2808 30  9 61  1  0
 2  0      0 2636964  29440 1339332    0    0     0     0 3225 3714 31  4 65  0  0
 2  0      0 2504152  29440 1350152    0    0     0    32 3578 3536 29  3 67  1  0
 3  0      0 2348996  29440 1356816    0    0     0    12 3185 3613 30  4 65  0  0
 2  0      0 2261192  29456 1363184    0    0    12 22536 3427 3459 27  3 57 13  0
 1  0      0 2131832  29456 1371024    0    0     0     0 2616 2493 29  3 67  1  0
 2  0      0 2037924  29456 1382656    0    0     0     0 3301 3133 29  4 66  1  0
procs -----------memory---------- ---swap-- -----io---- -system-- ------cpu-----
 r  b   swpd   free   buff  cache   si   so    bi    bo   in   cs us sy id wa st
 2  0      0 1939240  29456 1390312    0    0     0     0 3603 4628 30  4 66  0  0
 2  0      0 1786536  29456 1399348    0    0     0  9632 3399 3199 30  3 66  1  0
 1  1      0 1730868  29488 1410580    0    0    24 21140 3988 3936 30  4 62  5  0
 1  0      0 1053576  29496 1416448    0    0     8 12484 3751 3922 25  7 65  3  0
 2  0      0 806540  29496 1426180    0    0     0     0 3458 3302 26  4 69  0  0
 2  0      0 684008  29496 1436768    0    0     0     0 3401 3398 27  2 71  0  0
 2  0      0 534204  29496 1446504    0    0     0     0 3766 3900 24  5 71  0  0
 2  0      0 413132  29512 1455604    0    0    12 10456 4098 4497 23  5 67  5  0
 1  1      0 286796  29120 1442488    0    0   256 53032 4918 5165 24  6 51 20  0
 2  0      0 186008  29096 1438860    0    0   296  7024 3380 3233 25  7 66  2  0
 0  0      0 213632  29096 1445440    0    0     0     0 4917 6440 26  3 71  0  0
 2  0      0 163808  28984 1425728    0    0     0     0 3627 4067 27  4 69  0  0
 2  0      0 162472  28796 1410184    0    0     0   212 3509 3691 25  4 71  1  0
 2  0      0 294904  25404 1253064    0    0  3936  8396 4964 5684 21 11 64  4  0
 2  0      0 279512  24448 1170636    0    0 14132     4 6106 6915 16 12 64  8  0
 2  0      0 272184  21128 1008016    0    0    48 37684 5435 5962 23 13 48 16  0
 3  1      0 223180  17800 851264    0    0  7020     0 6960 8171 21 16 58  4  0
 2  0      0 1533224  14296 692764    0    0 14024 27100 7608 9818 23 15 44 17  0
 1  2      0 2055864  14304 745816    0    0 46660     0 7666 9088 20  5 60 15  0
 2  0      0 2214640  14304 778372    0    0 25608     0 7689 9586 22  6 61 11  0
 1  2      0 2045624  14308 809360    0    0 21520     0 5754 6711 26  4 63  7  0
procs -----------memory---------- ---swap-- -----io---- -system-- ------cpu-----
 r  b   swpd   free   buff  cache   si   so    bi    bo   in   cs us sy id wa st
 1  1      0 1885304  14360 895888    0    0 74672     0 6896 8280 15  5 56 24  0
 1  1      0 1812352  14372 967968    0    0 63980   200 7694 9341 15  6 63 16  0
 1  1      0 1655652  14372 1043060    0    0 64140    60 4351 4912 18  3 67 12  0
 3  0      0 1473840  14372 1120944    0    0 71308     8 5492 6645 14  5 62 19  0
 1  0      0 2348644  14372 1131352    0    0  2532     0 2609 2673 14  7 78  1  0
 1  0      0 2188796  14408 1141804    0    0  4300     0 3866 4546 15  5 79  2  0
 0  0      0 2068320  14416 1149924    0    0  1616    80 2803 3062 14  3 83  1  0
 1  0      0 1974816  14424 1156136    0    0     8    60 2552 2887 14  3 83  0  0
 1  0      0 1829100  14424 1163916    0    0     0    56 2976 3156 14  3 83  0  0
 0  0      0 1824980  14424 1171180    0    0     0     0 3128 3895 13  3 83  0  0
 1  0      0 1793096  14424 1175396    0    0     0     0 3574 4569 13  2 84  0  0
 1  0      0 1783064  14448 1188932    0    0  9748    72 3616 4313 14  2 80  4  0
 0  0      0 1758316  14448 1193132    0    0     0    36 2589 2738 13  2 85  0  0
 1  0      0 1685364  14448 1198284    0    0     0     8 2803 2867 12  2 85  0  0
 1  0      0 1579336  14588 1210688    0    0  2680    36 3557 4134 13  3 83  2  0
 1  0      0 1402468  14588 1218792    0    0   524     0 1971 2241 14  4 82  0  0
 1  0      0 3743576  14588 1220884    0    0     0     0 2558 2953 15  4 81  0  0
 1  0      0 3743428  14600 1220892    0    0     0   140 1453 1235 17  1 82  0  0
 1  0      0 4768224  14600 1222804    0    0  1956     4 1695 1637  7  6 87  1  0
