procs -----------memory---------- ---swap-- -----io---- -system-- ------cpu-----
 r  b   swpd   free   buff  cache   si   so    bi    bo   in   cs us sy id wa st
 4  0      0 4503312  86372 1350172    0    0     3     6   13    8  1  1 98  0  0
 0  0      0 4501164  86372 1350192    0    0     0     0 5614 9172 10  8 82  0  0
 0  0      0 4501164  86372 1350196    0    0     0     0 1080 1215  1  1 99  0  0
 0  0      0 4501164  86372 1350196    0    0     0     0  942 1006  0  1 99  0  0
 0  0      0 4500668  86376 1350200    0    0     0    76 2396 3550  2  1 97  0  0
 0  0      0 4500920  86376 1350208    0    0     0    12 1308 1450  0  1 98  0  0
 0  0      0 4500672  86376 1350212    0    0     0    24 1353 1583  0  2 98  0  0
 0  0      0 4500672  86376 1350212    0    0     0     0 1214 1439  0  1 99  0  0
 0  0      0 4500672  86376 1350220    0    0     0     0  995  984  0  1 99  0  0
 0  0      0 4500672  86376 1350224    0    0     0    76 1168 1317  0  1 99  0  0
 0  0      0 4500672  86376 1350232    0    0     0     0 1362 1477  1  2 97  0  0
 1  0      0 4500148  86380 1350256    0    0     0   164 3068 4333  2  2 95  0  0
 1  0      0 4493900  86384 1350548    0    0     0  1032 7832 12691  6  9 83  2  0
 1  0      0 4475144  86388 1352420    0    0     0   576 4127 6013 12  7 81  0  0
 1  0      0 4302264  86388 1352424    0    0     0     0 2413 3503 16  3 81  0  0
 1  0      0 4287912  86388 1352640    0    0     0     0 1501 1780 16  2 82  0  0
 1  0      0 4272804  86388 1352968    0    0     0     8 1595 1896 17  2 81  0  0
 1  0      0 4248360  86388 1353084    0    0     0     8 1307 1496 15  3 82  0  0
 1  0      0 4244548  86392 1353116    0    0     0   124 1228 1378 17  2 82  0  0
 1  0      0 4235236  86392 1353368    0    0     0   540 1670 1805 16  1 82  1  0
 1  0      0 4226428  86392 1353612    0    0     0     0 1625 1712 17  2 81  0  0
procs -----------memory---------- ---swap-- -----io---- -system-- ------cpu-----
 r  b   swpd   free   buff  cache   si   so    bi    bo   in   cs us sy id wa st
 1  0      0 4218364  86392 1353712    0    0     0     8 1757 2086 17  2 81  0  0
 1  0      0 4203256  86392 1353860    0    0     0     0 1263 1418 17  2 82  0  0
 1  0      0 4198468  86396 1353944    0    0     0   152 1350 1523 17  2 82  0  0
 1  0      0 4187832  86396 1354064    0    0     0    32 2740 4046 16  3 81  0  0
 1  0      0 4180272  86396 1354216    0    0     0   108 1590 1762 16  2 82  0  0
 1  0      0 4172976  86396 1354344    0    0     0     0 1603 1842 16  2 82  0  0
 1  0      0 4163904  86404 1354444    0    0     0   184 2226 2884 17  3 80  0  0
 2  0      0 3869492  86420 1366768    0    0     0   964 12575 17960 18 14 66  3  0
 3  0      0 3736604  86436 1379468    0    0  3716   632 7437 10090 26 10 62  2  0
 2  0      0 3566760  86436 1383344    0    0     0    36 3820 4344 30  5 65  1  0
 4  0      0 3528428  86436 1390328    0    0   708     0 4401 4791 29  4 66  1  0
 2  0      0 3470212  86436 1395536    0    0     0    12 3831 4009 30  4 66  1  0
 2  0      0 3454620  86436 1396556    0    0     0     0 1982 1885 32  3 66  0  0
 2  0      0 3487024  86444 1396604    0    0     0   180 2752 3629 34  2 65  0  0
 1  0      0 4179376  86448 1396856    0    0     0   172 2162 2345 19  5 76  0  0
 9  0      0 4158376  86452 1397200    0    0     0   812 7167 11280 21  8 69  2  0
 2  0      0 4139972  86468 1399720    0    0     0   824 5878 9364 27 10 62  1  0
 2  0      0 3955568  86468 1400012    0    0     0     4 1786 1655 32  3 65  0  0
 2  0      0 3928380  86468 1400320    0    0     0     8 1617 1467 33  2 65  0  0
 3  0      0 3900128  86468 1400700    0    0     0    28 1764 1556 33  3 64  0  0
 2  0      0 3879476  86468 1401028    0    0     0    44 2086 2058 32  3 65  0  0
procs -----------memory---------- ---swap-- -----io---- -system-- ------cpu-----
 r  b   swpd   free   buff  cache   si   so    bi    bo   in   cs us sy id wa st
 2  0      0 3851900  86476 1401272    0    0     0   188 1632 1602 31  3 66  0  0
 2  0      0 3838820  86476 1401524    0    0     0  1104 1849 1685 32  2 65  1  0
 4  0      0 3742380  86476 1415412    0    0     0     0 8517 9844 30  6 63  2  0
 2  0      0 3398812  86476 1417852    0    0     0   392 3679 3715 27  5 67  0  0
 1  0      0 3361836  86476 1422760    0    0     0     4 4173 4253 26  4 69  0  0
 1  0      0 3345204  86484 1427004    0    0     0   252 3957 3813 27  3 69  1  0
 2  0      0 3313984  86484 1430676    0    0     0    44 3712 3618 28  2 69  0  0
 1  0      0 3297936  86484 1433804    0    0     0     0 3327 3044 28  3 68  0  0
 2  0      0 3271768  86484 1437816    0    0     0  9064 3868 3959 28  4 68  0  0
 2  0      0 3256404  86484 1440396    0    0     0     0 3441 3452 29  3 68  0  0
 5  0      0 3195144  86488 1445232    0    0   316   116 4876 5308 27  4 68  1  0
 1  0      0 2848560  86488 1461164    0    0     0  9852 8836 9192 21  9 68  2  0
 1  0      0 2912648  86488 1463548    0    0     0     8 3101 3501 28  3 70  0  0
 0  0      0 3638764  86488 1466092    0    0     0  4420 3741 4745 21  6 73  0  0
 1  0      0 3621672  86488 1468492    0    0     0     0 2434 2819 12  2 86  0  0
 1  0      0 3605544  86492 1470628    0    0     0   196 2175 2489 11  2 87  0  0
 1  0      0 3588944  86492 1473144    0    0     0   312 2454 2831 11  2 87  0  0
 1  0      0 3603632  86492 1474836    0    0     0    44 1912 2045 13  2 85  0  0
 1  0      0 3603236  86492 1474844    0    0     0     4 1626 1503 17  2 81  0  0
 0  0      0 4353176  86492 1474856    0    0     0     0 1582 1550  7  5 88  0  0
 0  0      0 4353456  86492 1474860    0    0     0     0 1195 1420  1  1 98  0  0
procs -----------memory---------- ---swap-- -----io---- -system-- ------cpu-----
 r  b   swpd   free   buff  cache   si   so    bi    bo   in   cs us sy id wa st
 0  0      0 4353456  86500 1474864    0    0     0    92 1049 1181  0  1 99  0  0
 0  0      0 4353456  86500 1474868    0    0     0     0 1425 1822  1  1 98  0  0
 0  0      0 4353216  86500 1474876    0    0     0    44 2248 3222  1  1 98  0  0
 0  0      0 4353468  86500 1474880    0    0     0     4 1362 1688  1  1 98  0  0
 0  0      0 4353220  86500 1474884    0    0     0     0 1100 1227  1  1 98  0  0
 0  0      0 4353220  86508 1474884    0    0     0    48 1111 1216  1  1 99  0  0
 0  0      0 4353220  86508 1474888    0    0     0     0 2783 3830  1  2 97  0  0
 0  0      0 4353220  86508 1474896    0    0     0     4 1448 1683  1  2 97  0  0
 0  0      0 4353472  86508 1474896    0    0     0    28 1583 2034  1  1 97  0  0
 0  0      0 4353472  86508 1474904    0    0     0     4 1137 1233  0  1 98  0  0
 0  0      0 4353472  86516 1474908    0    0     0    52 1127 1177  0  1 99  0  0
 0  0      0 4353472  86516 1474912    0    0     0     0 1501 1906  1  1 98  0  0
 0  0      0 4353472  86516 1474920    0    0     0     0 2216 3236  1  2 97  0  0
 0  0      0 4353220  86516 1474920    0    0     0     8 1430 1615  0  2 98  0  0
 0  0      0 4353220  86516 1474924    0    0     0    32 1046 1079  1  1 99  0  0
 0  0      0 4353220  86520 1474928    0    0     0    52 1179 1357  0  1 99  0  0
 0  0      0 4353220  86520 1474928    0    0     0     0 1072 1157  1  1 99  0  0
 0  0      0 4353220  86520 1474940    0    0     0     0 1501 1619  1  2 96  0  0
 0  0      0 4353220  86520 1474944    0    0     0   968 1421 1607  1  1 98  0  0
 0  0      0 4353220  86520 1474948    0    0     0     0  993 1048  0  1 99  0  0
 0  0      0 4352980  86524 1474948    0    0     0    72 1179 1311  1  1 98  0  0
procs -----------memory---------- ---swap-- -----io---- -system-- ------cpu-----
 r  b   swpd   free   buff  cache   si   so    bi    bo   in   cs us sy id wa st
 0  0      0 4352980  86524 1474952    0    0     0     4 1472 1880  1  1 98  0  0
 0  0      0 4352728  86524 1475068    0    0   108     0 2333 3374  1  2 98  0  0
 0  0      0 4352728  86524 1475072    0    0     0  4896 1609 1947  1  2 98  0  0
 0  0      0 4352728  86524 1475072    0    0     0     0 1060 1169  1  1 99  0  0
 0  0      0 4352980  86524 1475080    0    0     0    64 1103 1204  0  1 99  0  0
 0  0      0 4352980  86524 1475088    0    0     0    36 1247 1455  1  1 99  0  0
 0  0      0 4352988  86524 1475092    0    0     0     8 1378 1572  1  2 97  0  0
 0  0      0 4352496  86524 1475096    0    0     0  7828 1589 1937  0  2 98  0  0
 0  0      0 4352496  86524 1475100    0    0     0     0 1214 1341  0  1 99  0  0
 0  0      0 4352248  86528 1475104    0    0     0    68 1243 1398  0  1 98  0  0
 0  0      0 4352248  86528 1475104    0    0     0    88 1723 2254  1  1 98  0  0
 0  0      0 4352000  86528 1475112    0    0     0    32 2219 3232  1  2 98  0  0
 0  0      0 4351496  86528 1475120    0    0     0     4 1461 1724  1  1 98  0  0
 0  0      0 4351756  86528 1475124    0    0     0     8 1220 1332  1  1 98  0  0
 0  0      0 4351756  86532 1475128    0    0     0    48 1127 1244  0  1 99  0  0
 5  0      0 4358420  86532 1475132    0    0     0    24 1517 1801  3  1 95  0  0
