2026-07-14 19:27:05.443 procs -----------memory---------- ---swap-- -----io---- -system-- ------cpu-----
2026-07-14 19:27:05.446 r  b   swpd   free   buff  cache   si   so    bi    bo   in   cs us sy id wa st
2026-07-14 19:27:05.450 4  0      0 3854324  61584 1919532    0    0     6    33    0    7  2  9 89  0  0
2026-07-14 19:27:06.444 0  0      0 3852592  61596 1919612    0    0     0   800 24507 42160  6 17 77  0  0
2026-07-14 19:27:07.442 0  0      0 3852340  61596 1919684    0    0     0   580 23937 39604  1 15 83  0  0
2026-07-14 19:27:08.444 0  0      0 3852340  61596 1919780    0    0     0     0 23744 39458  2 14 84  0  0
2026-07-14 19:27:09.444 1  0      0 3854264  61596 1919864    0    0     0     0 23058 39091  3 16 82  0  0
2026-07-14 19:27:10.445 0  0      0 3854264  61596 1919952    0    0     0     0 23587 39801  3 15 82  0  0
2026-07-14 19:27:11.445 0  0      0 3854012  61604 1919996    0    0     0   620 23559 39596  2 13 84  0  0
2026-07-14 19:27:12.446 0  0      0 3854012  61604 1920072    0    0     0   788 23771 40198  1 16 83  0  0
2026-07-14 19:27:13.447 1  0      0 3854012  61604 1920116    0    0     0     0 22719 38673  1 14 84  0  0
2026-07-14 19:27:14.448 1  0      0 3854012  61604 1920220    0    0     0     0 23126 39033  2 15 83  0  0
2026-07-14 19:27:15.448 0  0      0 3854012  61612 1920312    0    0     0   524 23818 39975  3 16 81  0  0
2026-07-14 19:27:16.448 4  0      0 3840620  61628 1920428    0    0     0   784 26461 45420  8 21 70  1  0
2026-07-14 19:27:17.449 4  0      0 3835528  61660 1921964    0    0     0  1660 25641 45193 10 24 63  3  0
2026-07-14 19:27:18.449 2  0      0 3716076  61660 1922280    0    0     0   580 20027 36425 16 16 68  0  0
2026-07-14 19:27:19.450 3  0      0 3645600  61660 1922476    0    0     0     0 18724 34632 19 14 68  0  0
2026-07-14 19:27:20.450 1  0      0 3637548  61660 1922780    0    0     0     0 19462 36329 18 14 68  0  0
2026-07-14 19:27:21.450 2  1      0 3613872  61680 1923296    0    0   216  2188 20502 37749 20 15 63  3  0
2026-07-14 19:27:22.451 6  0      0 3585712  61704 1923900    0    0     0  1312 23433 42991 25 21 52  2  0
2026-07-14 19:27:23.454 5  1      0 3495348  61740 1937536    0    0     0  2332 28231 47344 22 24 43 11  0
2026-07-14 19:27:24.452 3  0      0 3336348  61740 1938560    0    0     0   212 23635 40087 31 19 49  1  0
2026-07-14 19:27:25.452 2  0      0 3271656  61740 1938944    0    0     0   108 22833 38939 33 17 49  0  0
2026-07-14 19:27:26.452 procs -----------memory---------- ---swap-- -----io---- -system-- ------cpu-----
2026-07-14 19:27:26.455 r  b   swpd   free   buff  cache   si   so    bi    bo   in   cs us sy id wa st
2026-07-14 19:27:26.458 3  0      0 3256888  61740 1939408    0    0     0     0 22731 38910 34 16 50  0  0
2026-07-14 19:27:27.453 2  0      0 3230832  61740 1939752    0    0     0    68 20390 35088 31 15 55  0  0
2026-07-14 19:27:28.454 2  0      0 3213456  61752 1939968    0    0     0   900 19971 34274 31 13 55  1  0
2026-07-14 19:27:29.454 2  0      0 3125024  61752 1952768    0    0     0   676 27849 43133 25 21 53  1  0
2026-07-14 19:27:30.454 2  1      0 2539060  61752 1955320    0    0     0     0 20282 36722 24 18 57  1  0
2026-07-14 19:27:31.454 1  0      0 2494540  61752 1959584    0    0     0     0 20446 36671 26 14 57  2  0
2026-07-14 19:27:32.456 1  0      0 2425336  61752 1966556    0    0     0  1912 24476 41009 18 18 61  3  0
2026-07-14 19:27:33.454 1  0      0 2417948  61756 1972968    0    0     0  1072 23999 39476 21 17 59  3  0
2026-07-14 19:27:34.456 3  0      0 2379252  61768 1977588    0    0     0  1232 25238 41883 21 21 55  3  0
2026-07-14 19:27:35.457 3  1      0 2342828  61788 1983100    0    0     0  1624 25907 45818 25 25 46  4  0
2026-07-14 19:27:36.455 2  0      0 2313304  61796 1990528    0    0     0   792 22671 39783 32 21 44  4  0
2026-07-14 19:27:37.458 2  2      0 2149344  61796 1996380    0    0     0     0 20401 35006 33 17 47  3  0
2026-07-14 19:27:38.459 2  0      0 2094076  61796 2003724    0    0     0    40 20644 35256 35 16 46  3  0
2026-07-14 19:27:39.459 4  0      0 2074208  61796 2008656    0    0     0    52 19445 33614 40 14 43  2  0
2026-07-14 19:27:40.457 2  0      0 2777740  61796 2010320    0    0     0   704 18966 33882 39 20 40  1  0
2026-07-14 19:27:41.460 2  0      0 2793284  61804 2010472    0    0     0   636 18198 33319 35 13 53  0  0
2026-07-14 19:27:42.461 1  0      0 3282464  61804 2025988    0    0  2048     0 26433 42394 15 25 59  2  0
2026-07-14 19:27:43.459 3  0      0 2960512  61804 2030660    0    0     0    16 21953 37630 14 17 68  1  0
2026-07-14 19:27:44.461 1  0      0 2947120  61804 2037340    0    0     0    24 24114 39810 14 15 70  1  0
2026-07-14 19:27:45.461 1  0      0 2893572  61804 2042292    0    0     0   512 26429 42996 13 18 68  2  0
2026-07-14 19:27:46.462 3  0      0 2878640  61812 2047744    0    0     0   828 26005 42842 14 18 67  2  0
2026-07-14 19:27:47.460 procs -----------memory---------- ---swap-- -----io---- -system-- ------cpu-----
2026-07-14 19:27:47.461 r  b   swpd   free   buff  cache   si   so    bi    bo   in   cs us sy id wa st
2026-07-14 19:27:47.461 2  0      0 2833768  61812 2051708    0    0     0     0 25142 42070 15 18 66  1  0
2026-07-14 19:27:48.462 1  0      0 2798816  61812 2054444    0    0     0     4 20464 36816 17 13 70  0  0
2026-07-14 19:27:49.463 2  0      0 2682924  61812 2063828    0    0     0  1628 25609 41729 14 18 66  2  0
2026-07-14 19:27:50.464 1  0      0 2643632  61812 2070072    0    0     0    56 24405 41197 14 17 68  1  0
2026-07-14 19:27:51.464 2  0      0 2488748  61820 2076048    0    0     0  1060 22605 39668 15 15 68  1  0
2026-07-14 19:27:52.465 1  0      0 2366288  61820 2083512    0    0     0   168 22313 38828 15 16 68  1  0
2026-07-14 19:27:53.465 0  0      0 2253112  61820 2092032    0    0     0     0 21339 37358 14 20 66  1  0
2026-07-14 19:27:54.466 4  0      0 2155264  61820 2100676    0    0     0    52 24128 40359 14 16 69  1  0
2026-07-14 19:27:55.465 1  0      0 2071548  61836 2106508    0    0     0   588 24249 40272 13 17 68  1  0
2026-07-14 19:27:56.467 2  0      0 1932136  61836 2113184    0    0     0   528 25268 42137 12 19 68  1  0
2026-07-14 19:27:57.467 2  0      0 1859628  61836 2122548    0    0     0   272 25530 41604 13 20 66  1  0
2026-07-14 19:27:58.465 3  0      0 1747920  61836 2128524    0    0     0    12 23983 40211 10 22 67  1  0
2026-07-14 19:27:59.468 1  0      0 1736008  61836 2137880    0    0     0     0 24328 40577 13 21 65  1  0
2026-07-14 19:28:00.468 1  0      0 1625436  61840 2141964    0    0     0   532 22367 39663 11 21 67  1  0
2026-07-14 19:28:01.469 3  0      0 1545468  61840 2151300    0    0     0    84 20797 37553 13 17 70  1  0
2026-07-14 19:28:02.469 2  0      0 1403500  61840 2157884    0    0     0   652 23413 39793 13 16 70  1  0
2026-07-14 19:28:03.470 1  0      0 1334248  61840 2164908    0    0     0   728 22215 39146 13 16 70  1  0
2026-07-14 19:28:04.470 2  0      0 1258712  61840 2170692    0    0     0   288 24711 41198 13 18 68  1  0
2026-07-14 19:28:05.471 2  0      0 1156176  61848 2175560    0    0     0   804 23425 40326 14 19 66  1  0
2026-07-14 19:28:06.470 5  0      0 1028084  61848 2181048    0    0     0  1060 22448 39845 13 17 69  1  0
2026-07-14 19:28:07.471 4  0      0 922000  61848 2187200    0    0     0   560 21880 38767 13 17 69  1  0
2026-07-14 19:28:08.471 procs -----------memory---------- ---swap-- -----io---- -system-- ------cpu-----
2026-07-14 19:28:08.474 r  b   swpd   free   buff  cache   si   so    bi    bo   in   cs us sy id wa st
2026-07-14 19:28:08.477 1  0      0 801312  61848 2193560    0    0     0   228 21394 38062 13 17 69  1  0
2026-07-14 19:28:09.472 1  0      0 780424  61848 2200808    0    0     0     4 22459 38917 13 17 68  1  0
2026-07-14 19:28:10.472 2  0      0 760080  61856 2205240    0    0     0   536 24494 41125 15 16 67  1  0
2026-07-14 19:28:11.471 1  0      0 750716  61856 2209268    0    0     0     0 24083 40119 16 14 69  1  0
2026-07-14 19:28:12.473 3  1      0 738532  61856 2215156    0    0     0   124 24336 40993 13 15 70  2  0
2026-07-14 19:28:13.477 2  1      0 658292  61856 2220688    0    0    36   648 23900 40031 13 19 68  1  0
2026-07-14 19:28:14.474 1  0      0 555248  61856 2229820    0    0     0    44 25642 42024 12 19 68  2  0
2026-07-14 19:28:15.474 2  0      0 426408  61864 2239064    0    0     0   528 24150 40416 13 20 67  1  0
2026-07-14 19:28:16.475 2  0      0 2755908  61864 2242120    0    0     0     0 25381 42250 13 19 67  1  0
2026-07-14 19:28:17.475 4  0      0 3527244  61864 2242188    0    0     0    24 23577 39827 13 19 67  0  0
2026-07-14 19:28:18.474 2  0      0 3526768  61864 2242304    0    0     0   568 24352 40808  2 15 82  0  0
2026-07-14 19:28:19.476 1  0      0 3526056  61864 2242388    0    0     0   212 23462 39617  2 15 82  0  0
2026-07-14 19:28:20.477 3  0      0 3525808  61864 2242472    0    0     0  1268 24678 41064  3 16 81  0  0
