procs -----------memory---------- ---swap-- -----io---- -system-- ------cpu-----
 r  b   swpd   free   buff  cache   si   so    bi    bo   in   cs us sy id wa st
 2  0      0 3185420 165812 2744676    0    0     5     5   35   28  1  2 97  0  0
 3  0      0 3176388 165812 2744708    0    0     0   288 11052 18720 14 12 73  1  0
 0  0      0 3176548 165812 2744640    0    0     0   108 5536 8480  2  4 94  0  0
 0  0      0 3176548 165812 2744640    0    0     0   668 5136 7934  1  3 96  0  0
 8  0      0 3176548 165812 2744668    0    0     0    16 5402 8356  1  4 95  0  0
 0  0      0 3176548 165812 2744672    0    0     0    44 5439 8479  2  4 95  0  0
 0  0      0 3176548 165812 2744704    0    0     0    48 5735 8919  1  5 94  0  0
 0  0      0 3176300 165812 2744716    0    0     0     0 5095 7699  1  3 96  0  0
 0  0      0 3176300 165812 2744724    0    0     0    96 5173 8016  1  4 95  0  0
 0  0      0 3176300 165812 2744764    0    0     0    16 5228 8358  1  4 94  0  0
 0  0      0 3176300 165812 2744772    0    0     0    24 5509 8899  3  5 93  0  0
 0  0      0 3176300 165812 2744796    0    0     0    20 4824 7566  1  4 95  0  0
 0  0      0 3176300 165812 2744800    0    0     0    44 5389 8233  1  3 96  0  0
 0  0      0 3175800 165816 2744832    0    0     0   144 5145 7694  1  4 95  0  0
 1  0      0 3175800 165816 2744840    0    0     0    36 5528 8589  1  5 95  0  0
 0  0      0 3175800 165816 2744860    0    0     0    28 5317 8175  1  4 95  0  0
 0  0      0 3175576 165816 2744884    0    0     0    12 5427 8207  1  5 94  0  0
 0  0      0 3174860 165816 2744912    0    0     0    16 5900 9003  1  4 95  0  0
 0  0      0 3174860 165820 2744916    0    0     0   124 5510 8517  1  4 95  0  0
 1  0      0 3174860 165820 2744936    0    0     0     0 5833 8872  2  4 94  0  0
 0  0      0 3174860 165820 2744964    0    0     0    28 5585 8884  2  4 94  0  0
procs -----------memory---------- ---swap-- -----io---- -system-- ------cpu-----
 r  b   swpd   free   buff  cache   si   so    bi    bo   in   cs us sy id wa st
 0  0      0 3172864 165820 2744984    0    0     0    28 4952 7681  1  4 96  0  0
 0  0      0 3172612 165820 2744988    0    0     0     8 5178 7709  1  5 95  0  0
 0  0      0 3172612 165820 2745016    0    0     0   160 4998 7722  1  4 95  0  0
 5  0      0 3173972 165828 2745040    0    0     0   240 7760 12179  4  8 88  0  0
 1  0      0 3157568 165832 2745580    0    0     0  1168 13411 22654 11 16 71  2  0
 1  0      0 3156924 165836 2746932    0    0     0   744 8145 12882 12 11 76  1  0
 1  0      0 2990104 165836 2747416    0    0     0     4 6741 10327 14  8 78  0  0
 1  0      0 2964652 165840 2747616    0    0     0   164 7310 11136 18  5 77  0  0
 5  0      0 2948628 165844 2747808    0    0     0  1368 10693 17137 21 12 65  2  0
 3  0      0 2923152 165844 2749788    0    0     0  1456 11127 18979 24 15 59  2  0
 2  0      0 2876904 165848 2750500    0    0     0    88 6146 9624 31  8 61  0  0
 2  0      0 2712392 165848 2750584    0    0     0    12 5267 7999 32  6 63  0  0
 2  0      0 2689248 165848 2750900    0    0     0     4 4990 7490 31  6 63  0  0
 3  0      0 2662056 165848 2751364    0    0     0    84 4933 7590 32  6 62  0  0
 2  0      0 2654496 165848 2751612    0    0     0    16 5162 7785 33  5 62  0  0
 2  0      0 2626576 165852 2751760    0    0     0   344 5377 8123 32  6 62  0  0
 2  0      0 2614028 165852 2752112    0    0     0    64 5134 7652 33  4 63  0  0
 3  0      0 2598164 165852 2752440    0    0     0     0 5392 8325 33  5 62  0  0
 2  0      0 2575180 165852 2752576    0    0     0     0 5091 7901 33  5 62  0  0
 2  0      0 2564104 165852 2752776    0    0     0     0 4758 7280 32  5 63  0  0
 2  0      0 2508380 165856 2753016    0    0     0   252 6222 9853 31  7 62  0  0
procs -----------memory---------- ---swap-- -----io---- -system-- ------cpu-----
 r  b   swpd   free   buff  cache   si   so    bi    bo   in   cs us sy id wa st
 1  0      0 2020208 165856 2766660    0    0     0    48 10247 12910 25 12 61  2  0
 1  0      0 1982828 165856 2769952    0    0     0   992 7766 10868 26  8 66  0  0
 2  0      0 1956860 165856 2773976    0    0     0    40 7957 11090 26  6 68  0  0
 4  0      0 1935204 165856 2778012    0    0     0   676 7832 10831 26  6 67  1  0
 2  0      0 1570576 165868 2795936    0    0  1196   612 15572 21063 21 16 60  3  0
 2  0      0 1303180 165884 2806288    0    0   624  1304 15270 24770 27 18 52  3  0
 3  0      0 1256752 165888 2816368    0    0     0   736 9268 13841 38 10 52  1  0
 4  0      0 1056352 165888 2824960    0    0     0     0 8616 11631 36  9 55  1  0
 3  0      0 926032 165888 2835028    0    0     0     0 9188 12149 36  7 55  1  0
 3  0      0 874320 165888 2840252    0    0     0 17020 6640 10043 45  6 49  0  0
 5  0      0 1618644 165888 2844232    0    0     0    80 5752 8210 42 11 47  0  0
 2  0      0 1587172 165888 2847428    0    0     0 12236 4934 6664 30  5 39 26  0
 2  0      0 1464492 165888 2855936    0    0     0     8 6507 8815 28  6 66  1  0
 2  0      0 1388912 165888 2860628    0    0     0     0 6330 9088 28  5 66  0  0
 2  0      0 1269372 165888 2866628    0    0     0   796 6530 9280 29  8 63  0  0
 1  1      0 1186336 165888 2873564    0    0     0    36 5846 8773 31  6 63  0  0
 2  0      0 1069792 165888 2883212    0    0     0   676 7116 10105 29  6 64  1  0
 2  0      0 936648 165888 2891320    0    0     0     8 6826 10161 30  7 63  0  0
 2  0      0 821964 165888 2897632    0    0     0    48 5873 8577 29  6 64  0  0
 2  0      0 690664 165888 2904788    0    0     0   532 7810 11715 30  7 63  0  0
 3  0      0 398264 165888 2914584    0    0     0    16 7110 10403 27  9 64  0  0
procs -----------memory---------- ---swap-- -----io---- -system-- ------cpu-----
 r  b   swpd   free   buff  cache   si   so    bi    bo   in   cs us sy id wa st
 3  0      0 187872 165192 2824648    0    0     0   296 6788 9656 20 15 65  1  0
 2  0      0 212628 165192 2765936    0    0     0    12 6944 10021 20 11 69  0  0
 2  0      0 166068 163992 2679352    0    0     0    80 8764 12209 22 11 67  0  0
 2  1      0 200756 162872 2613332    0    0     0 54288 8045 11104 21 13 60  6  0
 2  1      0 113720 162012 2572700    0    0     0 11280 8084 11229 23  9 52 16  0
 0 18      0 143756 160944 2402596    0    0     0  6056 6393 9129 13 10 21 55  0
 3  0      0 139636 160944 2340764    0    0     0   392 16760 22975  6  4 19 71  0
 3  0      0 106916 160524 2234464    0    0     0   144 7685 11101 19 12 69  1  0
 3  0      0 132052 160456 2108444    0    0   248     0 7340 10717 21 13 66  0  0
 5  0      0 145192 160108 1998208    0    0  1876     0 5378 8312 26 10 63  1  0
 2  0      0 961208 160160 2003764    0    0  1972     0 5799 8728 21 14 64  1  0
 2  0      0 859368 160160 2010892    0    0     0  7656 8166 11371 14  6 80  0  0
 2  0      0 776704 160168 2018992    0    0     0   792 8072 11787 15  5 79  1  0
 3  0      0 800516 160168 2023256    0    0     0    12 6364 9607 13  5 83  0  0
 2  0      0 772880 160168 2027792    0    0     0     0 5886 8519 15  5 80  0  0
 2  0      0 770092 160168 2032008    0    0  1364     0 7019 10899 14  5 80  0  0
 2  0      0 667684 160168 2035728    0    0     0    32 7252 10514 11  6 83  0  0
 3  0      0 637384 160168 2043440    0    0     0   180 7513 10765 15  9 74  1  0
 2  0      0 567060 160168 2052184    0    0     0     4 7081 9786 12  5 83  0  0
 2  0      0 411120 160168 2060844    0    0     0     8 8009 11152 13  8 78  1  0
 2  0      0 2456012 160168 2062668    0    0     0     0 6990 10276 15  8 77  0  0
procs -----------memory---------- ---swap-- -----io---- -system-- ------cpu-----
 r  b   swpd   free   buff  cache   si   so    bi    bo   in   cs us sy id wa st
 2  0      0 2454420 160168 2062688    0    0     0     8 7412 10748 18  4 78  0  0
 5  0      0 2476084 160172 2062716    0    0     0   288 7164 10293 18  4 77  1  0
 1  0      0 3684820 160172 2062716    0    0     0     0 5841 8929  2  9 89  0  0
 1  0      0 3684572 160172 2062748    0    0     0     4 5902 9102  1  4 95  0  0
 1  0      0 3684508 160172 2062760    0    0     0     8 6377 10120  2  5 93  0  0
 3  0      0 3684092 160172 2062772    0    0     0     0 4648 7375  1  4 95  0  0
 1  0      0 3684112 160180 2062792    0    0     0   120 5145 8290  1  4 95  0  0
10  0      0 3683860 160180 2063564    0    0   752    12 5304 8161  1  4 95  1  0
 1  0      0 3683360 160180 2063584    0    0     0     0 5721 9254  1  4 94  0  0
 1  0      0 3683532 160180 2063604    0    0     0     8 4872 7605  2  4 94  0  0
 1  0      0 3683612 160180 2063612    0    0     0   180 5459 8370  1  5 95  0  0
 2  0      0 3683364 160180 2063644    0    0     0   180 5256 8301  1  3 95  0  0
 7  0      0 3683364 160180 2063656    0    0     0   108 5374 8535  3  3 94  0  0
 1  0      0 3683364 160180 2063672    0    0     0 10028 5196 8033  1  4 95  0  0
 1  0      0 3683364 160180 2063680    0    0     0     0 5907 9684  1  5 93  0  0
 2  0      0 3683364 160180 2063708    0    0     0     4 4941 7740  1  4 95  0  0
 1  0      0 3682872 160184 2063728    0    0     0   144 5366 8359  2  4 93  0  0
