procs -----------memory---------- ---swap-- -----io---- -system-- ------cpu-----
 r  b   swpd   free   buff  cache   si   so    bi    bo   in   cs us sy id wa st
 2  0      0 4144752  72036 2153168    0    0     6    33    7    5  2  9 89  0  0
 0  0      0 4149840  72044 2153292    0    0     0  1504 24949 43331 10 20 70  0  0
 0  0      0 4149840  72044 2153416    0    0     0     0 23065 39257  2 15 83  0  0
 2  0      0 4149600  72044 2153524    0    0     0     0 23531 39390  2 14 85  0  0
 0  0      0 4149108  72044 2153640    0    0     0     0 24023 41060  2 16 81  0  0
 0  0      0 4149108  72044 2153788    0    0     0     8 23214 39332  3 14 84  0  0
 9  0      0 4149108  72048 2153896    0    0     0  1772 23917 40058  2 15 81  2  0
 1  0      0 4149108  72048 2153996    0    0     0   568 24492 40544  2 15 83  0  0
 1  0      0 4148660  72048 2154060    0    0     0     0 23110 39403  2 14 84  0  0
 2  0      0 4148660  72048 2154140    0    0     0     0 22944 39245  1 16 82  0  0
 0  0      0 4148660  72048 2154228    0    0     0     0 23371 39183  2 15 83  0  0
 0  0      0 4148660  72052 2154336    0    0     0   748 22653 38935  2 14 84  1  0
 1  0      0 4148660  72052 2154460    0    0     0   544 24477 40413  2 16 82  0  0
 0  0      0 4148660  72052 2154588    0    0     0   208 23343 39507  2 14 84  0  0
 3  0      0 4148660  72052 2154712    0    0     0     0 23697 40128  3 15 83  0  0
 4  0      0 4148408  72052 2154824    0    0     0     0 23372 39445  2 16 82  0  0
 1  0      0 4148408  72060 2154968    0    0     0   572 23532 39778  2 15 83  0  0
 1  0      0 4148408  72060 2155084    0    0     0   200 23328 39362  1 14 85  0  0
 2  0      0 4148156  72060 2155172    0    0     0   596 24529 40844  2 16 83  0  0
 2  0      0 4147440  72060 2155264    0    0     0    92 24044 40486  2 15 83  0  0
 2  1      0 4142852  72068 2155348    0    0     0   680 23970 40807  4 17 75  4  0
procs -----------memory---------- ---swap-- -----io---- -system-- ------cpu-----
 r  b   swpd   free   buff  cache   si   so    bi    bo   in   cs us sy id wa st
 2  0      0 4108300  72092 2155684    0    0     0  2988 29949 53968 11 29 55  4  0
 2  0      0 4075756  72132 2159268    0    0     0  2008 22830 42015 23 26 49  2  0
 2  0      0 3814788  72132 2159652    0    0     0   348 18811 35387 32 16 53  0  0
 4  0      0 3732484  72132 2160004    0    0     0   388 19239 36418 33 15 53  0  0
 3  0      0 3713116  72132 2160620    0    0     0     0 18172 34808 32 14 53  0  0
 3  0      0 3674324  72132 2161220    0    0     0   300 18589 35493 33 14 53  0  0
 2  0      0 3653924  72136 2161416    0    0     0  1516 19790 37608 34 16 50  1  0
 2  1      0 3123264  72156 2174140    0    0     0  1540 27635 46415 26 30 41  3  0
 2  0      0 2786772  72172 2178140    0    0     0  1532 24124 42104 22 27 48  2  0
 1  1      0 2657888  72172 2182640    0    0     0   240 24734 40973 31 18 48  3  0
 4  0      0 2569256  72172 2185180    0    0     0     0 24322 40555 31 19 48  2  0
 2  0      0 2536760  72172 2189260    0    0     0    44 24267 40469 31 19 48  3  0
 3  0      0 2493456  72172 2192708    0    0     0    44 22718 38334 33 17 47  2  0
 3  0      0 2462236  72176 2196228    0    0     0   936 24836 41450 33 19 46  3  0
 5  0      0 2415900  72176 2199624    0    0     0   336 24739 41003 30 18 48  3  0
 3  0      0 1837240  72176 2215820    0    0     0    40 28212 44394 24 24 49  4  0
 4  0      0 1691368  72176 2220024    0    0     0  1944 25779 42007 22 20 52  5  0
 4  1      0 1649388  72176 2224568    0    0     0   736 25498 41237 23 20 54  4  0
 2  0      0 1827864  72180 2226588    0    0     0   756 18531 33923 42 15 41  2  0
 0  0      0 3070732  72180 2228284    0    0     0   328 22522 38397 13 21 65  1  0
 0  0      0 3063980  72180 2229408    0    0     0   296 24187 40258 10 16 72  1  0
procs -----------memory---------- ---swap-- -----io---- -system-- ------cpu-----
 r  b   swpd   free   buff  cache   si   so    bi    bo   in   cs us sy id wa st
 3  1      0 3057044  72180 2230736    0    0     0   100 23706 39657 12 17 70  1  0
 3  0      0 3049860  72180 2232052    0    0     0     4 23849 40165 10 16 73  1  0
 2  0      0 3039812  72184 2233340    0    0     0   672 23731 40417 12 16 70  2  0
 1  0      0 3031636  72184 2234424    0    0     0   308 23179 39473 10 17 72  1  0
 1  0      0 2985200  72188 2236092    0    0     0   260 23791 40061 10 17 72  1  0
 2  0      0 3080672  72188 2236852    0    0     0    84 23487 39530 15 15 70  0  0
 1  0      0 3790732  72188 2237604    0    0   648   360 22932 38852  6 20 73  0  0
 0  0      0 3791012  72188 2237728    0    0     0   540 24614 41830  3 15 82  1  0
 2  0      0 3790288  72188 2237872    0    0     0   216 24799 41187  3 15 81  0  0
 0  0      0 3790212  72188 2237968    0    0     0   380 23930 40215  1 15 83  0  0
 0 105      0 3787176  72192 2236016    0    0     0  2864 24727 42011  4 17 46 33  0
 1  0      0 3792392  72220 2235720    0    0     0  2688 25411 40224  4 24 46 26  0
 0  0      0 3792144  72220 2235752    0    0     0   100 22004 36873  3 16 81  0  0
 0  0      0 3791904  72220 2235660    0    0     0     0 23478 39334  2 15 83  0  0
 1  0      0 3791904  72220 2235744    0    0     0     0 22517 38107  2 14 84  0  0
 1  0      0 3791904  72220 2235860    0    0     0     0 23351 39352  2 15 83  0  0
 0  0      0 3790572  72232 2235968    0    0     0   640 23868 40205  2 14 83  0  0
 0  0      0 3803276  72232 2227920    0    0     0   840 24724 41491  2 17 80  0  0
 1  0      0 3802280  72232 2228036    0    0     0    44 23529 39785  2 14 83  0  0
 2  0      0 3801832  72232 2228144    0    0     0     0 23215 39629  2 16 82  0  0
 2  0      0 3801592  72232 2228276    0    0     0     0 23214 39119  2 15 83  0  0
procs -----------memory---------- ---swap-- -----io---- -system-- ------cpu-----
 r  b   swpd   free   buff  cache   si   so    bi    bo   in   cs us sy id wa st
 0  0      0 3801592  72240 2228380    0    0     0  1316 23998 39736  2 15 82  1  0
 0  0      0 3801104  72240 2228472    0    0     0   664 24756 42196  3 16 82  0  0
 1  0      0 3800852  72240 2228552    0    0     0   260 23883 40268  2 14 84  0  0
 0  0      0 3800852  72240 2228648    0    0     0     0 23329 39397  2 14 84  0  0
 2  0      0 3800852  72240 2228700    0    0     0     0 23399 39801  4 16 80  0  0
 0  0      0 3802684  72244 2228808    0    0     0   516 23296 39721  2 14 83  1  0
 1  0      0 3801956  72244 2228968    0    0     0   276 23787 39902  2 15 83  0  0
 1  0      0 3801956  72244 2229092    0    0     0   644 23741 40148  2 16 82  0  0
 3  0      0 3801956  72244 2229212    0    0     0     8 23066 39317  3 14 83  0  0
 3  0      0 3801956  72244 2229324    0    0     0     0 23087 39078  2 16 82  0  0
 0  0      0 3801716  72244 2229456    0    0     0   528 22919 38691  3 14 83  1  0
 0  0      0 3801716  72244 2229576    0    0     0     8 24312 40742  2 15 83  0  0
 1  0      0 3801464  72244 2229640    0    0     0   296 23689 39967  2 18 80  0  0
 1  0      0 3801464  72244 2229744    0    0     0   528 24224 40608  2 15 83  0  0
 3  0      0 3801464  72244 2229848    0    0     0     4 23187 39246  2 13 84  0  0
 2  0      0 3801464  72248 2229900    0    0     0  1244 23611 40095  2 16 82  0  0
 1  0      0 3801464  72248 2229988    0    0     0     0 23927 40574  2 15 83  0  0
 1  0      0 3801464  72248 2230140    0    0     0    92 22983 39483  2 15 83  0  0
 2  0      0 3801464  72248 2230256    0    0     0   524 23894 40295  2 16 82  0  0
 0  0      0 3801464  72248 2230392    0    0     0   224 23075 39163  2 15 83  0  0
 1  0      0 3801464  72256 2230468    0    0     0   524 23737 39870  2 15 83  1  0
procs -----------memory---------- ---swap-- -----io---- -system-- ------cpu-----
 r  b   swpd   free   buff  cache   si   so    bi    bo   in   cs us sy id wa st
 0  0      0 3801464  72256 2230628    0    0     0   488 23686 40336  3 15 82  0  0
 0  0      0 3801212  72256 2230760    0    0     0  1072 23965 40160  3 16 82  0  0
 0  0      0 3801212  72256 2230852    0    0     0   132 23339 39389  2 15 83  0  0
 1  0      0 3801212  72256 2230924    0    0     0   536 23910 40342  2 15 83  0  0
 2  0      0 3801212  72264 2231040    0    0     0   864 23200 39762  2 14 83  1  0
 2  0      0 3800972  72264 2231104    0    0     0     8 23191 39632  3 14 83  0  0
 1  0      0 3800720  72264 2231184    0    0     0    12 23187 39555  2 14 84  0  0
 4  0      0 3800720  72264 2231316    0    0     0    64 23474 39575  3 15 82  0  0
 1  0      0 3800720  72264 2231444    0    0     0   324 23642 39821  2 16 82  0  0
 0  3      0 3800720  72272 2231556    0    0     0  1708 24018 40323  2 15 80  3  0
 0  0      0 3800720  72272 2231692    0    0     0    20 24673 41613  2 16 82  1  0
 0  0      0 3800244  72272 2231816    0    0     0     4 23059 39192  2 15 83  0  0
 1  0      0 3800244  72272 2231936    0    0     0    16 23906 39844  2 14 84  0  0
 1  0      0 3800244  72272 2232048    0    0     0    96 23740 39645  2 14 84  0  0
 0  0      0 3800020  72276 2232116    0    0     0   884 23374 39666  2 15 83  0  0
 1  0      0 3802232  72276 2232212    0    0     0   792 23781 40302  2 14 84  0  0
 1  0      0 3801980  72276 2232300    0    0     0   380 23256 39492  2 14 84  0  0
 2  0      0 3801980  72276 2232384    0    0     0    12 22983 39336  2 15 83  0  0
 0  0      0 3801980  72276 2232484    0    0     0    48 23757 39344  2 15 83  0  0
 0  0      0 3801980  72284 2232608    0    0     0   604 23496 39727  2 15 82  1  0
 1  0      0 3801980  72284 2232748    0    0     0   492 24700 41189  2 16 83  0  0
procs -----------memory---------- ---swap-- -----io---- -system-- ------cpu-----
 r  b   swpd   free   buff  cache   si   so    bi    bo   in   cs us sy id wa st
 2  0      0 3801980  72284 2232860    0    0     0    92 23075 39401  2 16 83  0  0
 1  0      0 3801980  72284 2232980    0    0     0   148 22776 39012  2 15 83  0  0
 1  0      0 3801732  72284 2233104    0    0     0    16 23607 39812  2 15 83  0  0
 0  0      0 3801480  72288 2233212    0    0     0   556 23417 39325  2 15 83  1  0
 1  0      0 3801228  72288 2233308    0    0     0   876 24958 41800  3 16 81  1  0
 0  0      0 3800724  72288 2233392    0    0     0   448 23943 40303  2 14 84  0  0
 2  0      0 3800724  72288 2233484    0    0     0    56 23208 39622  3 15 83  0  0
 4  0      0 3796652  72288 2233544    0    0     0   148 22943 39013  4 16 81  0  0
