procs -----------memory---------- ---swap-- -----io---- -system-- ------cpu-----
 r  b   swpd   free   buff  cache   si   so    bi    bo   in   cs us sy id wa st
 2  0      0 4012212 157668 2024224    0    0     7     3    2    0  1  2 97  0  0
 0  0      0 4008992 157668 2024184    0    0     0     0 6254 10310 14 10 77  0  0
 0  0      0 4009116 157668 2024188    0    0     0     0 2120 2932  3  3 95  0  0
 0  0      0 4008876 157668 2024200    0    0     0     0 1513 1924  1  1 97  0  0
 0  0      0 4008636 157668 2024200    0    0     0   184 1668 2156  1  2 98  0  0
 1  0      0 4008812 157668 2024208    0    0     0    12 2685 4115  2  2 96  0  0
 0  0      0 4008892 157668 2024212    0    0     0    40 2354 3420  2  2 96  0  0
 0  0      0 4008892 157668 2024220    0    0     0     0 1306 1668  1  1 98  0  0
 0  0      0 4008892 157668 2024220    0    0     0     0 1608 2162  2  1 97  0  0
 0  0      0 4008892 157668 2024240    0    0     0    88 1987 2803  1  2 97  0  0
 0  0      0 4008640 157668 2024240    0    0     0     0 1871 2537  3  2 95  0  0
 0  0      0 4008640 157668 2024248    0    0     0    40 1965 2668  1  2 97  0  0
 0  0      0 4008388 157668 2024256    0    0     0    20 2207 2745  3  4 93  0  0
 0  0      0 4008164 157668 2024256    0    0     0     0 2142 3101  1  2 97  0  0
 0  0      0 4008164 157668 2024268    0    0     0   144 1892 2545  1  2 97  0  0
 0  0      0 4007844 157668 2024272    0    0     0     0 3189 4766  2  3 95  0  0
 1  0      0 4007932 157668 2024284    0    0     0     8 1891 2476  1  2 97  0  0
 0  0      0 4007680 157668 2024284    0    0     0    32 2351 3256  1  2 96  0  0
 0  0      0 4007852 157668 2024288    0    0     0    20 1731 2435  1  2 98  0  0
 0  0      0 4007932 157668 2024296    0    0     0    68 2569 3834  1  2 97  0  0
 0  0      0 4007852 157668 2024300    0    0     0     0 1988 2721  1  2 97  0  0
procs -----------memory---------- ---swap-- -----io---- -system-- ------cpu-----
 r  b   swpd   free   buff  cache   si   so    bi    bo   in   cs us sy id wa st
 0  0      0 4007932 157668 2024304    0    0     0     0 2211 3205  1  1 98  0  0
 0  0      0 4007388 157668 2024312    0    0     0     4 2319 3241  2  4 94  0  0
 0  0      0 4007476 157668 2024312    0    0     0    44 1653 2054  1  2 98  0  0
 2  0      0 4007476 157668 2024320    0    0     0   136 1871 2447  3  2 95  0  0
 0  0      0 4007224 157668 2024324    0    0     0     8 3747 5981  3  3 94  0  0
 0  0      0 4007224 157668 2024340    0    0     0     0 1807 2354  1  2 97  0  0
 1  0      0 4006972 157668 2024344    0    0     0     8 2106 2837  1  2 96  0  0
 0  0      0 4006972 157668 2024352    0    0     0    12 1603 2064  1  2 97  0  0
 0  0      0 4009088 157668 2024360    0    0     0   104 2833 4260  2  2 95  0  0
 0  0      0 4009088 157668 2024368    0    0     0     4 1917 2560  1  2 97  0  0
 0  0      0 4008864 157668 2024368    0    0     0     0 2000 2693  2  2 97  0  0
 0  0      0 4008568 157668 2024376    0    0     0     0 2237 3029  2  3 95  0  0
 0  0      0 4008676 157668 2024376    0    0     0     4 2300 3307  1  2 97  0  0
 0  0      0 4008676 157668 2024392    0    0     0   160 1707 2223  1  2 97  1  0
 0  0      0 4008676 157668 2024396    0    0     0    12 3018 4603  2  3 96  0  0
 0  0      0 4008676 157668 2024400    0    0     0     4 2297 3243  1  2 97  0  0
 0  0      0 4008424 157668 2024400    0    0     0     0 2199 3112  1  2 96  0  0
 0  0      0 4008396 157668 2024412    0    0     0     8 1760 2377  1  1 98  0  0
 1  0      0 4008216 157668 2024416    0    0     0   108 2179 3223  3  2 95  0  0
 0  0      0 4008216 157668 2024416    0    0     0    12 1870 2462  1  2 97  0  0
 0  0      0 4008216 157668 2024432    0    0     0     8 1645 2128  2  2 97  0  0
procs -----------memory---------- ---swap-- -----io---- -system-- ------cpu-----
 r  b   swpd   free   buff  cache   si   so    bi    bo   in   cs us sy id wa st
 0  0      0 4008216 157668 2024432    0    0     0     4 2628 3764  3  3 93  0  0
 0  0      0 4008216 157668 2024444    0    0     0     8 1752 2383  1  2 98  0  0
 0  0      0 4008216 157668 2024444    0    0     0   180 1891 2617  1  2 97  0  0
 0  0      0 4008216 157668 2024456    0    0     0    16 2952 4501  1  3 96  0  0
 1  0      0 4007992 157668 2024464    0    0     0     0 2036 2877  2  2 97  0  0
 0  0      0 4007992 157668 2024468    0    0     0     8 1925 2505  1  2 97  0  0
 0  0      0 4007992 157668 2024468    0    0     0     8 1804 2466  1  2 98  0  0
 0  0      0 4008252 157668 2024480    0    0     0   108 2214 3288  1  2 97  0  0
 0  0      0 4008048 157668 2024484    0    0     0    20 1885 2567  1  2 97  0  0
 0  0      0 4008048 157672 2024516    0    0     0   188 3592 5583  3  3 93  0  0
 2  1      0 4008788 157672 2024564    0    0     0   704 7581 12387 10 12 76  2  0
 1  0      0 4002064 157672 2026228    0    0     0   876 7000 11252 11 11 77  1  0
 1  0      0 3886128 157672 2026236    0    0     0   508 2697 3235 15  4 81  1  0
 1  0      0 3810600 157672 2026300    0    0     0    40 3272 4713 17  4 79  0  0
 1  0      0 3802324 157672 2026536    0    0     0     4 1921 2364 16  3 81  0  0
 1  0      0 3790240 157672 2026784    0    0     0     0 2010 2357 17  2 81  0  0
 1  0      0 3777656 157672 2026896    0    0     0   128 1685 2101 16  3 81  0  0
 1  0      0 3759272 157672 2026936    0    0     0     8 2375 3214 17  2 81  0  0
 1  0      0 3754496 157672 2027144    0    0     0    40 1900 2296 16  2 82  0  0
 1  0      0 3742652 157672 2027228    0    0     0    44 1909 2341 17  2 81  0  0
 1  0      0 3733368 157672 2027276    0    0     0     0 2482 2761 17  3 80  0  0
procs -----------memory---------- ---swap-- -----io---- -system-- ------cpu-----
 r  b   swpd   free   buff  cache   si   so    bi    bo   in   cs us sy id wa st
 2  0      0 3728832 157672 2027556    0    0     0   184 2100 2183 17  2 82  0  0
 1  0      0 3715728 157672 2027672    0    0     0   200 2125 2379 17  2 81  0  0
 1  0      0 3714732 157672 2027748    0    0     0    68 3052 4430 18  3 79  0  0
 1  0      0 3700052 157672 2027856    0    0     0    16 1941 2465 17  2 81  0  0
 1  0      0 3695276 157672 2027972    0    0     0     0 1880 2242 17  2 81  0  0
 1  0      0 3686204 157672 2028092    0    0     0   144 1789 2163 17  2 81  0  0
 1  0      0 3683180 157672 2028196    0    0     0     0 2170 2836 17  2 81  0  0
 1  0      0 3676136 157672 2028272    0    0     0    20 1919 2350 17  2 81  0  0
 1  0      0 3534624 157672 2042000    0    0     0    36 6173 6883 10  9 79  2  0
 1  0      0 3254080 157672 2043988    0    0     0    24 3618 4137 12  7 81  0  0
 0  0      0 3233736 157672 2048260    0    0     0   332 4014 4557 11  4 85  1  0
 2  0      0 3215652 157672 2052440    0    0     0     0 3760 4190 11  3 85  1  0
 1  0      0 3202308 157672 2055692    0    0     0  5704 4785 6128 12  5 83  0  0
 1  0      0 3194136 157672 2058080    0    0     0     8 3135 3616 12  3 84  0  0
 1  0      0 3179764 157672 2061916    0    0     0    32 3902 4474 11  4 84  0  0
 1  0      0 3165848 157672 2064848    0    0     0   136 3565 4121 12  3 85  1  0
 0  0      0 3155504 157672 2067168    0    0     0     0 3673 4604 14  4 82  0  0
 0  0      0 3142620 157672 2070992    0    0     0    24 3824 4487 12  4 84  1  0
 1  0      0 3220096 157672 2072452    0    0     0     0 2460 2942 15  3 82  0  0
 1  0      0 3220096 157672 2072456    0    0     0    28 2364 2738 18  3 79  0  0
 1  0      0 3239968 157672 2072460    0    0     0   248 1952 2149 17  2 80  2  0
procs -----------memory---------- ---swap-- -----io---- -system-- ------cpu-----
 r  b   swpd   free   buff  cache   si   so    bi    bo   in   cs us sy id wa st
 0  0      0 3957540 157672 2072460    0    0     0     4 2030 2429  5  7 88  0  0
 0  0      0 3957288 157672 2072468    0    0     0    20 3352 5135  2  3 95  0  0
 0  0      0 3957288 157672 2072468    0    0     0     0 1814 2312  1  1 97  0  0
 0  0      0 3957048 157672 2072484    0    0     0    12 1819 2259  1  2 97  0  0
 0  0      0 3957048 157672 2072488    0    0     0    76 1625 1996  1  2 97  0  0
 0  0      0 3957048 157672 2072500    0    0     0     8 2095 2986  2  2 96  0  0
 0  0      0 3957048 157672 2072508    0    0     0    32 1913 2525  1  2 97  0  0
 0  0      0 3957048 157672 2072512    0    0     0     0 1601 2070  1  2 98  0  0
 0  0      0 3956252 157672 2072512    0    0     0     8 2511 3373  2  4 93  0  0
 0  0      0 3956352 157672 2072524    0    0     0   224 1706 2179  1  2 97  0  0
 0  0      0 3956352 157672 2072528    0    0     0     0 1565 2073  3  2 96  0  0
 0  0      0 3956100 157672 2072536    0    0     0    12 3393 5321  2  3 96  0  0
 0  0      0 3955848 157672 2072544    0    0     0    24 2069 2870  1  2 97  0  0
 0  0      0 3955360 157672 2072548    0    0     0     0 1570 1868  1  2 97  0  0
 0  0      0 3955360 157672 2072556    0    0     0   100 1647 2179  1  2 98  0  0
 0  0      0 3955360 157672 2072560    0    0     0    12 2006 2726  1  2 97  0  0
 1  0      0 3955108 157672 2072568    0    0     0     0 1793 2255  1  2 97  0  0
 0  0      0 3955108 157672 2072572    0    0     0    28 1679 2205  2  2 97  0  0
 0  0      0 3955112 157672 2072572    0    0     0    12 2462 3407  3  3 94  0  0
 0  0      0 3955296 157672 2072576    0    0     0   104 1593 2004  1  2 97  0  0
 0  0      0 3955392 157672 2072584    0    0     0    12 2715 3917  2  2 96  0  0
procs -----------memory---------- ---swap-- -----io---- -system-- ------cpu-----
 r  b   swpd   free   buff  cache   si   so    bi    bo   in   cs us sy id wa st
 0  0      0 3955392 157672 2072596    0    0     0     0 2832 4268  2  3 96  0  0
