procs -----------memory---------- ---swap-- -----io---- -system-- ------cpu-----
 r  b   swpd   free   buff  cache   si   so    bi    bo   in   cs us sy id wa st
 4  0      0 4242088 167308 1692644    0    0     2     9   15    5  2  1 97  0  0
 1  0      0 4242600 167308 1692564    0    0     0   176 6138 9736 14  9 76  0  0
 0  0      0 4242360 167308 1692568    0    0     0    20 2562 3908  1  2 97  0  0
 0  0      0 4242360 167308 1692572    0    0     0     0 1918 2557  1  2 98  0  0
 0  0      0 4242360 167308 1692572    0    0     0     0 1984 2680  1  3 96  0  0
 0  0      0 4242136 167308 1692580    0    0     0    12 1448 1755  1  1 98  0  0
 0  0      0 4242136 167308 1692588    0    0     0   108 2801 4384  1  2 96  0  0
 0  0      0 4242136 167308 1692596    0    0     0     0 1874 2607  1  1 97  0  0
 1  0      0 4242308 167308 1692600    0    0     0     0 1875 2420  1  3 97  0  0
 0  0      0 4241648 167308 1692604    0    0     0     0 2905 4390  2  3 95  0  0
 0  0      0 4241648 167308 1692612    0    0     0     8 1709 2307  2  2 97  0  0
 0  0      0 4241648 167308 1692624    0    0     0   156 1628 2079  1  1 98  0  0
 1  0      0 4241820 167308 1692628    0    0     0     4 2158 3116  1  2 97  0  0
 0  0      0 4241908 167308 1692628    0    0     0     0 1757 2346  1  2 97  0  0
 0  0      0 4241908 167308 1692636    0    0     0     0 2017 2697  1  3 96  0  0
 0  0      0 4241908 167308 1692648    0    0     0     0 1515 1844  1  2 98  0  0
 1  0      0 4241908 167308 1692652    0    0     0    60 1640 2049  3  1 96  0  0
 0  0      0 4241908 167308 1692664    0    0     0    52 1835 2345  2  2 96  0  0
 0  0      0 4241656 167308 1692668    0    0     0     4 2241 2977  2  3 95  0  0
 2  0      0 4244136 167308 1692688    0    0     0     0 8038 13245 15 13 71  0  0
 0  0      0 4241092 167308 1692700    0    0     0     0 5816 9278 11  9 80  0  0
procs -----------memory---------- ---swap-- -----io---- -system-- ------cpu-----
 r  b   swpd   free   buff  cache   si   so    bi    bo   in   cs us sy id wa st
 1  0      0 4243224 167308 1692696    0    0     0   148 4229 6746  5  5 90  0  0
 0  0      0 4243224 167308 1692708    0    0     0     8 3486 5336  5  3 92  0  0
 1  0      0 4243000 167308 1692712    0    0     0    60 2124 2800  1  2 97  0  0
 0  0      0 4242748 167308 1692716    0    0     0     4 2549 3558  2  3 95  0  0
 0  0      0 4242524 167308 1692728    0    0     0     0 1825 2390  1  2 97  0  0
 1  0      0 4242524 167308 1692732    0    0     0    80 1658 2086  1  1 97  0  0
 0  0      0 4242524 167308 1692744    0    0     0     8 1716 2089  1  2 97  0  0
 1  0      0 4242272 167308 1692748    0    0     0     0 2053 2854  1  2 96  0  0
 1  0      0 4242020 167308 1692752    0    0     0   160 1858 2274  3  3 94  0  0
 0  0      0 4242020 167308 1692760    0    0     0     4 2906 4619  2  2 96  0  0
 0  0      0 4242020 167308 1692764    0    0     0     0 1687 2253  1  2 97  0  0
 0  0      0 4242020 167308 1692768    0    0     0    64 2592 3862  2  2 96  0  0
 1  0      0 4241768 167308 1692780    0    0     0    16 1739 2337  1  2 97  0  0
 0  0      0 4241264 167308 1692784    0    0     0    72 2170 2862  3  3 94  0  0
 0  0      0 4241264 167308 1692788    0    0     0    36 1485 1830  1  2 97  0  0
 1  0      0 4241012 167308 1692796    0    0     0     4 3022 4636  2  3 95  0  0
 0  0      0 4237948 167308 1692812    0    0     0     0 6785 10929 17 11 71  0  0
 2  0      0 4242824 167308 1692828    0    0     0     8 5221 8216 12  8 79  0  0
 3  0      0 4242572 167308 1692836    0    0     0   148 3552 5402  4  5 91  0  0
 0  0      0 4242092 167308 1692844    0    0     0     0 4044 6393  7  5 88  0  0
 0  0      0 4241844 167308 1692852    0    0     0    52 1468 1887  1  2 98  0  0
procs -----------memory---------- ---swap-- -----io---- -system-- ------cpu-----
 r  b   swpd   free   buff  cache   si   so    bi    bo   in   cs us sy id wa st
 0  0      0 4241604 167308 1692856    0    0     0     4 2399 3615  2  2 97  0  0
 0  1      0 4239004 167308 1692916    0    0     0   600 6881 11081  8  8 83  1  0
 1  0      0 4232264 167308 1694792    0    0     0  1220 8570 13956 11 14 74  2  0
 1  0      0 4134296 167308 1695056    0    0     0     0 2767 3424 15  4 81  0  0
 1  0      0 4044404 167308 1695108    0    0     0     0 2020 2592 15  3 82  0  0
 1  0      0 4031324 167308 1695320    0    0     0    48 1812 2258 17  2 81  0  0
 1  0      0 4017224 167308 1695620    0    0     0   616 2191 2786 16  2 82  0  0
 1  0      0 4004876 167308 1695704    0    0     0    68 2249 2816 16  4 81  0  0
 1  0      0 3986240 167308 1695760    0    0     0   156 3014 4463 17  3 80  0  0
 1  0      0 3981716 167308 1695964    0    0     0     4 2535 3688 17  2 81  0  0
 1  0      0 3973040 167308 1696032    0    0     0     0 2460 3372 18  2 80  0  0
 1  0      0 3971036 167308 1696128    0    0     0    36 1869 2125 17  2 81  0  0
 3  1      0 3954384 167308 1696184    0    0     0   176 5760 9608 28 10 61  0  0
 2  0      0 3922868 167308 1696324    0    0     0     8 5448 8786 26  8 66  0  0
 1  0      0 3930944 167308 1696416    0    0     0     0 3211 4841 22  5 74  0  0
 1  0      0 3921516 167308 1696508    0    0     0     0 3198 5503 22  5 73  0  0
 1  0      0 3915496 167308 1696640    0    0     0     0 1978 2330 17  2 81  0  0
 1  0      0 3908888 167308 1696756    0    0     0    68 2066 2400 17  3 81  0  0
 2  0      0 3905984 167308 1696856    0    0     0   700 5721 8765 20  7 72  1  0
 3  0      0 3879588 167308 1698548    0    0     0  1212 8709 14504 24 14 59  2  0
 3  0      0 3706132 167308 1711860    0    0     0    44 9047 11007 28 10 60  2  0
procs -----------memory---------- ---swap-- -----io---- -system-- ------cpu-----
 r  b   swpd   free   buff  cache   si   so    bi    bo   in   cs us sy id wa st
 2  0      0 3299152 167308 1714880    0    0   436     0 3554 3504 26  6 68  0  0
 2  0      0 3274152 167308 1719428    0    0     0    28 4510 5164 28  6 66  1  0
 2  0      0 3243244 167308 1724204    0    0     0   568 4472 4528 27  5 68  0  0
 1  0      0 3212576 167308 1728352    0    0     0     8 5066 6258 27  5 68  1  0
 2  0      0 3183668 167308 1732572    0    0     0   260 4121 4311 27  5 68  1  0
 3  0      0 3161784 167308 1735940    0    0     0     0 3912 4165 27  4 69  1  0
 1  0      0 3133160 167308 1740700    0    0     0    12 4542 5032 26  5 69  0  0
 2  0      0 3113940 167308 1744256    0    0     0    32 4384 5501 29  4 67  0  0
 4  0      0 3102348 167308 1744416    0    0     0    44 4847 8658 46 10 44  0  0
 6  0      0 3089860 167308 1744544    0    0     0   496 5920 10466 45  9 46  0  0
 2  0      0 3166156 167308 1744640    0    0     0     0 2599 3566 36  4 61  0  0
 1  0      0 3871112 167308 1744700    0    0     0    32 4385 7309 24 10 66  0  0
 1  0      0 3858472 167308 1744820    0    0     0    20 1634 1918 17  2 82  0  0
 1  0      0 3854188 167308 1744940    0    0     0     8 1874 2312 17  2 81  0  0
 2  0      0 3818768 167308 1745332    0    0     0  1180 8075 13118 24 10 63  3  0
 2  0      0 3815148 167308 1747580    0    0     0   580 5711 8733 27 10 62  1  0
 2  0      0 3676080 167308 1747792    0    0     0     0 2888 3203 32  5 64  0  0
 2  0      0 3376500 167308 1761692    0    0     0     0 8503 10135 26 12 61  1  0
 1  0      0 3064384 167308 1763204    0    0   720     8 4078 5300 27  6 66  0  0
 2  0      0 3032156 167308 1764888    0    0     0   496 4494 5828 27  4 69  0  0
 1  0      0 2997064 167308 1766500    0    0     0   252 2901 3200 27  3 69  0  0
procs -----------memory---------- ---swap-- -----io---- -system-- ------cpu-----
 r  b   swpd   free   buff  cache   si   so    bi    bo   in   cs us sy id wa st
 2  0      0 2978920 167308 1768296    0    0     0  4844 3567 4178 28  4 68  0  0
 2  0      0 2957104 167308 1770100    0    0     0 13992 3269 3619 26  3 71  0  0
 1  0      0 2935968 167308 1771972    0    0     0     4 3007 3236 26  3 71  0  0
 2  0      0 2917332 167308 1773440    0    0     0     0 2687 2887 27  2 70  0  0
 4  0      0 2886048 167308 1775284    0    0     0  1052 6174 9733 36 10 54  0  0
 4  7      0 2876900 167308 1776632    0    0     0  8344 6376 9797 31  8 54  7  0
 3  0      0 2864564 167308 1776960    0    0    40   640 7817 11967 35  7 48 10  0
 2  0      0 2858276 167308 1777068    0    0     0     0 3657 5317 36  4 59  0  0
 2  0      0 2950268 167308 1777184    0    0     0     0 3015 3695 34  2 64  0  0
 1  0      0 3805536 167308 1777272    0    0     0     0 2251 2455 18 11 71  0  0
 1  0      0 3798760 167308 1777372    0    0     0     0 2400 3055 18  3 79  0  0
 1  0      0 3439252 167308 1790644    0    0     0   260 6718 7732 10 11 78  1  0
 1  0      0 3158256 167308 1795236    0    0     0     0 4491 6020 12  6 82  1  0
 1  0      0 3130088 167308 1799284    0    0     0     0 2417 2881 14  2 85  0  0
 1  0      0 3108580 167308 1804192    0    0     0     0 2964 3324 13  2 85  0  0
 1  0      0 3062732 167308 1809488    0    0     0 10532 3519 4052 11  3 86  0  0
 1  0      0 3030096 167308 1813332    0    0     0   484 4083 5219 12  2 85  0  0
 1  0      0 3002288 167308 1816180    0    0     0    44 2546 2820 13  2 84  0  0
 1  0      0 2962548 167308 1818892    0    0     0    24 3039 4106 16  2 82  0  0
 2  0      0 2905728 167308 1825664    0    0     0     0 3417 4137 14  3 83  0  0
 5  0      0 2826016 167308 1832296    0    0    52   944 8617 13584 23 13 62  3  0
procs -----------memory---------- ---swap-- -----io---- -system-- ------cpu-----
 r  b   swpd   free   buff  cache   si   so    bi    bo   in   cs us sy id wa st
 1  0      0 2706056 167308 1837296    0    0   104     8 5887 9347 22  8 71  0  0
 1  0      0 2583356 167308 1843508    0    0     0     0 6301 9134 23  9 68  1  0
 1  0      0 2524552 167308 1850868    0    0     0    52 4574 6550 19  5 76  0  0
 1  1      0 2416004 167308 1861556    0    0     0     0 3044 3358 13  4 83  1  0
 1  0      0 2313188 167308 1868332    0    0     0   264 3661 4166 13  4 82  1  0
 1  0      0 2194656 167308 1874512    0    0     0   252 4640 6258 15  4 81  0  0
 1  0      0 2069504 167308 1882272    0    0     0     4 4145 5133 14  4 82  0  0
 1  0      0 2008948 167308 1891512    0    0     0     0 3759 4664 15  3 81  0  0
 1  0      0 1817776 167308 1899532    0    0     0    48 3431 3603 14  3 83  0  0
 0  0      0 1761480 167308 1907660    0    0     0   136 3457 3727 16  5 79  0  0
 0  1      0 1682408 167308 1919168    0    0     0     0 2910 2860 14  3 83  0  0
 1  0      0 1571812 167308 1924544    0    0     0     8 2858 2860 12  3 84  0  0
 1  0      0 1445392 167308 1930856    0    0     0     0 2535 2471 14  3 83  0  0
 1  0      0 1331512 167308 1937288    0    0     0     0 2498 2324 14  3 83  0  0
 1  0      0 1234080 167308 1943528    0    0     0   220 3146 3328 14  4 82  0  0
 0  1      0 1120016 167308 1950604    0    0     0    64 4423 5623 14  4 82  0  0
 1  0      0 988184 167308 1956836    0    0     0     0 3030 3373 14  3 83  0  0
 1  0      0 881072 167308 1962420    0    0     0     8 7396 11309 27 11 61  0  0
10  0      0 916648 167308 1969448    0    0     0     0 5748 8665 21  7 72  0  0
 1  0      0 887116 167308 1973404    0    0     0   120 4736 6821 19  6 74  0  0
 0  0      0 884944 167308 1976012    0    0     0    92 3917 5604 19  4 77  0  0
procs -----------memory---------- ---swap-- -----io---- -system-- ------cpu-----
 r  b   swpd   free   buff  cache   si   so    bi    bo   in   cs us sy id wa st
 0  0      0 863092 167308 1979968    0    0     0     0 4246 5746 12  3 85  0  0
 1  0      0 790900 167308 1984632    0    0     0     4 3018 3297 13  2 84  0  0
 8  0      0 691100 167308 1993736    0    0     0   608 5637 7638 16  7 75  2  0
 5  0      0 541828 167308 2005292    0    0     0  1348 10413 16985 22 15 60  3  0
 2  1      0 2447328 167308 2010844    0    0     0 59296 2801 3523 30  6 47 18  0
 2  1      0 2690112 167308 2010912    0    0     0    52 2060 2080 32  5 47 16  0
 2  0      0 2675260 167308 2011124    0    0     0   292 3285 4707 34  3 54  8  0
 2  0      0 2764544 167308 2011368    0    0     0     4 2134 2463 32  3 65  0  0
 1  0      0 3644440 167308 2011556    0    0     0     4 2642 3128 17 10 73  0  0
 1  0      0 3624812 167308 2011664    0    0     0 78160 2479 3353 17  3 72  9  0
 1  0      0 3620304 167308 2011816    0    0     0    56 2353 2887 17  3 81  0  0
 1  0      0 3614016 167308 2011876    0    0     0   460 1998 2571 17  2 81  0  0
 1  0      0 3611496 167308 2012088    0    0     0     8 2064 2563 17  2 81  0  0
 1  0      0 3602196 167308 2012176    0    0     0     0 2232 2808 18  3 80  0  0
 1  0      0 3587328 167308 2012388    0    0     0     0 1874 2330 16  3 81  0  0
 1  0      0 3584568 167308 2012476    0    0     0    20 3456 5395 19  2 79  0  0
 5  0      0 3559560 167308 2012648    0    0     0   576 6359 10887 28 10 62  0  0
 5  0      0 3545700 167308 2012864    0    0     0    48 4688 7553 26  7 67  0  0
 1  0      0 3550848 167308 2013064    0    0     0     0 4124 6279 22  8 71  0  0
 1  0      0 3549116 167308 2013224    0    0     0     0 3452 5237 20  5 75  0  0
 1  0      0 3540044 167308 2013320    0    0     0    12 1662 2139 16  2 82  0  0
procs -----------memory---------- ---swap-- -----io---- -system-- ------cpu-----
 r  b   swpd   free   buff  cache   si   so    bi    bo   in   cs us sy id wa st
 1  0      0 3451484 167308 2013432    0    0     0   100 2481 3450 16  4 81  0  0
 1  0      0 3177432 167308 2014360    0    0     0     0 2457 2923 11  6 84  0  0
 1  0      0 3160840 167308 2016640    0    0     0  1916 3117 3996 12  3 85  0  0
 0  0      0 3144724 167308 2018732    0    0     0     0 2522 3209 11  3 86  0  0
 0  0      0 3130360 167308 2020896    0    0     0    20 2799 3756 11  3 86  0  0
 1  0      0 3117032 167308 2023108    0    0     0   504 4671 7044 13  4 83  0  0
 1  0      0 3100412 167308 2025184    0    0     0     0 2580 3012 11  2 87  0  0
 1  0      0 3086076 167308 2027580    0    0     0     8 3395 4348 11  5 84  0  0
 1  0      0 3115904 167308 2027760    0    0     0    44 2066 2110 17  3 80  0  0
 1  0      0 3115656 167308 2027768    0    0     0     8 2841 3999 18  2 80  0  0
 1  0      0 3139784 167308 2027776    0    0     0   136 2106 2516 18  1 80  0  0
 3  0      0 3863360 167308 2027780    0    0     0     0 1809 2183  1  6 93  0  0
 1  0      0 3847796 167308 2027788    0    0     0     8 2428 3229  3  3 95  0  0
 0  0      0 3856696 167308 2027828    0    0     0     0 6819 11068 14 11 75  0  0
 0  0      0 3862376 167308 2027852    0    0     0  1852 6159 10281 13 10 77  0  0
 1  0      0 3863088 167308 2027860    0    0     0   208 5793 9608  8  6 86  0  0
 0  0      0 3863144 167308 2027864    0    0     0     0 1999 2753  2  2 97  0  0
 0  0      0 3862672 167308 2027872    0    0     0 12100 2472 3389  3  4 93  0  0
 0  0      0 3862448 167308 2027880    0    0     0   480 2997 4352  4  3 93  0  0
 1  0      0 3848320 167308 2028056    0    0     0   964 7678 12517  8 10 79  3  0
 1  0      0 3837684 167308 2031192    0    0     0   628 5981 9676 11 11 77  0  0
procs -----------memory---------- ---swap-- -----io---- -system-- ------cpu-----
 r  b   swpd   free   buff  cache   si   so    bi    bo   in   cs us sy id wa st
 1  0      0 3705648 167308 2031372    0    0     0     0 1887 2269 15  4 81  0  0
 1  0      0 3645508 167308 2031464    0    0     0     0 2002 2618 16  4 81  0  0
 1  1      0 3636488 167308 2031716    0    0     0   864 2328 3115 17  3 80  1  0
 1  0      0 3620560 167308 2032140    0    0     0     4 3617 5454 17  4 80  0  0
 1  0      0 3598144 167308 2032336    0    0     0   112 3459 5383 18  3 78  0  0
 1  0      0 3593100 167308 2032416    0    0     0    44 1716 2234 17  2 81  0  0
 1  0      0 3587344 167308 2032644    0    0     0     4 2370 3036 17  5 79  0  0
 1  0      0 3575008 167308 2032868    0    0     0     0 1853 2206 17  2 82  0  0
 1  0      0 3568960 167308 2033128    0    0     0     8 1766 2125 17  2 81  0  0
 1  0      0 3554104 167308 2033284    0    0     0   144 1728 2124 17  2 81  0  0
 1  0      0 3551348 167308 2033452    0    0     0     0 1538 1919 17  2 82  0  0
 1  0      0 3545552 167308 2033576    0    0     0    40 2218 2853 17  2 81  0  0
 1  0      0 3533936 167308 2033700    0    0     0     0 2013 2671 17  2 81  0  0
 1  0      0 3524296 167308 2033900    0    0     0     4 2020 2605 17  2 81  0  0
 1  0      0 3515236 167308 2034048    0    0     0   256 4121 6513 18  3 78  0  0
 1  0      0 3511216 167308 2034092    0    0     0     0 1883 2468 16  2 81  0  0
 1  0      0 3506084 167308 2034208    0    0     0     0 2205 2664 17  4 79  0  0
 1  0      0 3086444 167308 2034332    0    0     0    48 2584 3241 10  8 82  0  0
 1  0      0 2849672 167308 2036456    0    0     0     0 5660 8441 13  5 82  0  0
 1  0      0 2842628 167308 2041576    0    0     0   176 3298 4521 15  3 82  0  0
 1  0      0 2825868 167308 2043792    0    0     0     0 2306 2727 12  2 86  0  0
procs -----------memory---------- ---swap-- -----io---- -system-- ------cpu-----
 r  b   swpd   free   buff  cache   si   so    bi    bo   in   cs us sy id wa st
 0  0      0 2775184 167308 2048288    0    0     0     0 2785 3436 11  3 86  0  0
 1  0      0 2746556 167308 2051148    0    0     0     0 2411 3007 12  2 86  0  0
 1  0      0 2724880 167308 2052416    0    0     0    40 1999 2447 14  2 84  0  0
 1  0      0 2685560 167308 2054984    0    0     0   208 4182 6614 17  3 79  1  0
 1  0      0 2596676 167308 2060796    0    0     0    36 2399 3064 12  3 85  0  0
 1  0      0 2563468 167308 2065304    0    0     0     0 2630 3236 13  3 84  0  0
 0  0      0 2456412 167308 2068156    0    0     0     0 2277 2910 13  3 84  0  0
 1  0      0 2276060 167308 2071356    0    0     0     0 2257 2878 13  3 84  0  0
 0  0      0 2213796 167308 2078048    0    0     0   156 1884 2342 15  2 83  0  0
 1  0      0 2124740 167308 2084120    0    0     0   144 1952 2437 14  3 84  0  0
 1  0      0 1996404 167308 2089456    0    0     0     0 2730 3205 16  4 81  0  0
 1  0      0 1909760 167308 2094864    0    0     0     0 2253 2609 15  3 82  0  0
 1  0      0 1806068 167308 2101620    0    0     0     0 3520 5440 14  4 82  0  0
 1  0      0 1614416 167308 2106040    0    0     0    96 4606 7440 16  4 80  0  0
 0  0      0 1594000 167308 2113488    0    0     0    52 2020 2454 15  3 82  0  0
 1  0      0 1455200 167308 2119132    0    0     0     0 2848 3269 15  5 80  0  0
 1  0      0 1405812 167308 2126392    0    0     0     0 2507 2807 13  3 84  0  0
 1  0      0 1269312 167308 2130252    0    0     0     0 2278 2560 14  3 83  0  0
 1  0      0 1173840 167308 2135784    0    0     0    76 2333 2719 14  3 83  0  0
 1  0      0 1066000 167308 2140280    0    0     0   120 2342 2609 15  3 82  0  0
 1  0      0 919716 167308 2144420    0    0     0    64 2597 3152 14  4 82  0  0
procs -----------memory---------- ---swap-- -----io---- -system-- ------cpu-----
 r  b   swpd   free   buff  cache   si   so    bi    bo   in   cs us sy id wa st
 0  0      0 804120 167308 2147772    0    0     0     0 1984 2243 14  3 83  0  0
 1  0      0 697832 167308 2152916    0    0     0     0 2755 3156 14  3 83  0  0
 1  0      0 707048 167308 2158104    0    0     0   108 4678 7141 15  3 82  0  0
 1  0      0 674660 167308 2160824    0    0     0     0 2211 2679 12  2 86  0  0
 2  0      0 672000 167308 2164340    0    0     0    12 2819 3519 14  3 83  0  0
 0  0      0 650968 167308 2167308    0    0     0    40 2833 3419 14  2 84  0  0
 1  0      0 563424 167308 2170684    0    0     0     0 3540 4838 14  3 84  0  0
 1  1      0 483140 167308 2175640    0    0     0    84 2580 2896 14  3 83  0  0
 1  0      0 354932 167308 2180792    0    0     0  8008 2729 3317 12  3 85  0  0
 1  0      0 2292396 167308 2187856    0    0     0     0 2327 2853 16  3 82  0  0
 4  0      0 2695664 167308 2187992    0    0     0     8 1870 1888 17  2 81  0  0
 1  0      0 2695664 167308 2187996    0    0     0    40 3027 4033 18  2 81  0  0
 3  0      0 3169020 167308 2188000    0    0     0     0 3186 4564 17  4 80  0  0
 4  0      0 3692024 167308 2188016    0    0     0 15072 3874 5780  6 10 84  0  0
