procs -----------memory---------- ---swap-- -----io---- -system-- ------cpu-----
 r  b   swpd   free   buff  cache   si   so    bi    bo   in   cs us sy id wa st
 3  0      0 1198960 145492 5183208    0    0     8    19    2   25  1  5 93  0  0
 0  0      0 1199144 145492 5183256    0    0     0    12 13434 23159 11 11 78  0  0
 0  0      0 1199144 145492 5183296    0    0     0     0 11140 18120  2  7 92  0  0
 0  0      0 1199144 145492 5183328    0    0     0    52 11281 18079  1  5 94  0  0
 2  0      0 1199144 145496 5183376    0    0     0   436 11520 18198  2  5 93  0  0
 0  0      0 1199144 145496 5183440    0    0     0     8 10773 17435  1  6 93  0  0
 0  0      0 1199144 145496 5183496    0    0     0   820 11557 18958  1  6 93  0  0
 3  0      0 1199144 145496 5183528    0    0     0    16 10921 17744  1  5 94  0  0
 1  0      0 1199144 145496 5183608    0    0     0    16 11288 17724  1  6 93  0  0
 0  0      0 1198640 145496 5183608    0    0     0   424 11557 18665  2  6 91  0  0
 0  0      0 1198640 145496 5183672    0    0     0    28 11036 18153  1  6 93  0  0
 0  0      0 1198640 145496 5183704    0    0     0    60 11088 18028  1  5 94  0  0
 0  0      0 1198640 145496 5183732    0    0     0    80 11338 18495  2  6 92  0  0
 0  0      0 1198388 145496 5183824    0    0     0    16 10979 17790  1  7 92  0  0
 2  1      0 1198388 145496 5183824    0    0     0   548 11018 17638  1  6 92  1  0
 0  0      0 1198388 145496 5183936    0    0     0    76 11352 17928  1  6 86  7  0
 5  0      0 1189748 145496 5183944    0    0     0    60 13541 22738 12 11 77  0  0
 2  0      0 1178840 145496 5184028    0    0     0    28 13905 23474 10 12 78  0  0
 1  0      0 1197672 145496 5184072    0    0     0    92 13342 22190  6  9 85  0  0
 1  0      0 1197680 145496 5184088    0    0     0   216 11674 19312  5  8 86  1  0
 0  0      0 1197680 145496 5184152    0    0     0    60 11396 18447  1  6 93  0  0
procs -----------memory---------- ---swap-- -----io---- -system-- ------cpu-----
 r  b   swpd   free   buff  cache   si   so    bi    bo   in   cs us sy id wa st
 0  0      0 1197852 145496 5184196    0    0     0    76 10955 17616  0  6 94  0  0
 0  0      0 1197680 145496 5184252    0    0     0     0 11362 17869  1  8 91  0  0
 1  0      0 1197428 145496 5184320    0    0     0    24 11669 18433  2  6 92  0  0
 0  1      0 1197428 145504 5184336    0    0     0   468 12380 19781  1  7 89  3  0
 0  0      0 1197428 145504 5184412    0    0     0    32 11460 18294  1  7 88  4  0
 0  0      0 1197428 145504 5184416    0    0     0   120 11625 18792  1  6 93  0  0
 0  0      0 1197428 145504 5184484    0    0     0     8 10984 17734  1  6 94  0  0
 0  1      0 1196432 145504 5184484    0    0     0   252 12184 19936  3  8 84  4  0
 0  1      0 1191696 145504 5184640    0    0     0   624 15594 26468  5 10 71 13  0
 2  1      0 1173036 145512 5185996    0    0     0   760 13845 23671  6 14 75  5  0
 1  0      0 1150192 145520 5186336    0    0     0   780 10446 18028 14  9 75  3  0
 1  0      0 1003572 145520 5186508    0    0     0    24 9118 15817 16  8 76  0  0
 2  0      0 991992 145520 5186868    0    0     0   528 9291 15714 16  7 77  0  0
 2  0      0 958240 145520 5187084    0    0     0    16 12701 21182 24 12 64  0  0
 4  0      0 950880 145520 5187228    0    0     0    80 13551 23770 26 12 62  0  0
 1  0      0 901772 145520 5187504    0    0     0   392 12997 21980 20 11 67  2  0
 1  0      0 847432 145520 5199456    0    0     0   736 16628 25333 18 12 69  1  0
 1  0      0 838120 145520 5199820    0    0     0     0 11300 18492 17  7 76  0  0
 3  0      0 829304 145520 5200000    0    0     0    44 12256 19575 18  8 74  0  0
 2  0      0 820496 145520 5200164    0    0     0     0 11400 18272 17  7 76  0  0
 1  0      0 814196 145520 5200236    0    0     0   980 11327 17812 17  7 68  8  0
procs -----------memory---------- ---swap-- -----io---- -system-- ------cpu-----
 r  b   swpd   free   buff  cache   si   so    bi    bo   in   cs us sy id wa st
 2  0      0 579896 145520 5200588    0    0     0    64 11481 18129 15 10 75  0  0
 0  0      0 564964 145520 5200992    0    0     0    12 10998 18284 18  7 74  0  0
 1  0      0 512508 145520 5207160    0    0     0     8 13174 19913 12  7 79  2  0
 2  0      0 511492 145520 5209760    0    0     0    16 12385 19628 12  8 77  2  0
 1  0      0 509424 145520 5212768    0    0     0   320 12806 20272 12  7 77  4  0
 1  0      0 499476 145520 5216744    0    0     0    84 13322 20633 12  8 78  2  0
 0  1      0 458504 145520 5220812    0    0     0    52 12414 19526 12  8 78  2  0
 1  1      0 481096 145520 5223088    0    0     0    24 13042 20461 11  8 78  2  0
 1  0      0 473832 145520 5223584    0    0     0     0 11804 18843 17  7 76  0  0
 2  0      0 1155800 145520 5223596    0    0     0   484 12614 20616 15 13 69  4  0
 3  0      0 1156500 145520 5223688    0    0     0    68 13332 23947 11 11 78  0  0
 0  0      0 1153144 145520 5223756    0    0     0    44 13438 22619  9 11 80  0  0
 0  0      0 1155672 145520 5223752    0    0     0    28 13544 22480  7 10 83  0  0
 0  0      0 1155672 145520 5223864    0    0     0     0 11315 18276  1  6 93  0  0
 0  0      0 1155424 145520 5223864    0    0     0   208 11576 18806  2  6 91  1  0
 0  0      0 1155424 145520 5223936    0    0     0    44 11089 18094  1  6 93  0  0
 0  0      0 1155424 145520 5223948    0    0     0    52 11345 18080  1  6 93  0  0
 0  0      0 1155200 145520 5223996    0    0     0    36 11341 18505  1  6 93  0  0
 0  0      0 1154948 145520 5224052    0    0     0     4 11765 18969  1  7 92  0  0
 0  0      0 1154948 145520 5224096    0    0     0   432 10644 16713  1  6 86  7  0
 0  0      0 1154696 145520 5224172    0    0     0   124 10769 17131  2  8 90  0  0
procs -----------memory---------- ---swap-- -----io---- -system-- ------cpu-----
 r  b   swpd   free   buff  cache   si   so    bi    bo   in   cs us sy id wa st
 0  0      0 1154444 145520 5224172    0    0     0    36 11634 18567  1  6 92  0  0
 0  0      0 1154444 145520 5224268    0    0     0    76 11735 18425  1  5 94  0  0
 0  0      0 1153944 145520 5224292    0    0     0    12 11398 18168  1  5 94  0  0
 0  0      0 1153692 145520 5224344    0    0     0   548 11772 19178  1  6 92  1  0
 0  0      0 1153692 145520 5224360    0    0     0   296 11624 18233  1  6 93  0  0
 1  0      0 1152488 145520 5224424    0    0     0   592 13258 21934  7 11 82  0  0
 2  0      0 1152696 145520 5224476    0    0     0    64 15262 25890 11 14 75  0  0
 0  0      0 1156800 145520 5224548    0    0     0     4 14367 24400 11 12 78  0  0
 0  0      0 1158868 145524 5224620    0    0     0   704 12789 20753  6  8 83  3  0
 1  0      0 1158868 145524 5224644    0    0     0    96 11704 18659  2  6 92  0  0
 0  0      0 1158616 145524 5224700    0    0     0    16 10930 17884  1  7 93  0  0
 0  0      0 1158616 145524 5224712    0    0     0    40 11095 17814  2  6 92  0  0
 0  0      0 1158616 145524 5224760    0    0     0    48 10857 17431  1  5 94  0  0
 2  0      0 1158616 145524 5224824    0    0     0   236 12096 19383  2  6 91  1  0
 3  0      0 1158364 145524 5224860    0    0     0    68 11551 18321  1  6 93  0  0
 0  0      0 1158112 145524 5224908    0    0     0    20 11401 18262  1  6 92  0  0
 0  0      0 1158112 145524 5224992    0    0     0    64 11503 18583  1  7 92  0  0
 1  0      0 1158112 145524 5225016    0    0     0    44 11641 18662  1  6 93  0  0
 1  0      0 1158112 145524 5225080    0    0     0   392 11410 18035  1  5 92  2  0
 1  0      0 1158112 145524 5225096    0    0     0     8 11062 17812  2  6 92  0  0
 0  0      0 1158112 145524 5225124    0    0     0    12 11404 18122  1  6 93  0  0
procs -----------memory---------- ---swap-- -----io---- -system-- ------cpu-----
 r  b   swpd   free   buff  cache   si   so    bi    bo   in   cs us sy id wa st
 0  0      0 1158112 145524 5225168    0    0     0    40 11830 19074  1  5 94  0  0
 3  0      0 1151208 145524 5225212    0    0     0    44 11627 18773  4  8 88  0  0
 2  0      0 1147684 145528 5225320    0    0     0   224 14652 25240 13 14 71  3  0
 0  0      0 1145368 145528 5225328    0    0     0     0 14166 24092 12 12 76  0  0
 0  0      0 1147620 145528 5225424    0    0     0   104 12240 20509  6  8 86  0  0
 0  0      0 1147620 145528 5225448    0    0     0    44 10988 17837  1  6 93  0  0
 0  0      0 1147620 145528 5225500    0    0     0    40 11582 18708  1  7 92  0  0
 0  0      0 1147620 145528 5225508    0    0     0   480 11336 17829  2  6 61 32  0
 0  0      0 1147620 145528 5225576    0    0     0     0 11593 18394  2  6 92  0  0
 0  0      0 1147372 145528 5225576    0    0     0    56 11518 18491  1  6 93  0  0
 0  0      0 1147436 145528 5225676    0    0     0    12 10816 17633  1  6 93  0  0
 0  0      0 1147184 145528 5225692    0    0     0    56 11003 17916  1  6 93  0  0
 1  0      0 1146936 145528 5225796    0    0     0   220 11690 18895  1  7 91  1  0
 0  0      0 1146936 145528 5225816    0    0     0   372 10937 17692  2  6 93  0  0
 1  0      0 1146936 145528 5225860    0    0     0   244 11350 18176  1  7 92  0  0
 0  0      0 1146936 145528 5225904    0    0     0   536 12381 19928  1  7 92  0  0
 0  0      0 1146936 145528 5225948    0    0     0    36 11345 18550  1  5 93  0  0
 0  0      0 1146936 145528 5226000    0    0     0   656 10913 17725  1  6 90  3  0
 1  0      0 1153068 145528 5226052    0    0     0    40 14260 24750 15 14 71  0  0
 2  0      0 1157360 145528 5226124    0    0     0    52 13705 23427 11 13 76  0  0
 2  0      0 1157360 145528 5226160    0    0     0    16 11086 18872  4  8 89  0  0
procs -----------memory---------- ---swap-- -----io---- -system-- ------cpu-----
 r  b   swpd   free   buff  cache   si   so    bi    bo   in   cs us sy id wa st
 0  0      0 1157360 145528 5226220    0    0     0    12 12191 19920  4  9 88  0  0
 0  0      0 1157112 145528 5226244    0    0     0   240 11531 18952  2  6 92  0  0
 2  0      0 1157112 145528 5226288    0    0     0    56 10724 17400  1  6 93  0  0
 1  0      0 1159020 145528 5226292    0    0     0    88 10881 17699  1  5 94  0  0
 4  0      0 1159020 145528 5226372    0    0     0     0 10730 17726  1  6 93  0  0
 1  0      0 1159020 145528 5226404    0    0     0    36 10553 17710  2  6 93  0  0
 1  0      0 1159020 145528 5226480    0    0     0   500 10602 17223  1  6 82 11  0
 3  0      0 1159020 145528 5226524    0    0     0    32 11429 18342  2  7 91  0  0
 0  0      0 1158768 145528 5226568    0    0     0    92 11456 18063  1  7 92  0  0
 3  1      0 1147780 145532 5226668    0    0     0   612 14643 24002  5 10 80  5  0
 1  0      0 1127760 145532 5226928    0    0     0   804 15267 25581  5 11 72 12  0
 1  0      0 1128428 145540 5228904    0    0     0   776 13557 23200  8 13 74  5  0
 1  0      0 1010564 145540 5229452    0    0     0    32 9379 16371 17  7 76  0  0
 1  0      0 947888 145540 5229640    0    0     0    80 9173 16030 17  7 77  0  0
 2  0      0 934712 145540 5230172    0    0     0   576 9156 15930 19  6 75  0  0
 2  0      0 913980 145540 5230484    0    0     0    16 13363 24874 29 14 57  0  0
 1  0      0 900252 145540 5230624    0    0     0   312 11064 20336 25 11 63  1  0
 2  0      0 823804 145540 5231052    0    0     0    24 11194 19290 18  9 72  0  0
 1  0      0 802636 145540 5231260    0    0     0    84 8708 15353 17  6 77  0  0
 3  0      0 793828 145540 5231588    0    0     0     0 8520 14948 18  5 77  0  0
 1  0      0 785512 145540 5231732    0    0     0    12 8618 15149 17  6 77  0  0
procs -----------memory---------- ---swap-- -----io---- -system-- ------cpu-----
 r  b   swpd   free   buff  cache   si   so    bi    bo   in   cs us sy id wa st
 2  0      0 779224 145544 5232000    0    0     0   304 9280 16234 17  6 76  1  0
 0  0      0 771160 145544 5232208    0    0     0   288 8827 15251 17  5 77  1  0
 1  0      0 518076 145544 5234336    0    0  2004   396 9172 15805 15  7 77  1  0
 0  1      0 502816 145544 5235388    0    0     0   148 10646 17256 13  7 79  1  0
 2  0      0 463148 145544 5237964    0    0     0   612 12049 19405 13  7 78  2  0
 1  0      0 461252 145544 5238996    0    0     0   452 12311 19215 11  8 78  3  0
 1  0      0 459408 145544 5240944    0    0     0    40 12139 19164 12  9 77  2  0
 2  0      0 428304 145544 5243188    0    0     0    24 11258 18055 12  8 79  2  0
 0  0      0 448056 145544 5244352    0    0     0    72 11544 18089 10  8 80  2  0
 1  0      0 439000 145544 5244664    0    0     0    28 9832 16436 17  5 77  1  0
 0  0      0 1134928 145544 5244848    0    0     0   204 10395 17539 11  9 80  0  0
 3  0      0 1134928 145544 5244852    0    0     0   408 11463 18441  1  6 93  0  0
 0  0      0 1134176 145544 5244924    0    0     0    52 11382 18081  1  7 92  0  0
 2  0      0 1121640 145544 5244952    0    0     0    60 11391 18086  2  6 92  0  0
 0  0      0 1122704 145544 5245036    0    0     0    36 14415 25314 14 13 74  0  0
 0  0      0 1111844 145544 5253268    0    0     0   292 14077 23701 10 11 79  0  0
 1  0      0 1111604 145544 5253308    0    0     0     4 12110 20316  5  9 86  0  0
 1  0      0 1111356 145544 5253400    0    0     0    32 10889 17919  1  7 92  0  0
 0  0      0 1111356 145544 5253468    0    0     0    48 11412 18890  1  6 93  0  0
 0  0      0 1111356 145544 5253488    0    0     0    60 11261 18414  1  6 93  0  0
 0  0      0 1111356 145544 5253544    0    0     0   284 12004 19487  1  7 92  0  0
procs -----------memory---------- ---swap-- -----io---- -system-- ------cpu-----
 r  b   swpd   free   buff  cache   si   so    bi    bo   in   cs us sy id wa st
 0  0      0 1111356 145544 5253584    0    0     0   216 11322 18039  1  6 94  0  0
 0  0      0 1111116 145544 5253608    0    0     0    28 11259 18221  1  6 93  0  0
 0  0      0 1111116 145544 5253644    0    0     0    36 11087 18248  2  5 93  0  0
 6  0      0 1111116 145544 5253716    0    0     0    40 11785 19016  1  6 93  0  0
 0  0      0 1111116 145544 5253784    0    0     0   260 11348 18590  2  6 92  0  0
 1  0      0 1111116 145544 5253840    0    0     0     0 10867 17887  1  6 92  0  0
 2  0      0 1111116 145544 5253840    0    0     0    28 10694 17620  1  6 93  0  0
 4  0      0 1111116 145544 5253912    0    0     0    16 10624 17400  1  6 93  0  0
 1  0      0 1111116 145544 5253948    0    0     0    60 10554 17528  1  6 93  0  0
 2  1      0 1111116 145544 5253988    0    0     0   444 11697 19048  1  7 92  0  0
 3  0      0 1115904 145544 5254016    0    0     0     0 12633 20694  6 10 84  0  0
 5  0      0 1112544 145544 5254104    0    0     0     8 13742 23684 10 12 79  0  0
 2  0      0 1109832 145544 5254172    0    0     0   352 14169 24368 11 13 76  0  0
 0  0      0 1114204 145544 5254236    0    0     0   112 12685 20549  5  9 86  0  0
 1  0      0 1113964 145544 5254284    0    0     0   996 11876 18916  2  6 91  0  0
 1  0      0 1113724 145544 5254304    0    0     0   128 11943 19216  2  7 91  0  0
 0  0      0 1113236 145556 5254368    0    0     0   264 11747 18762  1  7 92  0  0
 0  0      0 1113236 145556 5254412    0    0     0    28 11540 18478  4  6 90  0  0
 0  0      0 1113236 145556 5254432    0    0     0    32 11557 18335  1  8 92  0  0
 0  0      0 1113236 145556 5254524    0    0     0   292 12308 19633  1  7 92  0  0
 0  0      0 1113236 145556 5254560    0    0     0    16 11465 18377  1  6 92  0  0
procs -----------memory---------- ---swap-- -----io---- -system-- ------cpu-----
 r  b   swpd   free   buff  cache   si   so    bi    bo   in   cs us sy id wa st
 3  0      0 1113236 145556 5254640    0    0     0   184 11065 17608  1  7 93  0  0
 1  0      0 1113236 145556 5254676    0    0     0    36 11405 18179  1  6 93  0  0
 0  0      0 1113236 145556 5254716    0    0     0    36 11079 17610  1  6 94  0  0
 2  0      0 1113236 145556 5254748    0    0     0    48 12040 19572  2  6 92  0  0
 0  0      0 1113236 145556 5254784    0    0     0    48 11752 18387  1  7 92  0  0
 1  0      0 1113236 145556 5254832    0    0     0   392 11729 18547  1  6 93  1  0
 0  0      0 1113236 145556 5254872    0    0     0    16 12288 19676  1  6 93  0  0
 0  0      0 1105404 145556 5254968    0    0     0    32 14950 25609 14 15 71  0  0
 3  0      0 1114416 145556 5255048    0    0     0    32 14446 24691 11 12 77  0  0
 1  0      0 1116596 145556 5255036    0    0     0    40 12326 20144  5  8 87  0  0
 0  0      0 1116596 145556 5255084    0    0     0   208 12602 20386  4  7 88  0  0
 0  0      0 1116596 145556 5255120    0    0     0    24 11246 18177  1  6 94  0  0
 0  0      0 1116596 145560 5255160    0    0     0    12 10935 17765  1  7 93  0  0
 0  0      0 1116596 145560 5255196    0    0     0    32 11798 18989  2  6 92  0  0
 2  0      0 1116596 145560 5255248    0    0     0    36 11191 18243  1  7 92  0  0
 1  0      0 1116356 145560 5255300    0    0     0   392 11981 18933  2  6 92  0  0
 0  0      0 1116108 145560 5255372    0    0     0     8 11031 17644  1  5 95  0  0
 4  0      0 1116108 145560 5255412    0    0     0    16 11054 17774  1  6 94  0  0
 1  0      0 1115868 145560 5255460    0    0     0    36 11372 18427  1  6 93  0  0
 0  0      0 1115868 145560 5255484    0    0     0    36 11222 18425  1  7 92  0  0
 2  0      0 1115868 145560 5255516    0    0     0   248 11245 18225  1  7 92  0  0
procs -----------memory---------- ---swap-- -----io---- -system-- ------cpu-----
 r  b   swpd   free   buff  cache   si   so    bi    bo   in   cs us sy id wa st
 3  0      0 1115620 145560 5255556    0    0     0   344 11787 19113  2  6 92  0  0
 1  0      0 1115620 145560 5255612    0    0     0     0 11380 18333  2  6 93  0  0
 2  0      0 1115620 145560 5255672    0    0     0    92 11506 18570  2  6 92  0  0
 0  0      0 1115620 145560 5255732    0    0     0   828 11856 19082  2  7 91  0  0
 0  0      0 1115620 145564 5255784    0    0     0   812 11644 18792  1  7 92  1  0
 0  0      0 1115620 145564 5255840    0    0     0    32 11346 18169  1  7 93  0  0
 2  0      0 1115620 145564 5255864    0    0     0     0 11733 18893  1  6 93  0  0
 0  0      0 1115620 145564 5255900    0    0     0     8 11055 17673  1  6 93  0  0
 1  0      0 1115620 145564 5255936    0    0     0    92 12137 19928  1  7 92  0  0
 1  0      0 1115620 145564 5255992    0    0     0   252 11269 18304  2  7 92  0  0
 1  0      0 1115620 145564 5256060    0    0     0    40 11343 17981  0  6 93  0  0
 1  0      0 1115620 145564 5256108    0    0     0    20 11235 17965  1  6 93  0  0
 0  0      0 1115620 145564 5256164    0    0     0     0 11560 18681  1  7 93  0  0
 0  0      0 1115620 145564 5256204    0    0     0    88 11236 18088  1  7 92  0  0
 1  0      0 1115620 145564 5256240    0    0     0   404 12046 19219  1  7 92  1  0
 0  0      0 1115620 145564 5256280    0    0     0    56 12190 19749  1  7 92  0  0
 0  0      0 1115620 145564 5256316    0    0     0    12 11351 18508  1  6 93  0  0
 0  0      0 1115620 145564 5256376    0    0     0     0 11213 18062  1  6 94  0  0
 1  0      0 1115620 145564 5256428    0    0     0    28 12146 19617  2  7 91  0  0
 1  0      0 1115620 145568 5256488    0    0     0   208 11148 17912  1  6 92  0  0
 1  0      0 1115128 145568 5256560    0    0     0    64 11049 17700  1  7 92  0  0
procs -----------memory---------- ---swap-- -----io---- -system-- ------cpu-----
 r  b   swpd   free   buff  cache   si   so    bi    bo   in   cs us sy id wa st
 0  0      0 1115128 145568 5256608    0    0     0    28 11269 17902  1  6 93  0  0
 1  0      0 1115128 145568 5256644    0    0     0     0 11658 18624  1  6 93  0  0
 0  0      0 1115128 145568 5256676    0    0     0     0 11142 17718  1  8 92  0  0
 2  0      0 1115128 145568 5256712    0    0     0   388 11000 17770  1  7 91  0  0
 1  0      0 1115128 145568 5256776    0    0     0    40 11071 17795  1  6 94  0  0
 0  0      0 1115128 145568 5256824    0    0     0    36 11125 17969  1  6 92  0  0
 2  0      0 1115128 145568 5256880    0    0     0    16 11004 17466  1  5 94  0  0
 1  0      0 1115128 145568 5256940    0    0     0     0 11723 19078  2  6 91  0  0
 2  0      0 1115128 145568 5256980    0    0     0   208 11082 17989  1  6 93  0  0
 0  0      0 1114624 145568 5257020    0    0     0    28 11879 19396  1  7 92  0  0
 0  0      0 1114624 145568 5257052    0    0     0   352 11095 17763  1  6 93  0  0
 0  0      0 1114624 145568 5257092    0    0     0    24 11580 18834  2  6 93  0  0
 0  0      0 1114624 145568 5257136    0    0     0   124 11266 18117  3  6 91  0  0
 0  0      0 1114624 145568 5257200    0    0     0   988 11609 18686  1  6 92  1  0
 0  0      0 1114372 145568 5257240    0    0     0   132 10989 17978  1  7 92  0  0
 0  0      0 1114120 145568 5257316    0    0     0    44 11245 18296  1  6 92  0  0
 0  0      0 1114120 145568 5257348    0    0     0    24 11321 17953  1  6 93  0  0
