procs -----------memory---------- ---swap-- -----io---- -system-- ------cpu-----
 r  b   swpd   free   buff  cache   si   so    bi    bo   in   cs us sy id wa st
 4  0      0 3454128 191100 2840820    0    0     7    41    6    6  2 10 87  1  0
 1  0      0 3458336 191100 2840860    0    0     8     0 6002 10222 12  8 79  0  0
 0  0      0 3458084 191108 2840860    0    0     0    80 2397 3442  2  2 96  0  0
 0  0      0 3458084 191108 2840872    0    0     0     0 1387 1706  0  1 98  0  0
 1  0      0 3458084 191108 2840872    0    0     0     0 1583 2225  2  2 97  0  0
 1  0      0 3458084 191108 2840880    0    0     0    12 1519 2075  1  1 98  0  0
 0  0      0 3458084 191108 2840884    0    0     0    28 1708 2360  1  1 98  0  0
 2  0      0 3460344 191112 2840888    0    0     0    76 1824 2407  1  3 96  0  0
 0  0      0 3460092 191112 2840896    0    0     0     0 2442 3851  3  3 94  0  0
 0  0      0 3460092 191112 2840912    0    0     0     0 1605 2160  1  1 98  0  0
 0  0      0 3460092 191112 2840912    0    0     0     0 1745 2418  1  1 98  0  0
 0  0      0 3460092 191112 2840924    0    0     0    16 2206 3263  1  2 97  0  0
 0  0      0 3460092 191116 2840928    0    0     0   128 3013 4383  3  2 95  0  0
 0  0      0 3459840 191116 2841392    0    0   528     0 2103 2759  1  3 96  0  0
 0  0      0 3459840 191116 2841408    0    0     0     0 1669 2259  1  1 98  0  0
 0  0      0 3459840 191116 2841412    0    0     0     0 1580 2052  1  1 98  0  0
 0  0      0 3461672 191120 2841404    0    0   100     4 3786 6142  8  6 86  0  0
 2  0      0 3461424 191132 2841736    0    0   352   140 1402 1953  1  3 96  0  0
 2  0      0 3453808 191244 2845664    0    0  3844   804 10521 17051 10 15 72  3  0
 0  1      0 3400152 191628 2857220    0    0 10928  1488 12702 21811 16 17 61  6  0
 0  2      0 3348244 191796 2907268    0    0 49188     4 5571 8238  4  9 69 18  0
procs -----------memory---------- ---swap-- -----io---- -system-- ------cpu-----
 r  b   swpd   free   buff  cache   si   so    bi    bo   in   cs us sy id wa st
 1  1      0 3293096 191800 2961836    0    0 54068     0 3605 4618  1  6 70 24  0
 1  2      0 3246524 191808 3007960    0    0 44768   596 5280 7166  2  7 63 27  0
 2  0      0 3228236 191868 3023812    0    0 14556  1444 8775 13793 20 12 55 13  0
 0  2      0 3305888 191992 2921412    0    0 20968   252 7076 9697 15  8 61 16  0
 2  0      0 3070300 191992 2944776    0    0 22936     0 6229 7545 13  6 64 17  0
 2  0      0 2936872 191992 2944880    0    0    20     0 2572 3364 32  5 64  0  0
 2  0      0 2920452 191992 2945320    0    0    76    64 1945 1994 31  5 65  0  0
 2  0      0 2902084 192008 2945832    0    0   176  2552 3274 3985 31  5 63  1  0
 2  0      0 2872108 192008 2946388    0    0    16     8 1483 1377 31  3 66  0  0
 2  0      0 2843644 192008 2946564    0    0     0    36 1443 1280 32  3 65  0  0
 2  0      0 2825764 192008 2946608    0    0   120     0 1450 1245 33  2 65  0  0
 2  0      0 2802368 192008 2947128    0    0     0     8 2316 2726 33  3 65  0  0
 2  0      0 2795840 192024 2947560    0    0    76   204 1922 1880 32  3 65  0  0
 2  0      0 2781224 192024 2947840    0    0     0    40 1527 1443 34  2 65  0  0
 2  0      0 2600056 192024 2985652    0    0 12856    24 11221 12617 13 14 63 10  0
 2  0      0 2578940 192044 2986072    0    0   336   324 3861 5289 36  6 58  0  0
 2  0      0 2561776 192048 2986660    0    0     0   960 7827 13823 42 12 44  2  0
 2  0      0 2883764 192124 2988352    0    0     0   592 5580 8812 27 14 59  1  0
 2  0      0 2744432 192124 2988608    0    0     0     0 2004 2198 31  4 65  0  0
 2  0      0 2673948 192124 2988824    0    0     0    16 1738 1770 32  3 65  0  0
 2  0      0 2659860 192124 2989100    0    0    20    40 2264 2840 32  3 65  0  0
procs -----------memory---------- ---swap-- -----io---- -system-- ------cpu-----
 r  b   swpd   free   buff  cache   si   so    bi    bo   in   cs us sy id wa st
 3  0      0 2645508 192128 2989624    0    0    32    16 2676 3429 32  4 64  0  0
 2  0      0 2624340 192136 2989756    0    0     0   580 1906 1870 31  4 65  0  0
 2  0      0 2324148 192148 2992704    0    0  1280   172 2691 2827 26  7 66  0  0
 1  0      0 2299264 192152 2997392    0    0     0    36 3498 3461 26  3 70  0  0
 2  0      0 2271108 192156 3001584    0    0     0     8 3563 3567 27  4 70  0  0
 2  0      0 2250696 192156 3006036    0    0     0    28 3425 3403 27  5 68  0  0
 3  0      0 2211284 192160 3010636    0    0     0   168 4760 5813 26  5 69  1  0
 2  0      0 2024640 192184 3026540    0    0     0   208 8148 8616 19  9 70  2  0
 2  0      0 1991272 192184 3031008    0    0     0    24 3545 3471 27  4 69  1  0
 1  0      0 1972192 192184 3035264    0    0     0     0 3822 4080 27  3 69  0  0
 2  0      0 1961104 192184 3035576    0    0     0     8 2464 3168 34  3 64  0  0
 2  0      0 1956908 192184 3035660    0    0     0    32 1512 1489 33  2 65  0  0
10  0      0 1949924 192224 3032576    0    0    20 14916 6544 10244 37  7 47  9  0
 1  0      0 2742252 192224 3032500    0    0     0    56 3665 5381 26 10 63  0  0
 1  0      0 2733188 192224 3032308    0    0     0    44 2554 3690 17  3 80  0  0
 1  0      0 2486412 192228 3032656    0    0     0     0 1685 1977 15  5 81  0  0
 1  0      0 2271032 192228 3036884    0    0     0     0 3228 4041 15  5 80  0  0
 1  0      0 2256856 192228 3044040    0    0     0     0 2328 2432 14  3 83  0  0
 1  0      0 2205228 192232 3049880    0    0     0   428 2876 3055 13 17 70  1  0
 1  0      0 2168160 192232 3055540    0    0     0     0 2531 2878 13  2 84  0  0
 1  0      0 2138416 192244 3057592    0    0    12  7740 2472 3257 16  2 81  2  0
procs -----------memory---------- ---swap-- -----io---- -system-- ------cpu-----
 r  b   swpd   free   buff  cache   si   so    bi    bo   in   cs us sy id wa st
 0  0      0 2104240 192244 3062344    0    0     0     0 1947 2182 16  4 80  0  0
 1  0      0 1984044 192244 3071648    0    0     0     0 2513 2646 14  3 83  0  0
 1  0      0 1865828 192244 3075864    0    0     0   420 2683 3020 14  2 83  0  0
 1  0      0 1816220 192244 3081756    0    0     0    40 2096 2247 13  3 84  0  0
 1  0      0 1701104 192260 3089060    0    0    16  9016 3030 3453 14  6 77  2  0
 1  0      0 1556220 192260 3097504    0    0     0     0 3447 4395 13  6 81  1  0
 0  0      0 1509260 192260 3105724    0    0     0     0 1893 2010 12  5 83  0  0
 1  0      0 1352180 192260 3111372    0    0     0   224 2576 3044 13  5 82  1  0
 1  0      0 1295984 192260 3118420    0    0     0     0 2901 3683 12  5 83  0  0
 1  0      0 1181456 192260 3127680    0    0     0    40 3770 4755 13  6 80  1  0
 1  0      0 1091780 192260 3133560    0    0     0     0 2096 2355 12  7 81  0  0
 1  0      0 992440 192260 3142896    0    0     0     0 2488 2859 12  6 81  1  0
 1  0      0 916192 192268 3147556    0    0     0   188 1662 1771  9  8 82  0  0
 1  0      0 916592 192268 3159248    0    0     0     0 2267 2550 14  4 82  0  0
 1  0      0 748488 192268 3163896    0    0     0     0 1690 1847 11  7 82  0  0
 1  0      0 605504 192268 3169816    0    0     0    36 3941 5317 13  7 80  0  0
 1  0      0 503200 192268 3175476    0    0     0     0 1765 2048 13  5 82  0  0
 1  0      0 411356 192268 3181160    0    0     0   100 2163 2446 13  5 81  1  0
 0  0      0 296596 192268 3186788    0    0     0     0 2118 2327 13  6 82  0  0
 1  0      0 175744 192268 3191772    0    0     0     0 2878 3659 12  6 81  0  0
 1  0      0 186312 191452 3139792    0    0     0    96 3636 4604 12  8 79  1  0
procs -----------memory---------- ---swap-- -----io---- -system-- ------cpu-----
 r  b   swpd   free   buff  cache   si   so    bi    bo   in   cs us sy id wa st
 1  0      0 220352 191228 3121968    0    0     0    84 2834 3139 13  5 81  1  0
 1  0      0 183112 191240 3126196    0    0     0   152 2729 3136 17  3 79  1  0
 1  0      0 178832 191240 3130192    0    0     0     0 2474 3267 15  2 82  0  0
 1  0      0 167232 191240 3135988    0    0     0     0 3198 3699 15  4 81  0  0
 0  0      0 151824 189412 3080720    0    0     0     0 3180 4124 14  6 80  0  0
 0  4      0 188136 187276 2933860    0    0    40 100216 5679 6562 12  9 64 14  0
 2  0      0 2116584 186296 2883944    0    0    64 17340 4711 5908  8  7 53 33  0
 2  0      0 2304580 186296 2883948    0    0     0     0 1345 1350 16  5 79  0  0
 2  0      0 2303324 186296 2883952    0    0     0     0 1904 2460 18  1 81  0  0
 3  1      0 2313600 186300 2885080    0    0  1124   152 1257 1458 17  1 82  1  0
 1  0      0 3404384 186304 2885420    0    0   348     4 1203 1371  3  8 89  0  0
 4  0      0 3402424 186304 2885424    0    0     0   244 1185 1582  1  2 97  0  0
