procs -----------memory---------- ---swap-- -----io---- -system-- ------cpu-----
 r  b   swpd   free   buff  cache   si   so    bi    bo   in   cs us sy id wa st
 6  0      0 1096048 147944 5308576    0    0     8    19   20   23  2  5 93  0  0
 0  0      0 1093564 147944 5308632    0    0     0     4 18105 32146 15 15 71  0  0
 0  0      0 1093064 147944 5308692    0    0     0    68 15551 25455  1 10 89  0  0
 3  0      0 1093064 147944 5308744    0    0     0    80 15057 24958  1  8 91  0  0
 1  0      0 1093064 147944 5308832    0    0     0   376 14932 24531  1  7 92  1  0
 0  0      0 1093064 147944 5308888    0    0     0   424 14721 24331  1  7 91  0  0
 2  0      0 1093064 147944 5308952    0    0     0   664 15384 25086  1  9 90  0  0
 0  0      0 1093064 147944 5309024    0    0     0    32 14733 24323  1  9 90  0  0
 2  0      0 1093064 147944 5309088    0    0     0   100 14732 24366  1  8 92  0  0
 1  0      0 1093064 147944 5309152    0    0     0   536 14759 24325  1  8 91  0  0
 0  0      0 1093064 147944 5309216    0    0     0   596 16572 26802  1  9 89  1  0
 0  0      0 1093064 147944 5309256    0    0     0    32 14569 24219  1  8 92  0  0
 0  0      0 1093064 147944 5309344    0    0     0   116 14759 24431  1  8 91  0  0
 0  0      0 1093064 147944 5309408    0    0     0    64 14849 24590  1  8 91  0  0
 1  0      0 1093064 147944 5309468    0    0     0   320 14850 24472  1  8 91  0  0
 0  0      0 1093064 147944 5309540    0    0     0    96 15384 25060  1  9 90  0  0
 2  0      0 1087816 147944 5309596    0    0     0     4 16857 28799  9 14 76  0  0
 1  0      0 1093276 147944 5309656    0    0     0    44 17523 30734 11 14 75  0  0
 8  0      0 1096888 147944 5309728    0    0     0   152 16240 27664  8 12 80  0  0
 1  0      0 1096888 147944 5309772    0    0     0   296 15877 26552  7 12 81  0  0
 0  0      0 1096888 147944 5309868    0    0     0   272 15271 25529  1  9 90  0  0
procs -----------memory---------- ---swap-- -----io---- -system-- ------cpu-----
 r  b   swpd   free   buff  cache   si   so    bi    bo   in   cs us sy id wa st
 0  0      0 1096888 147944 5309920    0    0     0    84 15020 24728  1  8 91  0  0
 0  0      0 1096640 147944 5309992    0    0     0    28 14860 24905  1  9 90  0  0
 1  0      0 1096640 147944 5310060    0    0     0    72 15743 25562  1  7 92  0  0
 3  0      0 1096640 147944 5310112    0    0     0   364 15019 24363  1  9 90  0  0
 0  0      0 1096640 147944 5310172    0    0     0    84 15054 24431  1  8 91  0  0
 7  0      0 1096392 147944 5310232    0    0     0   112 14988 24581  1  7 91  0  0
 0  0      0 1096140 147944 5310292    0    0     0    12 15334 25223  1  7 91  0  0
 1  0      0 1096140 147944 5310364    0    0     0    76 15125 24798  2  7 91  0  0
 0  0      0 1096140 147944 5310424    0    0     0   328 14766 24366  1  8 91  0  0
 0  0      0 1096140 147944 5310504    0    0     0   412 15802 26248  1  9 90  0  0
 0  0      0 1096140 147944 5310564    0    0     0   120 15205 25402  1  8 91  0  0
 1  0      0 1096140 147944 5310628    0    0     0    32 15445 25592  2  9 89  0  0
 0  0      0 1096140 147944 5310676    0    0     0    32 15446 25224  2  8 90  0  0
 2  0      0 1091628 147944 5310744    0    0     0   288 17597 30875 14 17 69  0  0
 3  0      0 1095928 147944 5310812    0    0     0    60 17128 29547 10 14 76  0  0
 1  0      0 1095680 147944 5310884    0    0     0   420 16156 27302  5 11 85  0  0
 0  0      0 1095680 147944 5310940    0    0     0   708 15245 25791  3  9 87  0  0
 1  0      0 1095680 147944 5311012    0    0     0    32 14987 24509  1  8 90  0  0
 0  0      0 1095680 147944 5311088    0    0     0   872 15469 25083  1  9 89  0  0
 0  0      0 1095680 147944 5311148    0    0     0    36 15800 25878  2  8 90  0  0
 0  0      0 1095680 147944 5311196    0    0     0   164 14554 24279  1  8 92  0  0
procs -----------memory---------- ---swap-- -----io---- -system-- ------cpu-----
 r  b   swpd   free   buff  cache   si   so    bi    bo   in   cs us sy id wa st
 2  0      0 1095680 147944 5311264    0    0     0    52 15074 24941  1  8 91  0  0
 0  0      0 1095680 147944 5311328    0    0     0    36 15252 24892  1  8 91  0  0
 0  0      0 1095680 147944 5311392    0    0     0   292 15091 24796  1  9 90  0  0
 0  0      0 1095680 147944 5311468    0    0     0    36 14748 24274  1  8 91  0  0
 0  0      0 1095680 147944 5311528    0    0     0   152 16040 26755  1  9 90  0  0
 0  0      0 1095680 147944 5311596    0    0     0    60 14937 24744  1  9 90  0  0
 1  0      0 1095680 147944 5311656    0    0     0    40 15116 24649  3  8 89  0  0
 0  0      0 1095680 147948 5311728    0    0     0   552 15338 24865  1  9 90  0  0
 0  0      0 1094420 147948 5311780    0    0     0    32 15523 25704  2  9 90  0  0
 1  0      0 1086376 147948 5311860    0    0     0   104 17901 30879 13 16 70  0  0
 0  0      0 1087748 147948 5311928    0    0     0    84 17433 29900 10 14 75  0  0
 0  0      0 1087748 147948 5311980    0    0     0    40 15900 27061  6 10 84  0  0
 1  0      0 1087748 147948 5312060    0    0     0   292 14291 23758  1  8 91  0  0
 0  0      0 1087748 147948 5312128    0    0     0    32 14782 24369  1  8 91  0  0
 0  0      0 1087748 147948 5312184    0    0     0    96 15330 25165  1  7 92  0  0
 1  0      0 1087496 147948 5312248    0    0     0    92 15175 24862  1  9 89  0  0
 4  0      0 1087496 147948 5312308    0    0     0    40 14898 24597  2  9 90  0  0
 0  0      0 1087496 147948 5312364    0    0     0   648 15070 24788  1  9 90  1  0
 0  0      0 1087248 147948 5312412    0    0     0    64 16376 26558  1  9 90  0  0
 0  0      0 1086744 147948 5312508    0    0     0    92 15530 25520  1 10 89  0  0
 3  0      0 1086744 147948 5312576    0    0     0    36 15259 24820  1  8 91  0  0
procs -----------memory---------- ---swap-- -----io---- -system-- ------cpu-----
 r  b   swpd   free   buff  cache   si   so    bi    bo   in   cs us sy id wa st
 2  0      0 1086744 147948 5312636    0    0     0    76 15867 25750  3  9 88  0  0
 1  0      0 1086744 147952 5312692    0    0     0   304 14975 24420  1  7 92  0  0
 0  0      0 1086744 147952 5312764    0    0     0    16 14430 23933  1  8 91  0  0
 1  0      0 1086744 147952 5312820    0    0     0    36 15135 24705  1  8 90  0  0
 2  0      0 1086744 147952 5312880    0    0     0   312 14777 24254  1  7 92  0  0
 2  0      0 1086624 147956 5312936    0    0     0  1108 18518 33041 15 18 67  0  0
 0  0      0 1084868 147956 5313012    0    0     0   864 17388 30516 12 16 71  1  0
 3  0      0 1086316 147956 5313084    0    0     0     8 15717 26851  5 11 84  0  0
 0  0      0 1086404 147956 5313188    0    0     0    36 14728 24421  1  8 91  0  0
 0  0      0 1086404 147956 5313228    0    0     0    92 15372 25147  1  8 90  0  0
 0  0      0 1086404 147956 5313292    0    0     0    36 15304 25388  1  8 91  0  0
 1  0      0 1086404 147960 5313352    0    0     0   336 15004 24544  1  7 91  0  0
 2  0      0 1086404 147960 5313428    0    0     0   252 15062 24437  1  7 92  0  0
 1  0      0 1086404 147960 5313464    0    0     0    16 15458 25530  1  9 90  0  0
 0  0      0 1086404 147960 5313552    0    0     0   136 14878 24457  1  8 91  0  0
 3  0      0 1088588 147960 5313620    0    0     0   160 14965 24953  3  8 89  0  0
 0  0      0 1088664 147964 5313700    0    0     0   340 14779 24195  1  8 90  0  0
 2  0      0 1088664 147964 5313740    0    0     0    60 15030 25156  2  8 90  0  0
 0  0      0 1088664 147964 5313808    0    0     0    20 14908 24310  1  7 91  0  0
 0  0      0 1088664 147964 5313876    0    0     0   124 15553 25400  2  9 90  0  0
 0  0      0 1088412 147964 5313940    0    0     0    52 15322 25501  1  9 90  0  0
procs -----------memory---------- ---swap-- -----io---- -system-- ------cpu-----
 r  b   swpd   free   buff  cache   si   so    bi    bo   in   cs us sy id wa st
 0  0      0 1088412 147964 5313976    0    0     0   312 15241 25048  1  8 91  0  0
 1  0      0 1087244 147964 5314056    0    0     0   328 17328 30229 12 16 71  0  0
 1  0      0 1091616 147964 5314128    0    0     0    44 16836 29474 11 13 77  0  0
 2  0      0 1091616 147964 5314196    0    0     0    68 15704 25854  3  9 88  0  0
 0  0      0 1091364 147964 5314260    0    0     0    28 16438 28158  8 13 79  0  0
 0  0      0 1091364 147964 5314324    0    0     0   280 15052 24342  1  8 90  0  0
 0  0      0 1091364 147964 5314396    0    0     0   108 15750 25828  2  8 90  0  0
 1  0      0 1090868 147964 5314456    0    0     0    60 15676 25632  1  9 90  0  0
 0  0      0 1090868 147964 5314500    0    0     0    32 15198 24839  1  8 91  0  0
 1  0      0 1088904 147964 5314592    0    0     0    36 15053 25044  2  8 90  0  0
 3  0      0 1088904 147964 5314660    0    0     0   460 15295 24728  1  7 91  0  0
 1  0      0 1088904 147964 5314720    0    0     0   248 15516 25233  1  8 89  2  0
 0  0      0 1090972 147964 5314788    0    0     0    48 14826 24472  2  8 90  0  0
 0  0      0 1090972 147964 5314852    0    0     0    20 15023 24914  1  9 91  0  0
 0  0      0 1090720 147964 5314912    0    0     0   212 15505 25437  2  9 89  0  0
 2  0      0 1090720 147964 5314980    0    0     0  1156 14891 24552  1  7 91  0  0
 0  0      0 1090720 147964 5315028    0    0     0    52 15625 25677  1  8 90  0  0
 0  0      0 1090720 147964 5315108    0    0     0    76 14953 24407  1  8 91  0  0
 3  0      0 1086548 147964 5315168    0    0     0    20 17575 29937 11 15 74  0  0
 1  0      0 1106012 147964 5307160    0    0     0     8 17354 29855  8 15 77  0  0
 0  0      0 1103676 147964 5307124    0    0     0   264 16728 28531  6 11 82  0  0
procs -----------memory---------- ---swap-- -----io---- -system-- ------cpu-----
 r  b   swpd   free   buff  cache   si   so    bi    bo   in   cs us sy id wa st
 0  0      0 1103676 147964 5307200    0    0     0   420 16191 26966  7 11 83  0  0
 1  0      0 1103676 147964 5307244    0    0     0    80 15739 25960  1  9 90  0  0
 0  0      0 1103676 147964 5307316    0    0     0    44 15075 24835  1  7 91  0  0
 1  0      0 1103676 147964 5307360    0    0     0    24 14843 24520  2  9 88  0  0
 0  0      0 1103424 147964 5307432    0    0     0   752 14705 24379  1  9 89  0  0
 0  0      0 1103172 147964 5307492    0    0     0    48 16058 26483  2 10 88  0  0
 0  0      0 1103172 147964 5307568    0    0     0    36 14967 24407  1  9 90  0  0
 1  0      0 1102924 147964 5307644    0    0     0    80 15655 25203  1  7 92  0  0
 0  0      0 1102684 147964 5307708    0    0     0    60 15407 25293  4 10 86  0  0
 3  0      0 1093700 147964 5307784    0    0     0   676 16493 27886  4 12 84  1  0
 1  0      0 1074444 147964 5309348    0    0     0  1764 19703 34345  8 18 71  3  0
 1  0      0 984388 147968 5309876    0    0     0   240 16442 27075 17 11 72  0  0
 1  0      0 904060 147968 5310044    0    0     0    52 15196 24982 17  9 74  0  0
 2  0      0 890956 147968 5310308    0    0     0   388 15715 25798 17 10 73  0  0
 3  0      0 853560 147968 5310720    0    0     0    20 14672 24185 18  9 73  0  0
 2  0      0 853364 147968 5310872    0    0     0   500 16511 30529 28 16 56  0  0
 3  1      0 770712 147968 5322012    0    0     0   460 19283 31921 23 16 60  1  0
 1  0      0 736972 147968 5323300    0    0     0    56 15290 26740 23 12 65  0  0
 1  0      0 727664 147968 5323552    0    0     0    96 12574 22680 18  7 75  0  0
 3  0      0 718856 147968 5323704    0    0     0     8 11914 21285 18  6 76  0  0
 1  0      0 712316 147968 5323872    0    0     0    52 15090 24581 17  9 74  0  0
procs -----------memory---------- ---swap-- -----io---- -system-- ------cpu-----
 r  b   swpd   free   buff  cache   si   so    bi    bo   in   cs us sy id wa st
 1  0      0 706280 147968 5324076    0    0     0   820 15967 26029 18  8 72  2  0
 1  0      0 484524 147968 5342388    0    0 18124    60 14994 24615 12 10 74  4  0
 8  0      0 418880 147968 5342684    0    0     0    56 15232 24961 16 11 72  0  0
 2  1      0 401380 147968 5345636    0    0     0   220 16645 26694 13 10 75  2  0
 1  0      0 354660 147968 5350592    0    0     0   664 17891 28861 13 10 75  2  0
 0  0      0 353280 147972 5353112    0    0     0   540 16275 26237 11 10 77  2  0
 2  1      0 350004 147972 5356908    0    0     0    56 16618 26688 11  9 78  2  0
 4  0      0 366552 147968 5328780    0    0    28    76 17720 28431 12 11 75  2  0
 1  0      0 356716 147968 5331712    0    0    84    64 16810 26994 12  9 77  2  0
 1  0      0 385224 147968 5333172    0    0     0     8 14305 24192 14  7 77  1  0
 2  0      0 512192 147980 5334604    0    0  1532   788 14459 26212 25 13 61  2  0
 4  0      0 1077920 147980 5334888    0    0    60    64 16671 29363  9 16 75  0  0
 0  0      0 1074676 147980 5334960    0    0     0    88 16342 28301 10 14 76  0  0
 0  0      0 1076760 147980 5335028    0    0     0   476 16360 27401  6 12 83  0  0
 2  0      0 1076512 147980 5335076    0    0     0    44 15986 26180  1  9 90  0  0
 1  0      0 1076512 147980 5335156    0    0     0   304 15007 24340  1  7 92  0  0
 0  0      0 1076512 147980 5335216    0    0     0    64 14717 24502  1  8 91  0  0
 0  0      0 1076272 147980 5335304    0    0     0    48 15260 25188  1  9 90  0  0
 1  0      0 1076272 147980 5335372    0    0     0    96 15239 25112  1  8 91  0  0
 1  0      0 1076272 147980 5335428    0    0     0    48 15064 24640  1  8 91  0  0
 2  0      0 1076272 147980 5335492    0    0     0   556 14920 24419  1  7 92  1  0
procs -----------memory---------- ---swap-- -----io---- -system-- ------cpu-----
 r  b   swpd   free   buff  cache   si   so    bi    bo   in   cs us sy id wa st
 1  0      0 1076272 147980 5335528    0    0     0    36 14466 23818  2  7 91  0  0
 0  0      0 1076272 147980 5335604    0    0     0   288 15293 25140  2 10 88  0  0
 0  0      0 1076272 147980 5335684    0    0     0   212 15344 24774  1  9 91  0  0
 0  0      0 1069464 147980 5335748    0    0     0    28 19032 33005 14 16 70  0  0
 1  0      0 1066464 147980 5335820    0    0     0   288 17127 29710 11 14 75  0  0
 1  0      0 1068472 147980 5335876    0    0     0    16 15797 26356  4  9 87  0  0
 0  0      0 1068472 147980 5335940    0    0     0    84 15909 26352  3  9 88  0  0
 7  0      0 1068472 147980 5336004    0    0     0    80 14688 24264  2  8 91  0  0
 0  0      0 1068472 147980 5336060    0    0     0   152 14591 24006  1  8 92  0  0
 2  0      0 1068472 147980 5336104    0    0     0   588 15155 25036  1  9 89  1  0
 1  0      0 1068472 147980 5336188    0    0     0    28 14630 24256  1  8 91  0  0
 1  0      0 1068472 147980 5336248    0    0     0    48 15540 25110  1 10 89  0  0
 0  0      0 1068472 147980 5336332    0    0     0    68 14949 24499  1  8 91  0  0
 1  0      0 1068224 147980 5336404    0    0     0   336 16012 26286  2  8 90  0  0
 0  0      0 1068224 147980 5336436    0    0     0   984 14694 24446  1  8 91  0  0
 5  0      0 1068224 147980 5336508    0    0     0    12 15067 24630  1  8 91  0  0
 2  0      0 1068000 147980 5336572    0    0     0    16 15512 25430  1  9 90  0  0
 1  0      0 1062964 147980 5336632    0    0     0    60 17914 30985 14 16 69  0  0
 2  0      0 1070440 147980 5336704    0    0     0    56 16894 28882 10 15 75  0  0
 4  0      0 1070192 147984 5336760    0    0     0   812 16636 28041  5 11 83  0  0
 1  0      0 1072452 147984 5336840    0    0     0    44 14621 24346  2  8 90  0  0
procs -----------memory---------- ---swap-- -----io---- -system-- ------cpu-----
 r  b   swpd   free   buff  cache   si   so    bi    bo   in   cs us sy id wa st
 0  0      0 1072452 147984 5336904    0    0     0     8 15253 25384  1  9 90  0  0
 0  0      0 1072204 147984 5336960    0    0     0    40 15184 24758  1  8 91  0  0
 1  0      0 1072204 147984 5337032    0    0     0    64 16254 26650  2  9 89  0  0
 1  0      0 1072204 147988 5337096    0    0     0   308 14501 24071  2  9 89  1  0
 1  0      0 1072204 147988 5337152    0    0     0    24 14436 24099  1  8 91  0  0
 0  0      0 1071964 147988 5337212    0    0     0    20 15146 25470  2  8 90  0  0
 1  0      0 1071964 147988 5337296    0    0     0    44 15119 25091  2  9 89  0  0
 0  0      0 1071964 147988 5337356    0    0     0    48 15019 24957  1  8 91  0  0
 2  0      0 1071964 147992 5337444    0    0     0   548 15307 25127  1  9 89  2  0
 0  0      0 1071964 147992 5337480    0    0     0    36 15222 24956  1  8 91  0  0
 2  0      0 1071724 147992 5337548    0    0     0    20 15758 25861  2 10 87  0  0
 1  0      0 1071724 147996 5337648    0    0     0   356 15363 24990  1  9 90  0  0
 2  0      0 1071724 147996 5337704    0    0     0    32 15860 26195  2  8 90  0  0
 0  0      0 1071724 147996 5337744    0    0     0   328 15089 24885  1  9 90  0  0
 1  0      0 1071724 147996 5337820    0    0     0    52 14525 24325  1  8 91  0  0
 0  0      0 1071484 147996 5337928    0    0     0     8 15426 25428  2  8 90  0  0
 0  0      0 1071484 147996 5338000    0    0     0    68 14923 24419  2  8 90  0  0
 0  0      0 1071244 147996 5338048    0    0     0    48 15378 24924  2  7 91  0  0
 1  0      0 1071244 147996 5338140    0    0     0   544 15667 25311  1  8 90  1  0
 0  0      0 1071244 147996 5338200    0    0     0    64 15074 24504  1  8 91  0  0
 0  0      0 1071004 147996 5338296    0    0     0    84 15207 24901  2 10 89  0  0
procs -----------memory---------- ---swap-- -----io---- -system-- ------cpu-----
 r  b   swpd   free   buff  cache   si   so    bi    bo   in   cs us sy id wa st
 0  0      0 1071004 147996 5338344    0    0     0    28 14616 24117  1  8 91  0  0
 0  0      0 1071004 147996 5338404    0    0     0    12 15800 26213  2  9 89  0  0
 1  0      0 1071004 147996 5338492    0    0     0   864 15315 24743  1  7 92  0  0
 0  0      0 1071004 147996 5338564    0    0     0   748 15125 24880  1  8 91  0  0
 0  0      0 1070752 147996 5338616    0    0     0    36 15917 26367  2  9 89  0  0
 1  0      0 1070752 147996 5338672    0    0     0    52 15441 25445  2  8 91  0  0
 0  0      0 1070752 147996 5338736    0    0     0    48 15248 24887  1  8 91  0  0
 0  0      0 1066668 147996 5338808    0    0     0   860 16253 26849  1 10 89  0  0
 0  0      0 1066668 147996 5338852    0    0     0    72 15145 25006  1  9 90  0  0
 0  0      0 1066668 147996 5338932    0    0     0    40 14997 24911  2  9 90  0  0
 2  0      0 1066668 147996 5338996    0    0     0    56 14648 24441  1  8 91  0  0
 0  0      0 1066668 147996 5339064    0    0     0    24 15598 25724  1  8 91  0  0
 1  0      0 1066668 147996 5339124    0    0     0   232 14612 24354  1  8 91  0  0
 1  0      0 1066668 147996 5339180    0    0     0    48 15120 24732  1  7 92  0  0
 0  0      0 1066668 147996 5339252    0    0     0    68 15273 25259  2  8 90  0  0
 2  0      0 1066668 147996 5339316    0    0     0    52 15222 24587  1  8 91  0  0
 0  0      0 1066668 147996 5339360    0    0     0    40 15284 25114  1  8 91  0  0
 2  0      0 1066668 147996 5339428    0    0     0   496 14622 24204  1  7 91  0  0
 0  0      0 1066668 147996 5339488    0    0     0    40 14725 24236  1  7 93  0  0
 1  0      0 1066668 147996 5339588    0    0     0    52 15336 25016  2  8 91  0  0
 1  0      0 1066668 147996 5339656    0    0     0    72 14547 23987  1  8 91  0  0
procs -----------memory---------- ---swap-- -----io---- -system-- ------cpu-----
 r  b   swpd   free   buff  cache   si   so    bi    bo   in   cs us sy id wa st
 0  0      0 1066668 147996 5339712    0    0     0   384 15656 26030  1  8 90  0  0
 1  0      0 1066668 147996 5339748    0    0     0   268 14914 24735  2  8 90  0  0
 2  0      0 1061840 147996 5339836    0    0     0    52 15170 25140  4 10 86  0  0
