procs -----------memory---------- ---swap-- -----io---- -system-- ------cpu-----
 r  b   swpd   free   buff  cache   si   so    bi    bo   in   cs us sy id wa st
 3  0      0 4277700 167572 1701720    0    0     2     9   14    4  2  1 97  0  0
 0  0      0 4279036 167572 1701784    0    0    12    92 8052 13528 16 10 74  0  0
 0  0      0 4278788 167572 1701784    0    0     0     0 1572 2099  1  2 97  0  0
 0  0      0 4278788 167572 1701796    0    0     0    20 1972 2652  1  2 98  0  0
 0  0      0 4278788 167572 1701796    0    0     0     8 1968 2658  2  3 95  0  0
 1  0      0 4278788 167572 1701812    0    0     0    12 1273 1481  1  1 98  0  0
 0  0      0 4278788 167572 1701812    0    0     0   184 1969 2533  1  2 97  0  0
 0  0      0 4278788 167572 1701816    0    0     0     0 2701 4124  2  3 96  0  0
 0  0      0 4278788 167572 1701816    0    0     0     0 1802 2371  1  2 97  0  0
 0  0      0 4278564 167572 1701832    0    0     0     0 1467 1793  1  1 98  0  0
 0  0      0 4278564 167572 1701836    0    0     0    16 1938 2728  3  1 96  0  0
 1  0      0 4278564 167572 1701844    0    0     0    56 2079 2843  3  2 95  0  0
 0  0      0 4278564 167572 1701844    0    0     0    28 1625 2190  1  2 98  0  0
 0  0      0 4278312 167572 1701852    0    0     0     0 1806 2320  1  2 97  0  0
 0  0      0 4278312 167572 1701852    0    0     0     0 1844 2424  2  2 96  0  0
 0  0      0 4278312 167572 1701864    0    0     0     0 1459 1780  1  2 98  0  0
 1  0      0 4277556 167572 1701872    0    0     0    52 3121 4783  2  3 96  0  0
 0  0      0 4277556 167572 1701880    0    0     0     8 2637 4003  2  2 96  0  0
 0  0      0 4277556 167572 1701880    0    0     0    32 1845 2266  2  2 96  0  0
 1  0      0 4270292 167572 1701916    0    0   112     0 6801 11159 15 12 73  0  0
 1  0      0 4272000 167572 1701980    0    0     0     0 5178 8371 11  7 81  0  0
procs -----------memory---------- ---swap-- -----io---- -system-- ------cpu-----
 r  b   swpd   free   buff  cache   si   so    bi    bo   in   cs us sy id wa st
 0  0      0 4271244 167572 1701996    0    0     0    64 2886 4280  3  4 94  0  0
 0  0      0 4272020 167572 1701996    0    0     0    20 3646 5507  7  5 88  0  0
 0  0      0 4272020 167572 1701996    0    0     0    20 1645 2149  1  2 97  0  0
 0  0      0 4272020 167572 1701996    0    0     0    44 2121 2843  4  3 93  0  0
 2  0      0 4272020 167572 1702016    0    0     0     0 1819 2369  1  2 97  0  0
 0  0      0 4271768 167572 1702024    0    0     0    80 1999 2688  1  2 97  0  0
 1  0      0 4271768 167572 1702028    0    0     0     8 3073 4928  2  3 96  0  0
 0  0      0 4271516 167572 1702028    0    0     0    16 1908 2526  1  2 97  0  0
 0  0      0 4271516 167572 1702040    0    0     0     8 1475 1781  1  1 98  0  0
 1  0      0 4271268 167572 1702044    0    0     0    36 2511 3805  2  2 96  0  0
 0  0      0 4270764 167572 1702056    0    0     0    80 3172 4845  2  2 95  0  0
 0  0      0 4270764 167572 1702056    0    0     0     0 1699 2253  1  2 97  0  0
 0  0      0 4270764 167572 1702064    0    0     0     4 1994 2703  1  2 97  0  0
 0  0      0 4270764 167572 1702072    0    0     0    24 1754 2140  1  3 96  0  0
 1  0      0 4270764 167572 1702088    0    0     0    36 1453 1809  1  1 98  0  0
 0  0      0 4269076 167572 1702088    0    0     0    80 6881 11275 16 12 72  0  0
 3  0      0 4272296 167572 1702112    0    0     0     0 5894 9452 13 10 77  0  0
 4  0      0 4272996 167572 1702120    0    0     0     8 2552 3632  3  3 94  0  0
 0  0      0 4273064 167572 1702112    0    0     0   124 2907 4263  5  4 91  0  0
 0  0      0 4272336 167572 1702128    0    0     0     8 2233 3300  1  2 97  0  0
 1  1      0 4272596 167572 1702144    0    0     0   132 2179 3079  2  3 96  0  0
procs -----------memory---------- ---swap-- -----io---- -system-- ------cpu-----
 r  b   swpd   free   buff  cache   si   so    bi    bo   in   cs us sy id wa st
 1  0      0 4265148 167572 1702224    0    0     0   708 7474 12040  7 10 82  2  0
 1  0      0 4256520 167572 1703972    0    0     0  1168 7595 12206 10 11 77  2  0
 1  0      0 4156536 167572 1704224    0    0     0     0 2858 3390 15  5 80  0  0
 2  0      0 4067404 167572 1704344    0    0     0     0 2078 1992 16  3 82  0  0
 2  0      0 4055068 167572 1704552    0    0     0     4 3596 4894 17  3 80  0  0
 1  0      0 4040728 167572 1704836    0    0     0    44 3116 3979 18  3 79  0  0
 1  0      0 4028884 167572 1704940    0    0     0    12 2299 2555 17  2 81  0  0
 2  0      0 4009984 167572 1704980    0    0     0   204 1961 1924 16  2 82  0  0
 2  0      0 4005460 167572 1705188    0    0     0     4 2327 2521 17  2 81  0  0
 3  0      0 3992872 167572 1705284    0    0     0    48 2546 2977 17  2 81  0  0
 2  0      0 3984080 167572 1705452    0    0     0     0 2606 3073 17  3 80  0  0
 1  0      0 3983344 167572 1705564    0    0     0    44 6747 11427 32 12 56  0  0
 1  0      0 3967088 167572 1705684    0    0     0   176 5956 10013 30  9 61  0  0
 4  0      0 3966400 167572 1705768    0    0     0    28 3489 4937 22  5 74  0  0
 1  0      0 3953500 167572 1705848    0    0     0     0 2797 3569 18  3 79  0  0
 1  0      0 3948500 167572 1705992    0    0     0     8 3135 4148 17  3 80  0  0
 1  0      0 3939188 167572 1706108    0    0     0     0 2323 2588 17  3 80  0  0
 1  0      0 3937676 167572 1706196    0    0     0   132 2071 2085 16  2 81  0  0
 1  0      0 3928604 167572 1706280    0    0     0     4 2556 3012 17  2 81  0  0
 1  0      0 3820612 167572 1718932    0    0     0     0 7953 9778 14  7 77  1  0
 1  0      0 3540924 167572 1721240    0    0     0     0 3504 3969 11  6 83  0  0
procs -----------memory---------- ---swap-- -----io---- -system-- ------cpu-----
 r  b   swpd   free   buff  cache   si   so    bi    bo   in   cs us sy id wa st
 0  0      0 3523792 167572 1725860    0    0     0    20 4250 4823 11  4 85  0  0
 1  0      0 3505368 167572 1730604    0    0     0   208 4263 4903 11  4 85  1  0
 1  0      0 3491424 167572 1735040    0    0     0    40 3819 4203 11  4 85  1  0
 1  0      0 3474104 167572 1738948    0    0     0  7372 4111 4357 11  4 85  1  0
 4  0      0 3462236 167572 1742700    0    0     0     0 3983 4591 11  4 85  0  0
 1  0      0 3445448 167572 1746996    0    0     0    28 5036 6531 11  5 84  1  0
 1  0      0 3435116 167572 1749748    0    0     0   244 2988 3039 14  3 82  0  0
 1  0      0 3460956 167572 1749772    0    0     0    16 6107 10392 31 10 59  0  0
 1  0      0 3462192 167572 1749776    0    0     0     8 5431 8700 29  7 64  0  0
 2  0      0 4209704 167572 1749776    0    0     0     4 3599 4985 17  7 76  0  0
 0  0      0 4209704 167572 1749792    0    0     0   816 2666 3473  1  3 96  0  0
 0  0      0 4209216 167572 1749796    0    0     0   140 1867 2513  2  3 95  0  0
 0  0      0 4209472 167572 1749816    0    0     0   104 2449 3623  4  2 95  0  0
 5  0      0 4208328 167572 1750024    0    0     0   988 8833 14703  9 10 78  3  0
 2  0      0 4193540 167572 1752212    0    0     0   600 6360 10131 12 10 77  1  0
 1  0      0 4057968 167572 1752364    0    0     0     4 3666 5130 16  4 80  0  0
 2  0      0 4002916 167572 1752528    0    0     0    32 2122 2180 16  3 81  0  0
 1  0      0 3993856 167572 1752748    0    0     0     4 1976 2047 17  2 82  0  0
 1  0      0 3982304 167572 1752928    0    0     0     8 2529 3186 17  2 81  0  0
 2  0      0 3957860 167572 1753060    0    0     0   124 1985 2330 16  4 80  0  0
 1  0      0 3956112 167572 1753068    0    0     0     8 1784 1906 17  2 82  0  0
procs -----------memory---------- ---swap-- -----io---- -system-- ------cpu-----
 r  b   swpd   free   buff  cache   si   so    bi    bo   in   cs us sy id wa st
 2  0      0 3950580 167572 1753308    0    0     0    76 2541 3312 18  3 79  0  0
 1  0      0 3938004 167572 1753492    0    0     0     0 1969 2248 17  2 81  0  0
 1  0      0 3929688 167572 1753620    0    0     0     4 1887 2523 17  2 81  0  0
 3  0      0 3906848 167572 1753760    0    0     0   184 5385 8591 29 10 61  0  0
 4  0      0 3907844 167572 1753860    0    0     0     0 5848 10079 27  9 64  0  0
 1  0      0 3904064 167572 1753964    0    0     0    36 3479 5627 21  5 73  0  0
 1  0      0 3891916 167572 1754048    0    0     0    48 3512 5394 21  5 74  0  0
 1  0      0 3886892 167572 1754184    0    0     0     0 3462 5458 18  3 80  0  0
 1  0      0 3877832 167572 1754300    0    0     0    96 2316 3158 18  2 80  0  0
 2  0      0 3879512 167572 1754432    0    0     0   536 4751 7372 20  7 71  2  0
 2  0      0 3860176 167572 1756688    0    0     0  1088 8542 14250 26 15 58  2  0
 2  0      0 3609292 167572 1770372    0    0     0    44 7479 8034 25 11 63  2  0
 1  0      0 3056792 167572 1773336    0    0     0  1464 3220 3356 26  7 66  0  0
 3  0      0 2991624 167572 1779264    0    0     0     0 3244 3529 30  4 66  0  0
 1  0      0 2962384 167572 1783948    0    0     0    32 4568 6030 29  4 67  0  0
 2  0      0 2877720 167572 1791780    0    0  2232 13432 7501 11412 30  7 59  4  0
 2  0      0 2829828 167572 1795948    0    0    36     0 3857 4338 29  3 68  0  0
 2  0      0 2794100 167572 1799240    0    0     0  5184 3820 4838 29  3 68  0  0
 2  0      0 2741784 167572 1802164    0    0     0     4 2794 3284 31  3 65  0  0
 2  0      0 2649064 167572 1811600    0    0     0     8 3746 4002 28  4 68  1  0
 6  0      0 2594768 167572 1816348    0    0     0   412 4954 9592 41 12 47  0  0
procs -----------memory---------- ---swap-- -----io---- -system-- ------cpu-----
 r  b   swpd   free   buff  cache   si   so    bi    bo   in   cs us sy id wa st
 5  0      0 2504812 167572 1821680    0    0     0  1336 5658 8007 36  8 56  0  0
 1  0      0 2336500 167572 1827116    0    0     0    72 5694 8741 34  9 57  0  0
 2  0      0 2238548 167572 1836424    0    0     0     8 4828 6368 35  6 59  0  0
 2  0      0 2110260 167572 1845432    0    0     0    12 4559 5551 30  5 66  0  0
 2  0      0 1947120 167572 1852124    0    0     0   172 3160 3219 30  4 66  1  0
 1  0      0 1881504 167572 1858420    0    0     0     0 3124 3641 30  3 67  0  0
 2  0      0 1729748 167572 1866264    0    0     0     4 4052 4775 30  4 66  0  0
 1  0      0 1370220 167572 1891588    0    0     0    32 9675 10217 22 12 65  2  0
 2  0      0 1096868 167572 1898656    0    0     0    16 3754 3906 25  4 71  0  0
 1  0      0 1037616 167572 1908668    0    0     0   196 4680 5322 24  7 69  1  0
 2  0      0 944632 167572 1920348    0    0     0     0 4730 5297 24  4 72  0  0
 2  0      0 819764 167572 1928740    0    0     0  6436 4417 4854 25  4 70  0  0
 2  0      0 680508 167572 1936808    0    0     0    32 4705 5214 24  5 71  1  0
 2  0      0 557000 167572 1944620    0    0     0     0 4968 6247 24  5 70  0  0
 1  0      0 453380 167572 1952212    0    0     0   340 4156 4273 25  4 70  1  0
 1  0      0 314052 167572 1960676    0    0     0 61788 4697 5499 24  5 69  2  0
 3 12      0 259784 167380 1953176    0    0  1700   524 9713 13080 30  7 26 36  0
 2  1      0 288828 167220 1949688    0    0   556 43132 4454 4341 29  4 47 20  0
 6  1      0 973288 167220 1953988    0    0     4     0 3713 3881 15  6 66 13  0
 1  0      0 963468 167220 1959224    0    0  1288   580 6987 11349 26 11 57  7  0
 1  0      0 946936 167220 1962996    0    0     0     0 5829 9316 23  9 69  0  0
procs -----------memory---------- ---swap-- -----io---- -system-- ------cpu-----
 r  b   swpd   free   buff  cache   si   so    bi    bo   in   cs us sy id wa st
 2  0      0 856168 167220 1967296    0    0    12    24 4363 5899 16  5 79  0  0
 1  0      0 817652 167220 1974460    0    0    24    16 5715 8218 14  6 80  0  0
 2  0      0 693456 167220 1984708    0    0     0     0 4257 4447 13  4 83  1  0
 1  0      0 2570564 167220 1992080    0    0     0   180 2948 3343 15  6 79  0  0
 2  0      0 2931744 167220 1992240    0    0     0   980 7489 12489 23  9 65  3  0
 2  0      0 2910124 167220 1997472    0    0  3204   580 7085 11467 27 11 60  1  0
 2  0      0 2890380 167220 1998780    0    0   944     8 3064 3577 33  3 64  0  0
 2  0      0 3739044 167220 1998952    0    0     0    12 2246 2432 21  9 70  0  0
 1  0      0 3730996 167220 1999152    0    0     0     0 1961 2365 17  3 81  0  0
 1  0      0 3716900 167220 1999416    0    0     0     4 3371 5024 18  3 79  0  0
 1  0      0 3703556 167220 1999608    0    0     0   152 2285 2843 17  3 80  0  0
 1  0      0 3691084 167220 1999712    0    0     0     8 3489 4807 17  3 80  0  0
 1  0      0 3686084 167220 1999908    0    0     0     4 2108 2095 16  2 82  0  0
 2  0      0 3673244 167220 2000036    0    0     0    20 2109 2120 16  2 82  0  0
 2  0      0 3649956 167220 2000320    0    0     0     0 3289 4186 19  4 78  0  0
 4  0      0 3653712 167220 2000444    0    0     0   232 6902 13002 32 13 56  0  0
 2  0      0 3644800 167220 2000676    0    0     0     0 5462 8449 28  8 64  0  0
 3  0      0 3643072 167220 2000776    0    0     0    32 3869 5524 22  6 72  0  0
 2  0      0 3630420 167220 2000928    0    0     0     0 1812 2179 17  2 81  0  0
 2  0      0 3625404 167220 2001088    0    0     0    12 1990 2447 17  2 81  0  0
 3  0      0 3615264 167220 2001356    0    0    76   108 3078 4328 18  4 77  0  0
procs -----------memory---------- ---swap-- -----io---- -system-- ------cpu-----
 r  b   swpd   free   buff  cache   si   so    bi    bo   in   cs us sy id wa st
 3  0      0 3590156 167220 2001824    0    0     0  1180 9011 15562 26 12 60  2  0
 3  0      0 3569464 167220 2004976    0    0     0   592 5421 8358 28  9 63  0  0
 3  0      0 3247208 167220 2005804    0    0     0     0 3450 4143 27  8 65  0  0
 3  0      0 3015772 167220 2007464    0    0     0     0 5121 7351 27  6 67  0  0
 7  0      0 2992136 167224 2009908    0    0     0    16 3804 4525 27  5 68  0  0
 3  0      0 2963120 167228 2012580    0    0     0 38632 3173 3594 26  4 70  0  0
 3  0      0 2931380 167228 2013828    0    0     0  1040 3437 3905 23  6 51 21  0
 5  0      0 2912396 167232 2016300    0    0     0  7568 3430 3713 28  4 68  0  0
 3  0      0 2891016 167236 2018372    0    0     0  1452 3902 4176 27  4 70  0  0
 3  0      0 2864304 167240 2020944    0    0     0     0 3140 3363 27  3 70  0  0
 5  0      0 2860296 167248 2021780    0    0     0    84 4222 5880 34  4 63  0  0
 3  0      0 2873700 167248 2021956    0    0     0   460 2184 2037 33  2 64  0  0
 3  0      0 2859468 167248 2022048    0    0     0    36 2281 2270 33  2 65  0  0
 2  0      0 3608732 167248 2022168    0    0     0     0 3516 4635 23  6 70  0  0
 4  0      0 3594820 167248 2022296    0    0     0     0 2323 2607 17  2 81  0  0
 2  0      0 3589276 167248 2022440    0    0     0     4 2237 2495 16  3 81  0  0
 3  0      0 3579208 167248 2022628    0    0     0   108 2470 2804 17  3 80  0  0
 2  0      0 3577192 167248 2022816    0    0     0     0 2188 2280 17  2 81  0  0
 2  0      0 3567884 167256 2022884    0    0     0     8 3757 5316 18  3 79  0  0
 3  0      0 3452572 167256 2036756    0    0     0     0 6525 6519 12  8 78  2  0
 2  0      0 3025640 167256 2037880    0    0   752     0 3860 5477 11  7 82  0  0
procs -----------memory---------- ---swap-- -----io---- -system-- ------cpu-----
 r  b   swpd   free   buff  cache   si   so    bi    bo   in   cs us sy id wa st
 1  0      0 3001728 167256 2039640    0    0     0   168 2898 3368 10  3 87  0  0
 1  0      0 2988892 167256 2041340    0    0     0  2344 3022 3481 11  3 86  0  0
 5  0      0 2977552 167256 2042816    0    0     0     8 3372 4638 11  2 87  0  0
 2  0      0 2966968 167256 2044556    0    0     0     0 2672 3271 11  2 87  0  0
 2  0      0 2951608 167256 2046240    0    0     0     0 2842 3348 11  3 86  0  0
 3  0      0 2941024 167256 2047728    0    0     0   232 3040 3561 11  4 85  0  0
 2  0      0 2928704 167256 2049516    0    0     0  6400 3043 3703 11  3 86  0  0
 2  0      0 2884260 167256 2050780    0    0     0    16 2652 3297 12  3 85  0  0
 2  0      0 2884260 167256 2050956    0    0     0     0 2074 2175 17  2 81  0  0
 4  0      0 2885744 167256 2050988    0    0     0     0 3942 5705 19  3 79  0  0
 2  0      0 3846072 167256 2050992    0    0     0   336 2296 2501 10 10 80  0  0
 1  0      0 3845584 167256 2050996    0    0     0     0 1728 2188  1  3 96  0  0
 2  0      0 3845332 167256 2051040    0    0    32     0 5847 9476  3  4 93  0  0
 1  0      0 3845332 167256 2051048    0    0     0    24 4650 7023  2  3 95  0  0
 1  0      0 3845332 167256 2051052    0    0     0     0 2021 2666  1  2 96  0  0
 5  0      0 3845332 167256 2051056    0    0     0   264 2416 3421  3  3 94  0  0
 1  0      0 3845332 167256 2051068    0    0     0    12 1685 2065  1  2 96  0  0
 1  0      0 3845332 167256 2051072    0    0     0     0 1815 2320  2  2 96  0  0
 1  0      0 3845092 167256 2051076    0    0     0     0 1740 2249  0  2 98  0  0
 3  0      0 3845092 167256 2051084    0    0     0    20 2168 2845  1  2 96  0  0
 1  0      0 3844840 167256 2051088    0    0     0    68 3483 5422  4  3 93  0  0
procs -----------memory---------- ---swap-- -----io---- -system-- ------cpu-----
 r  b   swpd   free   buff  cache   si   so    bi    bo   in   cs us sy id wa st
 1  0      0 3844840 167256 2051100    0    0     0   792 2362 2889  1  2 97  0  0
 1  0      0 3844840 167256 2051104    0    0     0     0 2664 4018  2  2 96  0  0
 1  0      0 3844840 167256 2051112    0    0     0     0 2002 2794  1  2 97  0  0
 1  0      0 3844600 167256 2051132    0    0     0     4 2107 2857  1  2 97  0  0
 2  0      0 3844600 167256 2051140    0    0     0    72 2011 2711  1  2 96  0  0
 1  0      0 3844600 167256 2051148    0    0     0     0 1775 2270  2  2 96  0  0
 1  0      0 3844600 167256 2051152    0    0     0    16 3505 5621  2  3 95  0  0
 2  0      0 3844600 167256 2051156    0    0     0     0 1815 2436  1  2 97  0  0
 1  0      0 3844360 167256 2051180    0    0     0     8 2290 3193  3  2 95  0  0
 1  0      0 3844360 167256 2051192    0    0     0    60 3173 4904  2  3 95  0  0
 1  0      0 3844360 167256 2051200    0    0     0  1168 1727 2133  1  2 97  0  0
 1  0      0 3844360 167256 2051204    0    0     0    16 2325 3383  2  2 96  0  0
 1  0      0 3844360 167256 2051212    0    0     0     0 1712 2262  1  1 98  0  0
 1  0      0 3844108 167256 2051220    0    0     0     8 1875 2409  1  2 97  0  0
 4  0      0 3844108 167260 2051224    0    0     0   132 1897 2495  2  3 96  0  0
 1  0      0 3844108 167260 2051232    0    0     0  8052 1668 2072  1  3 96  0  0
 1  0      0 3843884 167260 2051240    0    0     0    12 2138 2877  1  2 97  0  0
 1  0      0 3843884 167260 2051244    0    0     0    12 1944 2649  1  2 97  0  0
 1  0      0 3843884 167260 2051264    0    0     0     0 2332 3112  2  3 95  0  0
 1  0      0 3843884 167260 2051272    0    0     0   344 3659 5735  4  3 93  0  0
 1  0      0 3843884 167260 2051284    0    0     0     0 1822 2363  2  2 95  0  0
procs -----------memory---------- ---swap-- -----io---- -system-- ------cpu-----
 r  b   swpd   free   buff  cache   si   so    bi    bo   in   cs us sy id wa st
 2  0      0 3843884 167260 2051288    0    0     0  1348 4899 8223  3  3 94  0  0
 2  0      0 3843884 167260 2051292    0    0     0    24 2016 2638  1  2 97  0  0
 0  0      0 3843632 167260 2051296    0    0     0     0 2129 2817  1  2 97  0  0
 2  0      0 3843632 167260 2051300    0    0     0   140 2296 3036  2  3 95  0  0
 0  0      0 3843128 167260 2051308    0    0     0   136 2107 2723  3  2 95  0  0
