procs -----------memory---------- ---swap-- -----io---- -system-- ------cpu-----
 r  b   swpd   free   buff  cache   si   so    bi    bo   in   cs us sy id wa st
 8  0      0 3337236  81128 2409176    0    0     6    33    6    9  2  9 89  0  0
 2  0      0 3340496  81128 2409264    0    0     0   348 24736 43085 11 18 71  0  0
 1  0      0 3340568  81128 2409368    0    0     0     0 23235 39599  3 17 81  0  0
 1  0      0 3340340  81128 2409444    0    0     0     0 22967 38913  1 14 85  0  0
 0  0      0 3340188  81128 2409568    0    0     0     0 23323 39873  2 15 83  0  0
 2  0      0 3340188  81128 2409728    0    0     0   944 23297 39250  2 14 81  3  0
 1  0      0 3340188  81128 2409824    0    0     0   700 23696 39816  2 14 84  0  0
 1  0      0 3339604  81128 2409980    0    0     0   116 23648 40003  3 15 82  0  0
 2  0      0 3339684  81128 2410008    0    0     0     0 23081 39069  2 15 83  0  0
 1  0      0 3339684  81128 2410104    0    0     0     0 23190 39233  2 15 83  0  0
 0  0      0 3339444  81136 2410220    0    0     0  1052 23327 39511  1 15 84  0  0
 1  0      0 3339444  81136 2410328    0    0     0   248 23485 39521  2 16 82  0  0
 0  0      0 3338952  81136 2410452    0    0     0   456 23956 40339  3 16 81  0  0
 1  0      0 3338728  81136 2410524    0    0     0     0 23393 39167  2 15 84  0  0
 0  0      0 3338728  81136 2410628    0    0     0     0 24689 41368  2 16 82  0  0
 0  0      0 3338728  81136 2410788    0    0     0   452 23557 39432  2 14 83  1  0
 0  0      0 3338488  81136 2410884    0    0     0   100 23379 39384  5 14 81  0  0
 2  0      0 3338488  81136 2410988    0    0     0   428 23829 40556  2 17 81  0  0
 0  0      0 3340168  81136 2411064    0    0     0   204 23165 38966  2 15 84  0  0
 1  0      0 3339692  81136 2411180    0    0     0     0 23199 39306  3 14 83  0  0
 0  0      0 3339468  81144 2411256    0    0     0  1152 23692 40097  1 15 82  1  0
procs -----------memory---------- ---swap-- -----io---- -system-- ------cpu-----
 r  b   swpd   free   buff  cache   si   so    bi    bo   in   cs us sy id wa st
 0  0      0 3322932  81164 2411700    0    0   128  1388 27018 47304  9 23 66  2  0
 6  0      0 3288084  81196 2413824    0    0     0  1948 26601 48724 18 29 51  2  0
 3  0      0 3169544  81220 2415372    0    0     0  1484 21907 38386 28 19 53  1  0
 3  0      0 2993200  81220 2416212    0    0     0     4 20285 35278 29 16 55  0  0
 2  0      0 2933056  81220 2416572    0    0     0   980 19607 33996 30 13 56  0  0
 2  0      0 2902008  81220 2417188    0    0     0  1172 20028 34329 30 14 56  0  0
 5  3      0 2877828  81224 2417576    0    0     0   748 19814 34361 29 14 56  0  0
 3  0      0 2773608  81240 2430032    0    0     0  1040 28818 45660 28 25 44  3  0
 3  1      0 2370420  81252 2449304    0    0 17444  1912 23914 43213 32 23 37  7  0
 3  0      0 1939276  81264 2454788    0    0     0   828 21144 37460 29 25 44  2  0
 4  0      0 1773772  81264 2459244    0    0     0     0 23112 37760 31 21 46  3  0
 3  0      0 1720716  81264 2464648    0    0     0     8 23531 38799 32 21 45  2  0
 3  0      0 1688976  81264 2470148    0    0     0    84 23415 38326 32 17 48  3  0
 3  1      0 1643340  81264 2475244    0    0     0   516 24040 39044 32 18 47  3  0
 3  0      0 1609732  81268 2480112    0    0     0   604 24067 39387 31 19 47  3  0
 5  0      0 1495048  81268 2498324    0    0     0     4 31109 46838 24 22 49  4  0
 2  0      0 1079452  81268 2503096    0    0     0     0 22579 37982 25 20 52  3  0
 3  0      0 1042156  81268 2508220    0    0     0  2004 25979 42063 22 22 53  4  0
 2  0      0 1015976  81268 2513104    0    0     0   324 23655 39369 28 18 51  3  0
 2  0      0 1732948  81272 2516228    0    0   184   748 19995 35157 30 20 48  3  0
 1  1      0 2453192  81272 2517820    0    0     0     8 20997 36375 21 16 61  1  0
procs -----------memory---------- ---swap-- -----io---- -system-- ------cpu-----
 r  b   swpd   free   buff  cache   si   so    bi    bo   in   cs us sy id wa st
 3  1      0 2441776  81272 2518828    0    0     0     4 24251 40654 12 18 69  1  0
 1  0      0 2432968  81272 2520116    0    0     0     0 23394 39816 11 17 71  1  0
 0  0      0 2422384  81272 2521504    0    0     0   176 25336 42516 12 17 69  1  0
 0  0      0 2417876  81276 2522596    0    0     0   760 23895 40129 10 15 73  1  0
 2  1      0 2408832  81276 2524048    0    0     0   304 24034 40276 11 17 72  1  0
 2  0      0 2398780  81276 2525204    0    0     0     8 22922 39170  9 17 73  1  0
 1  0      0 2616564  81276 2525852    0    0     0     8 19659 35962 17 14 69  0  0
 1  0      0 3209688  81276 2526088    0    0     0    32 22389 38946  2 19 78  0  0
 1  0      0 3209688  81284 2526144    0    0     0   760 24748 41474  2 16 82  0  0
 1  0      0 3209464  81284 2526268    0    0     0   244 23428 39619  1 14 85  0  0
 0  0      0 3209464  81284 2526376    0    0     0    24 23248 39494  3 16 82  0  0
 0 86      0 3198732  81284 2524220    0    0     0  3096 25006 42154  3 17 51 28  0
 1  0      0 3202188  81312 2524064    0    0     0  2760 26034 41549  5 23 47 25  0
 2  0      0 3202200  81312 2523880    0    0     0   100 19511 31155  3 20 77  0  0
 0  0      0 3202460  81312 2523980    0    0     0     0 20807 34980  1 14 85  0  0
 0  0      0 3202460  81312 2524064    0    0     0     0 23041 38951  3 13 84  0  0
 1  0      0 3202460  81312 2524160    0    0     0     0 23435 39714  2 15 83  0  0
 1  0      0 3202460  81312 2524268    0    0     0   564 24720 41720  3 16 82  0  0
 0  0      0 3202236  81312 2524368    0    0     0   576 24073 39819  1 14 84  0  0
 0  0      0 3202236  81312 2524464    0    0     0     0 23347 39586  2 14 84  0  0
 0  0      0 3202236  81312 2524584    0    0     0     0 23598 39724  3 16 82  0  0
procs -----------memory---------- ---swap-- -----io---- -system-- ------cpu-----
 r  b   swpd   free   buff  cache   si   so    bi    bo   in   cs us sy id wa st
 4  0      0 3201984  81312 2524696    0    0     0     0 23328 39547  2 15 83  0  0
 1  0      0 3201984  81316 2524808    0    0     0   540 23717 40397  3 15 82  0  0
 0  0      0 3201984  81316 2524936    0    0     0   600 23431 39748  2 14 84  0  0
 0  0      0 3201984  81316 2525016    0    0     0     8 22892 39109  2 15 84  0  0
 1  0      0 3201760  81316 2525108    0    0     0     0 23036 39612  2 15 83  0  0
 2  0      0 3201760  81316 2525200    0    0     0     0 22957 39302  2 15 84  0  0
 0  0      0 3203808  81324 2525312    0    0     0   540 24224 40392  3 16 81  1  0
 0  0      0 3203568  81324 2525416    0    0     0   156 23260 39438  2 14 84  0  0
 3  0      0 3205780  81324 2525516    0    0     0   436 23995 40103  1 15 84  0  0
 0  0      0 3205556  81324 2525636    0    0     0     4 23411 39613  3 15 82  0  0
 1  0      0 3205304  81324 2525748    0    0     0     0 23023 39377  2 15 84  0  0
 1  2      0 3205304  81332 2525848    0    0     0  1216 24785 42063  2 16 79  2  0
 0  0      0 3205056  81332 2525988    0    0     0    84 23973 40286  2 15 82  2  0
 2  0      0 3204816  81332 2526060    0    0     0   580 24111 40084  2 15 83  0  0
 3  0      0 3204564  81332 2526164    0    0     0    24 23171 39530  2 16 82  0  0
 0  0      0 3204312  81344 2526276    0    0     0   536 23465 39798  2 14 84  1  0
 5  0      0 3204312  81344 2526364    0    0     0     0 23903 40190  2 15 83  0  0
 0  0      0 3204312  81344 2526468    0    0     0   104 23517 39375  2 14 84  0  0
 2  0      0 3204312  81344 2526572    0    0     0   116 23708 39759  2 15 84  0  0
 1  0      0 3204312  81344 2526680    0    0     0   456 23458 39675  2 16 81  0  0
 1  0      0 3204312  81352 2526780    0    0     0   432 22666 39018  3 14 83  0  0
procs -----------memory---------- ---swap-- -----io---- -system-- ------cpu-----
 r  b   swpd   free   buff  cache   si   so    bi    bo   in   cs us sy id wa st
 1  0      0 3204312  81352 2526896    0    0     0     4 23575 39986  3 14 83  0  0
 0  0      0 3204312  81352 2527008    0    0     0  1932 23898 40151  1 15 84  0  0
 0  0      0 3204312  81352 2527092    0    0     0     0 23624 39764  2 14 84  0  0
 0  0      0 3215940  81352 2519000    0    0     0   564 24216 40454  2 15 83  0  0
 1  0      0 3210372  81360 2519108    0    0     0   904 24385 41219  2 16 80  1  0
 1  0      0 3210372  81360 2519196    0    0     0     8 24365 41299  3 14 83  0  0
 3  0      0 3208456  81360 2519300    0    0     0     8 23212 39463  2 15 83  0  0
 0  0      0 3208208  81360 2519424    0    0     0     8 23149 39482  1 15 84  0  0
 2  0      0 3208208  81360 2519528    0    0     0    48 23133 39106  2 15 82  0  0
 0  0      0 3208208  81364 2519636    0    0     0   880 23886 40331  3 14 82  1  0
 3  0      0 3198504  81364 2519768    0    0     0     0 23832 40170  3 15 82  0  0
