procs -----------memory---------- ---swap-- -----io---- -system-- ------cpu-----
 r  b   swpd   free   buff  cache   si   so    bi    bo   in   cs us sy id wa st
 4  0      0 4032460 157640 2010900    0    0     7     3    2    3  1  2 97  0  0
 0  0      0 4029560 157640 2010872    0    0     0     0 5737 9415 13  7 80  0  0
 0  0      0 4029560 157640 2010888    0    0     0    92 1962 2509  3  3 94  0  0
 0  0      0 4029320 157640 2010896    0    0     0     0 1651 2035  2  1 97  0  0
 0  0      0 4029096 157640 2010896    0    0     0    12 1775 2413  1  1 98  0  0
 0  0      0 4028844 157640 2010904    0    0     0    12 3117 4756  2  3 94  0  0
 0  0      0 4028844 157640 2010912    0    0     0    24 1970 2580  1  2 97  0  0
 0  0      0 4028604 157640 2010912    0    0     0   120 2334 3232  1  2 96  1  0
 0  0      0 4028604 157640 2010928    0    0     0     0 1933 2588  1  1 98  0  0
 0  0      0 4028380 157640 2010928    0    0     0     0 1882 2590  1  2 97  0  0
 0  0      0 4028380 157640 2010940    0    0     0    16 2132 2938  1  2 97  0  0
 0  0      0 4028380 157640 2010940    0    0     0    16 1870 2529  1  2 97  0  0
 0  0      0 4028140 157640 2010948    0    0     0    88 2080 2841  5  3 92  0  0
 0  0      0 4028140 157640 2010952    0    0     0     0 2272 3138  1  2 97  0  0
 0  0      0 4028140 157640 2010956    0    0     0     0 1620 2119  1  1 97  0  0
 0  0      0 4028140 157640 2010960    0    0     0     0 3012 4559  2  3 95  0  0
 2  0      0 4028140 157640 2010968    0    0     0    16 1925 2585  1  2 97  0  0
 0  0      0 4028140 157640 2010976    0    0     0    88 2975 4400  2  2 96  0  0
 0  0      0 4028140 157640 2010980    0    0     0    28 1636 2026  1  2 98  0  0
 0  0      0 4028140 157640 2010988    0    0     0     0 1447 1769  1  1 98  0  0
 0  0      0 4027888 157640 2010992    0    0     0    20 1946 2579  2  2 97  0  0
procs -----------memory---------- ---swap-- -----io---- -system-- ------cpu-----
 r  b   swpd   free   buff  cache   si   so    bi    bo   in   cs us sy id wa st
 0  0      0 4027888 157640 2010996    0    0     0    24 1438 1793  1  1 98  0  0
 0  0      0 4027888 157640 2011004    0    0     0    64 2129 2843  2  3 95  0  0
 2  0      0 4027888 157640 2011008    0    0     0     8 1420 1829  1  1 98  0  0
 0  0      0 4027664 157640 2011016    0    0     0    28 2347 3306  2  1 97  0  0
 0  0      0 4027424 157640 2011028    0    0     0     8 3329 5201  2  3 95  0  0
 0  0      0 4027424 157640 2011032    0    0     0     0 1586 2025  1  2 98  0  0
 0  0      0 4027424 157640 2011040    0    0     0   136 2624 3839  4  2 94  0  0
 0  0      0 4027424 157640 2011040    0    0     0     0 2117 3063  1  2 97  0  0
 0  0      0 4027424 157640 2011044    0    0     0     8 1782 2386  1  1 98  0  0
 0  0      0 4027424 157640 2011056    0    0     0    28 2180 2992  2  2 96  0  0
 0  0      0 4027424 157640 2011060    0    0     0     0 1734 2311  2  2 97  0  0
 0  0      0 4027172 157640 2011068    0    0     0    88 2076 2721  2  3 95  0  0
 0  0      0 4026948 157640 2011072    0    0     0     0 2387 3305  2  2 96  0  0
 0  0      0 4026948 157640 2011080    0    0     0     0 2069 2883  1  2 97  0  0
 0  0      0 4026948 157640 2011080    0    0     0    32 3149 4788  2  3 95  0  0
 0  0      0 4026948 157640 2011092    0    0     0     4 1869 2521  1  2 97  0  0
 0  0      0 4026948 157640 2011092    0    0     0   120 3167 4771  2  3 96  0  0
 0  0      0 4026708 157640 2011104    0    0     0    28 1864 2498  1  2 97  0  0
 0  0      0 4026708 157640 2011104    0    0     0     0 1501 1818  1  1 98  0  0
 0  0      0 4026708 157640 2011108    0    0     0    20 2371 3296  2  3 96  0  0
 0  0      0 4026708 157640 2011116    0    0     0     8 1719 2176  2  2 96  0  0
procs -----------memory---------- ---swap-- -----io---- -system-- ------cpu-----
 r  b   swpd   free   buff  cache   si   so    bi    bo   in   cs us sy id wa st
 0  0      0 4026708 157640 2011128    0    0     0    80 2249 2948  2  3 94  0  0
 0  0      0 4026708 157640 2011132    0    0     0    20 1611 2084  1  1 98  0  0
 0  0      0 4026708 157640 2011144    0    0     0     0 1626 2134  1  1 98  0  0
 0  0      0 4026484 157640 2011144    0    0     0    24 3453 5374  2  3 95  0  0
 0  0      0 4026484 157640 2011156    0    0     0     0 1755 2359  1  2 98  0  0
 0  0      0 4026484 157640 2011156    0    0     0   132 2461 3651  2  2 96  0  0
 0  0      0 4026484 157640 2011160    0    0     0    12 1853 2451  1  2 97  0  0
 0  0      0 4026484 157640 2011164    0    0     0    12 1934 2700  1  2 97  0  0
 0  0      0 4026484 157640 2011176    0    0     0    12 2065 2749  1  2 97  0  0
 0  0      0 4026484 157640 2011188    0    0     0    20 1651 2124  1  2 97  0  0
 0  0      0 4026232 157640 2011192    0    0     0    72 2043 2820  2  3 95  0  0
 0  0      0 4026008 157640 2011200    0    0     0   168 3592 5519  4  3 93  0  0
 1  0      0 4009180 157644 2011276    0    0     0   988 7983 12958 10 10 78  2  0
 1  0      0 4012620 157644 2012880    0    0     0   592 7919 13238 11 13 75  2  0
 1  0      0 3886364 157644 2013100    0    0     0    28 2845 3362 15  4 81  0  0
 1  0      0 3822984 157644 2013204    0    0     0   504 3058 3669 17  3 81  0  0
 1  0      0 3814428 157644 2013560    0    0     0     4 2192 2318 17  2 81  0  0
 1  0      0 3800332 157644 2013808    0    0     0    16 2081 2064 16  2 82  0  0
 1  0      0 3787240 157644 2013892    0    0     0   188 2240 2434 16  3 80  0  0
 1  0      0 3769852 157644 2013952    0    0     0    24 2006 1873 16  2 82  0  0
 1  0      0 3764308 157644 2014148    0    0     0     4 2393 2579 16  4 80  0  0
procs -----------memory---------- ---swap-- -----io---- -system-- ------cpu-----
 r  b   swpd   free   buff  cache   si   so    bi    bo   in   cs us sy id wa st
 1  0      0 3752980 157644 2014220    0    0     0     0 2152 2192 16  2 82  0  0
 1  0      0 3744676 157644 2014372    0    0     0     0 2015 2337 17  2 81  0  0
 1  0      0 3730312 157644 2014520    0    0     0   440 3281 4670 17  3 80  0  0
 1  0      0 3728740 157644 2014656    0    0     0    28 1795 2169 17  3 80  0  0
 1  0      0 3725212 157644 2014744    0    0     0     0 2534 3464 17  2 81  0  0
 1  0      0 3711804 157644 2014824    0    0     0     0 2074 2706 17  2 81  0  0
 1  0      0 3706012 157644 2014960    0    0     0     0 1679 1913 16  2 81  0  0
 1  0      0 3696952 157644 2015080    0    0     0    80 2202 2801 17  2 81  0  0
 1  0      0 3693424 157644 2015216    0    0     0    44 1883 2304 17  2 81  0  0
 1  0      0 3686380 157644 2015276    0    0     0     4 2333 3071 17  3 80  0  0
 1  0      0 3449920 157644 2029040    0    0     0     0 6254 6784 10 10 79  2  0
 0  0      0 3255632 157644 2031144    0    0     0     0 3263 3637 11  5 84  0  0
 0  0      0 3236516 157644 2035476    0    0     0   168 5054 6526 12  5 83  1  0
 0  0      0 3221872 157644 2039488    0    0     0    48 3943 4343 12  3 85  1  0
 0  0      0 3212640 157644 2042840    0    0     0  5308 4198 5270 12  4 84  0  0
 0  0      0 3204936 157644 2045036    0    0     0     4 3156 3400 13  3 84  0  0
 0  0      0 3188856 157644 2048820    0    0     0     0 3416 3595 12  3 85  0  0
 0  0      0 3176696 157644 2051764    0    0     0   184 3710 4431 11  4 84  1  0
 0  0      0 3170920 157644 2053580    0    0     0    16 2539 2963 15  2 83  0  0
 0  0      0 3155944 157644 2057560    0    0     0    44 4169 4967 13  4 83  1  0
 1  0      0 3233736 157644 2059528    0    0     0     8 2375 2742 15  3 82  0  0
procs -----------memory---------- ---swap-- -----io---- -system-- ------cpu-----
 r  b   swpd   free   buff  cache   si   so    bi    bo   in   cs us sy id wa st
 1  0      0 3233620 157644 2059532    0    0     0     4 1544 1980 17  1 82  0  0
 1  0      0 3235784 157644 2059536    0    0     0   104 3172 4675 18  3 80  0  0
 0  0      0 3975776 157644 2059540    0    0     0    28 1836 2142  6  7 87  0  0
 0  0      0 3975780 157644 2059548    0    0     0     4 2148 3008  2  2 96  0  0
 0  0      0 3975780 157644 2059548    0    0     0    24 1592 2054  1  2 97  0  0
 0  0      0 3975780 157644 2059564    0    0     0     8 1368 1731  1  2 97  0  0
 0  0      0 3975528 157644 2059564    0    0     0    84 2011 2680  1  2 97  0  0
 0  0      0 3975528 157644 2059576    0    0     0     0 1571 2014  2  2 97  0  0
 0  0      0 3975532 157644 2059576    0    0     0    20 2101 2890  2  3 95  0  0
 0  0      0 3975292 157644 2059588    0    0     0     0 1531 1852  1  2 97  0  0
 1  0      0 3975464 157644 2059592    0    0     0    24 2419 3416  1  2 97  0  0
 2  0      0 3975336 157644 2059604    0    0     0    88 3397 5136  3  4 93  0  0
 0  0      0 3975336 157644 2059608    0    0     0     4 1606 1922  1  2 97  0  0
